,area,equivalent_diameter,centroid_x,centroid_y,orientation,major_axis_length,minor_axis_length,perimeter
1,25,1.1283791670955126,290.0,1.0,45.00001609038752,0.0,0.0,0.0
2,25,1.1283791670955126,1647.0,1.0,45.00001609038752,0.0,0.0,0.0
3,100,2.256758334191025,8511.5,1.5,45.00001609038752,2.0,2.0,4.0
4,25,1.1283791670955126,289.0,2.0,45.00001609038752,0.0,0.0,0.0
5,25,1.1283791670955126,4357.0,2.0,45.00001609038752,0.0,0.0,0.0
6,275,3.742410318509555,4339.090909090909,5.363636363636363,-85.26886938506854,5.529681747206153,2.539175685738357,9.621320343559642
7,50,1.5957691216057308,4357.0,4.5,0.0,2.0,0.0,0.0
8,50,1.5957691216057308,276.5,5.0,90.00003218077504,2.0,0.0,0.0
9,150,2.763953195770684,333.1666666666667,5.333333333333333,-77.06684915928662,4.363338213437162,1.65500979239906,5.0
10,50,1.5957691216057308,4343.5,5.0,90.00003218077504,2.0,0.0,0.0
11,25,1.1283791670955126,7603.0,5.0,45.00001609038752,0.0,0.0,0.0
12,25,1.1283791670955126,275.0,6.0,45.00001609038752,0.0,0.0,0.0
13,25,1.1283791670955126,336.0,6.0,45.00001609038752,0.0,0.0,0.0
14,25,1.1283791670955126,339.0,6.0,45.00001609038752,0.0,0.0,0.0
15,25,1.1283791670955126,4099.0,6.0,45.00001609038752,0.0,0.0,0.0
16,150,2.763953195770684,279.1666666666667,8.666666666666666,77.06684915928662,4.363338213437162,1.65500979239906,5.0
17,2375,10.998079684646791,291.61052631578946,13.021052631578947,86.02054210082744,19.58732276565944,13.944533978269384,76.79898987322333
18,450,4.787307364817192,1641.4444444444443,8.61111111111111,-88.35573170536608,12.457386438699386,1.9177384200596344,17.0
19,525,5.170882945826411,3972.285714285714,9.0,82.99792129513382,10.109045190519835,2.781937836319038,18.242640687119284
20,20275,32.13405157741889,4021.139334155364,22.041923551171394,80.44801993623318,53.212729511266566,26.647029973594346,302.5452018978108
21,800,6.383076486422923,4008.0625,8.8125,89.77948949557415,17.774759377870293,2.726339864875985,27.485281374238568
22,50,1.5957691216057308,4018.5,8.0,90.00003218077504,2.0,0.0,0.0
23,75,1.9544100476116797,4039.3333333333335,8.666666666666666,-45.00001609038752,2.3094010767585034,1.3333333333333333,3.414213562373095
24,200,3.1915382432114616,4053.375,8.625,-81.3230167600557,5.321869122843981,1.7826129808008924,7.0
25,275,3.742410318509555,4060.090909090909,8.727272727272727,78.01878340942224,5.605660895752664,2.8251592166664476,9.414213562373096
26,3850,14.002817212590296,4078.051948051948,11.058441558441558,-88.79221284358714,31.32992922556588,7.239864124780696,83.18376618407356
27,275,3.742410318509555,4294.636363636364,9.0,86.01164636090839,6.895047047777544,2.3696731847076733,9.621320343559642
28,100,2.256758334191025,4303.5,8.5,45.00001609038752,2.0,2.0,4.0
29,150,2.763953195770684,4307.5,9.0,0.0,3.265986323710904,2.0,6.0
30,250,3.5682482323055424,4340.8,9.0,86.75849417526899,5.886477511068065,2.5118484253015554,8.242640687119286
31,25,1.1283791670955126,8359.0,8.0,45.00001609038752,0.0,0.0,0.0
32,175,2.985410660720923,8361.0,9.0,45.00001609038752,3.7032803990902057,2.138089935299395,6.82842712474619
33,50,1.5957691216057308,8430.5,8.0,90.00003218077504,2.0,0.0,0.0
34,750,6.180387232371033,8439.3,8.966666666666667,-89.73115480381668,17.743545991131377,2.824086498231697,27.48528137423857
35,275,3.742410318509555,8483.545454545454,8.545454545454545,87.69006961398529,5.753305411319955,2.614069842524715,10.242640687119284
36,50,1.5957691216057308,1633.5,9.0,90.00003218077504,2.0,0.0,0.0
37,50,1.5957691216057308,3675.0,9.5,0.0,2.0,0.0,0.0
38,50,1.5957691216057308,3966.5,9.0,90.00003218077504,2.0,0.0,0.0
39,25,1.1283791670955126,298.0,10.0,45.00001609038752,0.0,0.0,0.0
40,25,1.1283791670955126,8479.0,10.0,45.00001609038752,0.0,0.0,0.0
41,150,2.763953195770684,476.1666666666667,13.0,-36.86991082919827,3.8297084310253524,1.8856180831641272,6.207106781186548
42,50,1.5957691216057308,1678.0,12.5,0.0,2.0,0.0,0.0
43,225,3.385137501286538,1689.3333333333333,12.88888888888889,-71.5650767661759,4.786813161897337,2.666666666666667,8.207106781186548
44,425,4.652426491681278,3983.294117647059,12.764705882352942,-89.5109692087805,9.871477218572553,2.5762341714025245,15.035533905932738
45,500,5.046265044040321,4034.2,13.1,-89.32834523940502,10.16725776811718,2.797654281118531,18.242640687119284
46,725,6.076507779746499,4056.5862068965516,12.96551724137931,-89.44259545474895,12.09292680219223,3.0573400617812423,22.82842712474619
47,275,3.742410318509555,4095.818181818182,12.909090909090908,80.72819419716322,7.075996745762577,2.448751877270696,10.82842712474619
48,800,6.383076486422923,8360.0625,15.09375,-70.7116573661906,9.764471230945299,7.41296004171354,28.278174593052025
49,25,1.1283791670955126,1530.0,14.0,45.00001609038752,0.0,0.0,0.0
50,25,1.1283791670955126,3072.0,15.0,45.00001609038752,0.0,0.0,0.0
51,500,5.046265044040321,1535.0,16.85,-88.99282724843283,13.684160869796585,2.276783101116123,18.621320343559642
52,150,2.763953195770684,3678.5,17.0,0.0,3.265986323710904,2.0,6.0
53,7900,20.0585068271871,3982.1962025316457,34.55696202531646,-12.957039756819107,43.15286577364705,18.31642562711446,178.71067811865476
54,1275,8.058239062071396,4054.4117647058824,18.333333333333332,-84.79960963837732,14.677945453607979,6.972543031262566,41.14213562373095
55,2625,11.562445770562215,4095.1428571428573,22.238095238095237,22.28893173576588,19.070730678968985,11.80909072115549,73.04163056034261
56,100,2.256758334191025,8451.75,16.75,71.5650767661759,3.4641016151377544,1.4142135623730951,3.2071067811865475
57,225,3.385137501286538,8457.444444444445,17.11111111111111,63.43497150498664,4.618802153517006,2.351778943168525,7.621320343559642
58,75,1.9544100476116797,1707.0,17.0,90.00003218077504,3.265986323710904,0.0,1.0
59,25,1.1283791670955126,8455.0,18.0,45.00001609038752,0.0,0.0,0.0
60,675,5.863230142835039,1547.6296296296296,20.85185185185185,88.43313057256687,18.582680843009843,2.9797248307196855,25.485281374238568
61,450,4.787307364817192,3929.5,20.77777777777778,-88.1946706141405,8.24960819804455,3.405625576367797,14.485281374238571
62,25,1.1283791670955126,3979.0,19.0,45.00001609038752,0.0,0.0,0.0
63,225,3.385137501286538,8361.222222222223,20.444444444444443,-83.07968196047885,5.930683586735781,2.664319262456064,9.414213562373096
64,725,6.076507779746499,8462.241379310344,20.82758620689655,-89.73051040623086,14.842971720698417,3.162669857785304,25.65685424949238
65,200,3.1915382432114616,286.125,20.875,76.24402595019616,5.592857867650027,2.054249466901523,8.414213562373096
66,25,1.1283791670955126,491.0,20.0,45.00001609038752,0.0,0.0,0.0
67,225,3.385137501286538,1530.4444444444443,21.666666666666668,34.57278334219488,4.132908103676025,2.8640916926406166,7.8639610306789285
68,325,4.068428945128219,1535.8461538461538,21.0,78.18027941243105,8.136150213859537,2.19293795107767,13.207106781186548
69,25,1.1283791670955126,1706.0,20.0,45.00001609038752,0.0,0.0,0.0
70,100,2.256758334191025,2240.5,20.5,45.00001609038752,2.0,2.0,4.0
71,100,2.256758334191025,3633.25,20.75,-18.43495541459913,3.4641016151377544,1.4142135623730951,3.2071067811865475
72,225,3.385137501286538,3679.6666666666665,20.666666666666668,76.71750184288084,4.708788181923399,2.504347879633133,8.207106781186548
73,200,3.1915382432114616,3935.75,21.0,-75.96378369399086,4.898979485566356,2.6457513110645907,7.207106781186548
74,25,1.1283791670955126,3939.0,20.0,45.00001609038752,0.0,0.0,0.0
75,100,2.256758334191025,3942.0,20.75,90.00003218077504,2.8284271247461903,1.7320508075688772,4.621320343559642
76,800,6.383076486422923,3955.53125,22.75,-46.658437044157594,11.550968239434678,8.034893137532778,30.692388155425117
77,1800,9.574614729634384,3967.1944444444443,27.26388888888889,31.836441146653446,17.59713069976239,6.46010576106321,49.07716446627535
78,275,3.742410318509555,3970.5454545454545,21.181818181818183,48.971753415833156,4.533315962095487,3.0114583009821128,9.65685424949238
79,225,3.385137501286538,3976.0,21.0,45.00001609038752,3.265986323710904,3.265986323710904,8.0
80,200,3.1915382432114616,3997.625,20.75,-70.67012114204893,4.1204045563213505,2.4025541184843804,7.035533905932738
81,75,1.9544100476116797,4001.6666666666665,20.333333333333332,-45.00001609038752,2.3094010767585034,1.3333333333333333,3.414213562373095
82,100,2.256758334191025,4062.25,20.75,-71.5650767661759,3.4641016151377544,1.4142135623730951,3.2071067811865475
83,100,2.256758334191025,4214.75,20.75,71.5650767661759,3.4641016151377544,1.4142135623730951,3.2071067811865475
84,150,2.763953195770684,8471.5,21.0,0.0,3.265986323710904,2.0,6.0
85,22898475,1079.9119201884848,8551.916940975327,1012.4574878894773,7.621320357953498,2510.214518532039,616.5065632066486,11471.785094252818
86,50,1.5957691216057308,1709.5,21.0,90.00003218077504,2.0,0.0,0.0
87,25,1.1283791670955126,2685.0,21.0,45.00001609038752,0.0,0.0,0.0
88,75,1.9544100476116797,3923.0,21.0,90.00003218077504,3.265986323710904,0.0,1.0
89,50,1.5957691216057308,4087.5,21.0,90.00003218077504,2.0,0.0,0.0
90,25,1.1283791670955126,8316.0,21.0,45.00001609038752,0.0,0.0,0.0
91,25,1.1283791670955126,8532.0,21.0,45.00001609038752,0.0,0.0,0.0
92,25,1.1283791670955126,1708.0,22.0,45.00001609038752,0.0,0.0,0.0
93,25,1.1283791670955126,4048.0,22.0,45.00001609038752,0.0,0.0,0.0
94,25,1.1283791670955126,4054.0,22.0,45.00001609038752,0.0,0.0,0.0
95,25,1.1283791670955126,4360.0,22.0,45.00001609038752,0.0,0.0,0.0
96,25,1.1283791670955126,8357.0,22.0,45.00001609038752,0.0,0.0,0.0
97,25,1.1283791670955126,8533.0,22.0,45.00001609038752,0.0,0.0,0.0
98,50,1.5957691216057308,11219.5,22.0,90.00003218077504,2.0,0.0,0.0
99,25,1.1283791670955126,1534.0,23.0,45.00001609038752,0.0,0.0,0.0
100,25,1.1283791670955126,1707.0,23.0,45.00001609038752,0.0,0.0,0.0
101,175,2.985410660720923,3682.0,24.285714285714285,90.00003218077504,3.0237157840738176,2.799416848895061,6.82842712474619
102,25,1.1283791670955126,3957.0,23.0,45.00001609038752,0.0,0.0,0.0
103,25,1.1283791670955126,4059.0,23.0,45.00001609038752,0.0,0.0,0.0
104,25,1.1283791670955126,8358.0,23.0,45.00001609038752,0.0,0.0,0.0
105,25,1.1283791670955126,11218.0,23.0,45.00001609038752,0.0,0.0,0.0
106,25,1.1283791670955126,11221.0,23.0,45.00001609038752,0.0,0.0,0.0
107,525,5.170882945826411,1512.2380952380952,26.714285714285715,-45.580882483278565,8.490970984693968,3.851378578185305,18.863961030678926
108,25,1.1283791670955126,1533.0,24.0,45.00001609038752,0.0,0.0,0.0
109,650,5.753627391751592,1536.7307692307693,26.0,-84.09057015306335,6.625006159907505,5.645582962870625,18.82842712474619
110,4350,14.884343478431232,1548.4080459770114,35.0,16.145506816203905,25.08450436111425,10.243593258932757,83.14823227814082
111,25,1.1283791670955126,1585.0,24.0,45.00001609038752,0.0,0.0,0.0
112,1300,8.136857890256438,1642.1538461538462,26.46153846153846,-89.08541013061726,11.69936410097049,6.812842318836191,35.798989873223334
113,3200,12.766152972845846,2245.1953125,35.65625,6.326507075117569,25.430012201781363,7.996155504662915,74.94112549695427
114,25,1.1283791670955126,2684.0,24.0,45.00001609038752,0.0,0.0,0.0
115,800,6.383076486422923,3924.3125,26.9375,36.63520122258648,7.9358603140497985,6.355872959388776,22.035533905932738
116,400,4.51351666838205,3930.1875,26.1875,-13.392502542428401,6.324555320336759,3.29772648956823,13.449747468305832
117,200,3.1915382432114616,3935.625,25.125,-52.28015650318237,6.529835610733152,1.6915220651239518,7.207106781186548
118,1050,7.312732791431452,3959.309523809524,29.904761904761905,-15.57074354564126,12.623808091197052,9.034828797943385,31.449747468305834
119,175,2.985410660720923,3987.1428571428573,25.714285714285715,-18.43495541459913,4.27617987059879,2.285714285714286,7.414213562373095
120,75,1.9544100476116797,3996.6666666666665,24.333333333333332,-45.00001609038752,2.3094010767585034,1.3333333333333333,3.414213562373095
121,25,1.1283791670955126,4047.0,24.0,45.00001609038752,0.0,0.0,0.0
122,2000,10.092530088080641,4053.75,27.9875,47.17411211782461,12.65829043779006,10.107679416787652,48.248737341529164
123,50,1.5957691216057308,4060.5,24.0,90.00003218077504,2.0,0.0,0.0
124,125,2.5231325220201604,4063.8,24.6,71.5650767661759,3.098386676965933,1.7888543819998317,5.207106781186548
125,1175,7.735777827895049,4065.7872340425533,29.5531914893617,-25.86646991234926,11.901534414200514,6.375557181910813,31.935028842544405
126,5000,15.957691216057308,8354.96,34.42,16.357915648365896,27.269010641923195,16.471583366837557,142.01828996322965
127,25,1.1283791670955126,11211.0,24.0,45.00001609038752,0.0,0.0,0.0
128,25,1.1283791670955126,11222.0,24.0,45.00001609038752,0.0,0.0,0.0
129,25,1.1283791670955126,1531.0,25.0,45.00001609038752,0.0,0.0,0.0
130,50,1.5957691216057308,1576.0,25.5,0.0,2.0,0.0,0.0
131,50,1.5957691216057308,1671.0,25.5,0.0,2.0,0.0,0.0
132,75,1.9544100476116797,2686.0,25.0,90.00003218077504,3.265986323710904,0.0,1.0
133,725,6.076507779746499,3939.0344827586205,27.448275862068964,-60.171645957336565,10.213298106053518,4.398959942364706,22.899494936611667
134,50,1.5957691216057308,4001.5,25.0,90.00003218077504,2.0,0.0,0.0
135,150,2.763953195770684,4090.6666666666665,26.166666666666668,12.93318302148842,4.363338213437162,1.65500979239906,5.0
136,25,1.1283791670955126,11209.0,25.0,45.00001609038752,0.0,0.0,0.0
137,25,1.1283791670955126,11223.0,25.0,45.00001609038752,0.0,0.0,0.0
138,100,2.256758334191025,1529.5,26.5,45.00001609038752,2.0,2.0,4.0
139,25,1.1283791670955126,3971.0,26.0,45.00001609038752,0.0,0.0,0.0
140,350,4.222008245644752,3998.0,28.0,-34.721989805543195,5.610602590027209,3.4568352586363433,12.449747468305832
141,25,1.1283791670955126,4102.0,26.0,45.00001609038752,0.0,0.0,0.0
142,225,3.385137501286538,4346.333333333333,28.555555555555557,0.9440943409446514,6.286170391954507,1.8830268713898473,9.621320343559642
143,25,1.1283791670955126,11208.0,26.0,45.00001609038752,0.0,0.0,0.0
144,25,1.1283791670955126,11224.0,26.0,45.00001609038752,0.0,0.0,0.0
145,50,1.5957691216057308,1716.0,27.5,0.0,2.0,0.0,0.0
146,25,1.1283791670955126,4996.0,27.0,45.00001609038752,0.0,0.0,0.0
147,25,1.1283791670955126,11207.0,27.0,45.00001609038752,0.0,0.0,0.0
148,25,1.1283791670955126,464.0,28.0,45.00001609038752,0.0,0.0,0.0
149,125,2.5231325220201604,1531.4,29.6,20.993613754469656,4.34169545110285,1.27658944452507,4.207106781186548
150,25,1.1283791670955126,2238.0,28.0,45.00001609038752,0.0,0.0,0.0
151,150,2.763953195770684,2685.3333333333335,28.666666666666668,-45.00001609038752,3.6514837167011076,2.10818510677892,5.414213562373095
152,125,2.5231325220201604,3919.0,29.0,31.71748575249332,4.093338188813542,1.5635160606788385,5.414213562373095
153,50,1.5957691216057308,8531.0,28.5,0.0,2.0,0.0,0.0
154,25,1.1283791670955126,8712.0,28.0,45.00001609038752,0.0,0.0,0.0
155,50,1.5957691216057308,8729.0,28.5,0.0,2.0,0.0,0.0
156,25,1.1283791670955126,11206.0,28.0,45.00001609038752,0.0,0.0,0.0
157,50,1.5957691216057308,400.0,29.5,0.0,2.0,0.0,0.0
158,25,1.1283791670955126,402.0,29.0,45.00001609038752,0.0,0.0,0.0
159,25,1.1283791670955126,1528.0,29.0,45.00001609038752,0.0,0.0,0.0
160,25,1.1283791670955126,1584.0,29.0,45.00001609038752,0.0,0.0,0.0
161,25,1.1283791670955126,1595.0,29.0,45.00001609038752,0.0,0.0,0.0
162,25,1.1283791670955126,1670.0,29.0,45.00001609038752,0.0,0.0,0.0
163,25,1.1283791670955126,1713.0,29.0,45.00001609038752,0.0,0.0,0.0
164,100,2.256758334191025,2239.75,29.25,-71.5650767661759,3.4641016151377544,1.4142135623730951,3.2071067811865475
165,25,1.1283791670955126,2284.0,29.0,45.00001609038752,0.0,0.0,0.0
166,25,1.1283791670955126,3932.0,29.0,45.00001609038752,0.0,0.0,0.0
167,25,1.1283791670955126,3942.0,29.0,45.00001609038752,0.0,0.0,0.0
168,75,1.9544100476116797,4000.6666666666665,29.666666666666668,45.00001609038752,2.3094010767585034,1.3333333333333333,3.414213562373095
169,25,1.1283791670955126,4101.0,29.0,45.00001609038752,0.0,0.0,0.0
170,100,2.256758334191025,8713.5,29.5,45.00001609038752,2.0,2.0,4.0
171,50,1.5957691216057308,462.5,30.0,90.00003218077504,2.0,0.0,0.0
172,25,1.1283791670955126,591.0,30.0,45.00001609038752,0.0,0.0,0.0
173,25,1.1283791670955126,1508.0,30.0,45.00001609038752,0.0,0.0,0.0
174,75,1.9544100476116797,1646.6666666666667,30.333333333333332,-45.00001609038752,2.3094010767585034,1.3333333333333333,3.414213562373095
175,25,1.1283791670955126,2250.0,30.0,45.00001609038752,0.0,0.0,0.0
176,75,1.9544100476116797,4004.6666666666665,30.333333333333332,-45.00001609038752,2.3094010767585034,1.3333333333333333,3.414213562373095
177,50,1.5957691216057308,8730.5,30.0,90.00003218077504,2.0,0.0,0.0
178,3150,12.666024736934256,1533.4761904761904,38.682539682539684,50.10434915968454,17.969530672496127,12.456200863320403,73.11269837220809
179,25,1.1283791670955126,1575.0,31.0,45.00001609038752,0.0,0.0,0.0
180,375,4.370193722368317,1705.2,32.8,-25.09722342773198,5.009228802425929,4.292741176095583,12.65685424949238
181,2150,10.464157913908982,1713.2093023255813,39.093023255813954,13.899097119967172,16.59332058140029,8.556733505621795,53.3492424049175
182,3325,13.013103375051497,3928.4736842105262,38.42857142857143,31.991223231443545,19.029046961913103,10.380633215458467,61.90559159102155
183,425,4.652426491681278,3991.1176470588234,32.76470588235294,82.47100075380062,9.960530016351893,2.976078954866972,15.82842712474619
184,25,1.1283791670955126,4098.0,31.0,45.00001609038752,0.0,0.0,0.0
185,25,1.1283791670955126,8482.0,31.0,45.00001609038752,0.0,0.0,0.0
186,25,1.1283791670955126,8715.0,31.0,45.00001609038752,0.0,0.0,0.0
187,200,3.1915382432114616,297.375,33.25,-70.67012114204893,4.1204045563213505,2.4025541184843804,7.035533905932738
188,400,4.51351666838205,1622.625,33.125,79.99204880083875,8.94427190999916,2.345207879911715,14.621320343559642
189,1150,7.653039857325812,1645.195652173913,35.69565217391305,37.86367397307166,13.320712801189934,6.64200771023687,33.970562748477136
190,2375,10.998079684646791,1661.6631578947367,39.89473684210526,22.68051259204335,17.989234662655846,10.273881642696404,65.45584412271572
191,500,5.046265044040321,1667.9,34.35,45.40054787643934,9.544815103232784,4.424534398679634,18.035533905932738
192,275,3.742410318509555,1698.7272727272727,33.09090909090909,-86.56503479843637,8.38574719746614,1.9983226783894619,10.414213562373096
193,300,3.9088200952233594,3939.1666666666665,32.916666666666664,-80.58315235730802,4.894994431930091,2.9693109114997,10.242640687119284
194,350,4.222008245644752,3999.0714285714284,33.214285714285715,-84.73309939266703,7.028503653942106,3.035190485699646,12.242640687119286
195,75,1.9544100476116797,4003.3333333333335,32.666666666666664,-45.00001609038752,2.3094010767585034,1.3333333333333333,3.414213562373095
196,225,3.385137501286538,4046.777777777778,32.55555555555556,85.26886938506854,5.274258481434536,1.946056459258261,9.207106781186548
197,75,1.9544100476116797,4059.3333333333335,32.666666666666664,-45.00001609038752,2.3094010767585034,1.3333333333333333,3.414213562373095
198,325,4.068428945128219,4099.538461538462,33.07692307692308,-74.44955816686014,6.803329105713765,2.3656647869217795,10.414213562373096
199,25,1.1283791670955126,4221.0,32.0,45.00001609038752,0.0,0.0,0.0
200,25,1.1283791670955126,4251.0,32.0,45.00001609038752,0.0,0.0,0.0
201,25,1.1283791670955126,4336.0,32.0,45.00001609038752,0.0,0.0,0.0
202,75,1.9544100476116797,4863.666666666667,32.666666666666664,45.00001609038752,2.3094010767585034,1.3333333333333333,3.414213562373095
203,625,5.641895835477563,8484.4,36.2,9.958206557601102,10.257153524135557,3.357201450957857,18.071067811865476
204,100,2.256758334191025,8530.5,33.0,-31.71748575249332,3.23606797749979,1.2360679774997898,4.414213562373095
205,25,1.1283791670955126,314.0,33.0,45.00001609038752,0.0,0.0,0.0
206,25,1.1283791670955126,1539.0,33.0,45.00001609038752,0.0,0.0,0.0
207,25,1.1283791670955126,3934.0,33.0,45.00001609038752,0.0,0.0,0.0
208,50,1.5957691216057308,4042.5,33.0,90.00003218077504,2.0,0.0,0.0
209,25,1.1283791670955126,4220.0,33.0,45.00001609038752,0.0,0.0,0.0
210,50,1.5957691216057308,4252.5,33.0,90.00003218077504,2.0,0.0,0.0
211,25,1.1283791670955126,4337.0,33.0,45.00001609038752,0.0,0.0,0.0
212,25,1.1283791670955126,4852.0,33.0,45.00001609038752,0.0,0.0,0.0
213,25,1.1283791670955126,4866.0,33.0,45.00001609038752,0.0,0.0,0.0
214,12450,25.180812005932435,4919.070281124498,44.24096385542169,67.34335138199287,43.108420859013,26.23399069614012,202.3319984622144
215,25,1.1283791670955126,3942.0,34.0,45.00001609038752,0.0,0.0,0.0
216,25,1.1283791670955126,4005.0,34.0,45.00001609038752,0.0,0.0,0.0
217,25,1.1283791670955126,4069.0,34.0,45.00001609038752,0.0,0.0,0.0
218,25,1.1283791670955126,8733.0,34.0,45.00001609038752,0.0,0.0,0.0
219,425,4.652426491681278,3960.764705882353,36.705882352941174,87.09666768987051,7.952921684980805,3.273596584253702,15.692388155425117
220,75,1.9544100476116797,312.3333333333333,36.666666666666664,-45.00001609038752,2.3094010767585034,1.3333333333333333,3.414213562373095
221,100,2.256758334191025,487.5,36.5,45.00001609038752,2.0,2.0,4.0
222,100,2.256758334191025,1508.25,36.75,-71.5650767661759,3.4641016151377544,1.4142135623730951,3.2071067811865475
223,175,2.985410660720923,1586.142857142857,37.0,56.59931549470397,3.5509480472921324,2.7632708742748813,6.414213562373095
224,75,1.9544100476116797,1592.3333333333333,36.666666666666664,-45.00001609038752,2.3094010767585034,1.3333333333333333,3.414213562373095
225,75,1.9544100476116797,1628.3333333333333,36.666666666666664,-45.00001609038752,2.3094010767585034,1.3333333333333333,3.414213562373095
226,25,1.1283791670955126,1655.0,36.0,45.00001609038752,0.0,0.0,0.0
227,375,4.370193722368317,2269.4,36.733333333333334,-89.00604133380655,9.556807846775975,2.2882990776316903,14.207106781186548
228,150,2.763953195770684,2685.3333333333335,37.833333333333336,-14.655008775562198,5.545131758410893,1.3022896092295921,5.207106781186548
229,1175,7.735777827895049,3939.425531914894,40.97872340425532,41.46455070319614,12.995928842687439,6.12887053033038,34.76345596729059
230,525,5.170882945826411,3953.6666666666665,39.61904761904762,-36.32695046972587,7.6799416786226615,5.252179474940933,20.31370849898476
231,1475,8.667244841319219,3970.186440677966,41.11864406779661,13.057473938298347,12.06631005338492,6.794494088404033,32.3492424049175
232,125,2.5231325220201604,3987.8,37.0,-55.900724731264845,3.335641688875783,2.0575457524521585,5.621320343559642
233,25,1.1283791670955126,4000.0,36.0,45.00001609038752,0.0,0.0,0.0
234,125,2.5231325220201604,4002.6,36.8,18.43495541459913,3.098386676965933,1.7888543819998317,5.207106781186548
235,175,2.985410660720923,4028.714285714286,37.0,56.599315494703966,4.796702691401646,1.7646790841090736,7.207106781186548
236,425,4.652426491681278,4225.941176470588,36.64705882352941,89.74446158866729,11.839875306411592,1.9108277691165851,16.207106781186546
237,2450,11.170383851240114,4856.408163265306,40.826530612244895,54.04143474299123,15.675057823937825,9.27376315199028,49.248737341529164
238,75,1.9544100476116797,8378.333333333334,36.666666666666664,-45.00001609038752,2.3094010767585034,1.3333333333333333,3.414213562373095
239,2550,11.396070970426017,8407.176470588236,45.64705882352941,-0.3561138130849144,21.719730455515535,10.10325120686297,71.04163056034261
240,25,1.1283791670955126,8421.0,36.0,45.00001609038752,0.0,0.0,0.0
241,125,2.5231325220201604,8423.6,36.6,-69.00641842630537,4.34169545110285,1.2765894445250698,4.207106781186548
242,925,6.863662517577698,8427.162162162162,40.054054054054056,-26.9823388249719,10.2126042376617,5.491278456085128,26.31370849898476
243,1325,8.214724333230155,8476.094339622641,40.54716981132076,2.397142674943042,11.804746348026006,7.614420420033815,38.00609665440988
244,125,2.5231325220201604,8506.8,36.6,71.5650767661759,3.098386676965933,1.7888543819998317,5.207106781186548
245,275,3.742410318509555,8652.454545454546,36.81818181818182,-72.2600367704777,5.991001117308388,2.316053531228736,9.82842712474619
246,450,4.787307364817192,8659.666666666666,37.0,-85.73464785065292,8.966480634120408,2.913951599946808,15.035533905932738
247,150,2.763953195770684,8681.5,36.333333333333336,90.00003218077504,3.8297084310253524,1.8856180831641272,6.414213562373095
248,4150,14.538148590038452,8691.813253012047,40.975903614457835,84.25224035583234,26.070903941645685,11.654916217406617,102.18376618407356
249,1125,7.569397566060481,8723.488888888889,37.644444444444446,76.2638236852261,19.9299576850714,5.670085809845956,39.69238815542512
250,75,1.9544100476116797,1555.6666666666667,37.666666666666664,45.00001609038752,2.3094010767585034,1.3333333333333333,3.414213562373095
251,50,1.5957691216057308,1667.0,37.5,0.0,2.0,0.0,0.0
252,50,1.5957691216057308,1705.5,37.0,90.00003218077504,2.0,0.0,0.0
253,50,1.5957691216057308,3940.5,37.0,90.00003218077504,2.0,0.0,0.0
254,25,1.1283791670955126,3943.0,37.0,45.00001609038752,0.0,0.0,0.0
255,200,3.1915382432114616,4018.625,38.0,35.24878835036803,4.498909704388054,2.7404035235276925,7.449747468305832
256,1175,7.735777827895049,4025.1702127659573,41.5531914893617,26.638405643392844,11.47921419489082,6.151948757793642,29.52081528017131
257,50,1.5957691216057308,4862.5,37.0,90.00003218077504,2.0,0.0,0.0
258,1575,8.95623198216277,8417.444444444445,41.317460317460316,11.054110909216577,10.497758331790518,8.17712352669568,33.14213562373095
259,50,1.5957691216057308,8510.5,37.0,90.00003218077504,2.0,0.0,0.0
260,125,2.5231325220201604,8666.2,37.4,71.5650767661759,3.098386676965933,1.7888543819998317,5.207106781186548
261,25,1.1283791670955126,8675.0,37.0,45.00001609038752,0.0,0.0,0.0
262,50,1.5957691216057308,8678.5,37.0,90.00003218077504,2.0,0.0,0.0
263,50,1.5957691216057308,8701.5,37.0,90.00003218077504,2.0,0.0,0.0
264,50,1.5957691216057308,8732.5,37.0,90.00003218077504,2.0,0.0,0.0
265,25,1.1283791670955126,2240.0,38.0,45.00001609038752,0.0,0.0,0.0
266,125,2.5231325220201604,8402.0,39.0,-31.71748575249332,4.093338188813542,1.5635160606788385,5.414213562373095
267,25,1.1283791670955126,8432.0,38.0,45.00001609038752,0.0,0.0,0.0
268,25,1.1283791670955126,8509.0,38.0,45.00001609038752,0.0,0.0,0.0
269,25,1.1283791670955126,1558.0,39.0,45.00001609038752,0.0,0.0,0.0
270,675,5.863230142835039,1589.037037037037,42.592592592592595,-0.9545765578204393,7.4048389511991015,5.8094731914776325,21.31370849898476
271,25,1.1283791670955126,1671.0,39.0,45.00001609038752,0.0,0.0,0.0
272,25,1.1283791670955126,2281.0,39.0,45.00001609038752,0.0,0.0,0.0
273,25,1.1283791670955126,3989.0,39.0,45.00001609038752,0.0,0.0,0.0
274,75,1.9544100476116797,4031.6666666666665,39.333333333333336,-45.00001609038752,2.3094010767585034,1.3333333333333333,3.414213562373095
275,50,1.5957691216057308,8441.0,39.5,0.0,2.0,0.0,0.0
276,50,1.5957691216057308,8654.5,39.0,90.00003218077504,2.0,0.0,0.0
277,1250,7.978845608028654,8723.08,42.92,60.94138715322549,11.234566622713807,6.619645972391942,30.349242404917497
278,50,1.5957691216057308,10584.0,39.5,0.0,2.0,0.0,0.0
279,175,2.985410660720923,411.2857142857143,40.714285714285715,-60.12824008146103,4.634736211286691,1.826347935745029,7.414213562373095
280,100,2.256758334191025,1506.25,40.75,-18.43495541459913,3.4641016151377544,1.4142135623730951,3.2071067811865475
281,50,1.5957691216057308,1569.0,40.5,0.0,2.0,0.0,0.0
282,50,1.5957691216057308,1668.5,40.0,90.00003218077504,2.0,0.0,0.0
283,25,1.1283791670955126,1709.0,40.0,45.00001609038752,0.0,0.0,0.0
284,50,1.5957691216057308,3922.5,40.0,90.00003218077504,2.0,0.0,0.0
285,750,6.180387232371033,3961.233333333333,43.03333333333333,-42.963248281558265,7.058931009475407,6.1494664360341815,21.106601717798213
286,25,1.1283791670955126,4048.0,40.0,45.00001609038752,0.0,0.0,0.0
287,25,1.1283791670955126,4850.0,40.0,45.00001609038752,0.0,0.0,0.0
288,25,1.1283791670955126,8380.0,40.0,45.00001609038752,0.0,0.0,0.0
289,50,1.5957691216057308,8411.0,40.5,0.0,2.0,0.0,0.0
290,25,1.1283791670955126,8422.0,40.0,45.00001609038752,0.0,0.0,0.0
291,25,1.1283791670955126,8433.0,40.0,45.00001609038752,0.0,0.0,0.0
292,50,1.5957691216057308,8480.5,40.0,90.00003218077504,2.0,0.0,0.0
293,25,1.1283791670955126,8529.0,40.0,45.00001609038752,0.0,0.0,0.0
294,25,1.1283791670955126,8606.0,40.0,45.00001609038752,0.0,0.0,0.0
295,25,1.1283791670955126,8717.0,40.0,45.00001609038752,0.0,0.0,0.0
296,50,1.5957691216057308,4029.5,41.0,90.00003218077504,2.0,0.0,0.0
297,25,1.1283791670955126,8482.0,41.0,45.00001609038752,0.0,0.0,0.0
298,1850,9.706684619910241,319.36486486486484,47.972972972972975,-0.6289059687619107,11.33252545994345,9.14890308688202,39.42031021678298
299,25,1.1283791670955126,1541.0,42.0,45.00001609038752,0.0,0.0,0.0
300,25,1.1283791670955126,2242.0,42.0,45.00001609038752,0.0,0.0,0.0
301,225,3.385137501286538,3921.3333333333335,43.77777777777778,41.092367919769615,5.076757022710609,2.331612033672926,7.414213562373095
302,25,1.1283791670955126,3924.0,42.0,45.00001609038752,0.0,0.0,0.0
303,25,1.1283791670955126,4046.0,42.0,45.00001609038752,0.0,0.0,0.0
304,50,1.5957691216057308,8412.0,42.5,0.0,2.0,0.0,0.0
305,275,3.742410318509555,8469.90909090909,44.27272727272727,-56.21295106040572,5.7513690713128085,3.8799465473773127,9.414213562373096
306,25,1.1283791670955126,8431.0,43.0,45.00001609038752,0.0,0.0,0.0
307,375,4.370193722368317,8483.933333333332,44.266666666666666,69.72561193281473,6.7508717291394955,3.447246535205001,12.449747468305834
308,25,1.1283791670955126,8536.0,43.0,45.00001609038752,0.0,0.0,0.0
309,25,1.1283791670955126,8649.0,43.0,45.00001609038752,0.0,0.0,0.0
310,275,3.742410318509555,310.3636363636364,44.72727272727273,-84.69020264409338,5.996712533790388,2.413413092287231,10.242640687119286
311,200,3.1915382432114616,355.75,45.0,65.59298603654786,4.100618600451318,2.4869513653533066,7.82842712474619
312,25,1.1283791670955126,399.0,44.0,45.00001609038752,0.0,0.0,0.0
313,75,1.9544100476116797,410.3333333333333,44.333333333333336,45.00001609038752,2.3094010767585034,1.3333333333333333,3.414213562373095
314,100,2.256758334191025,1528.75,45.0,0.0,2.8284271247461903,1.7320508075688772,4.621320343559642
315,75,1.9544100476116797,1709.3333333333333,44.666666666666664,-45.00001609038752,2.3094010767585034,1.3333333333333333,3.414213562373095
316,50,1.5957691216057308,2251.0,44.5,0.0,2.0,0.0,0.0
317,25,1.1283791670955126,3918.0,44.0,45.00001609038752,0.0,0.0,0.0
318,1175,7.735777827895049,3953.68085106383,49.1063829787234,2.4606186068402587,13.035314001654204,6.792801719311369,36.72792206135785
319,225,3.385137501286538,4100.444444444444,44.888888888888886,-63.43497150498664,4.618802153517006,2.351778943168525,7.621320343559642
320,25,1.1283791670955126,4324.0,44.0,45.00001609038752,0.0,0.0,0.0
321,25,1.1283791670955126,8351.0,44.0,45.00001609038752,0.0,0.0,0.0
322,25,1.1283791670955126,8411.0,44.0,45.00001609038752,0.0,0.0,0.0
323,75,1.9544100476116797,8430.333333333334,44.666666666666664,-45.00001609038752,2.3094010767585034,1.3333333333333333,3.414213562373095
324,75,1.9544100476116797,8489.333333333334,44.666666666666664,-45.00001609038752,2.3094010767585034,1.3333333333333333,3.414213562373095
325,325,4.068428945128219,8598.23076923077,44.69230769230769,85.06245011906336,10.101380490164923,1.63467775555707,12.0
326,25,1.1283791670955126,8605.0,44.0,45.00001609038752,0.0,0.0,0.0
327,14531425,860.2786746480041,10930.848989345504,693.1814550190363,3.1529333350918995,1255.8407478411407,603.5012201884024,4619.60566082763
328,25,1.1283791670955126,418.0,45.0,45.00001609038752,0.0,0.0,0.0
329,125,2.5231325220201604,1373.2,45.4,71.5650767661759,3.098386676965933,1.7888543819998317,5.207106781186548
330,50,1.5957691216057308,1655.5,45.0,90.00003218077504,2.0,0.0,0.0
331,25,1.1283791670955126,3629.0,45.0,45.00001609038752,0.0,0.0,0.0
332,75,1.9544100476116797,3916.0,45.0,90.00003218077504,3.265986323710904,0.0,1.0
333,75,1.9544100476116797,4031.3333333333335,45.333333333333336,45.00001609038752,2.3094010767585034,1.3333333333333333,3.414213562373095
334,50,1.5957691216057308,4104.0,45.5,0.0,2.0,0.0,0.0
335,50,1.5957691216057308,4229.5,45.0,90.00003218077504,2.0,0.0,0.0
336,75,1.9544100476116797,4325.333333333333,45.333333333333336,45.00001609038752,2.3094010767585034,1.3333333333333333,3.414213562373095
337,75,1.9544100476116797,8401.333333333334,45.333333333333336,45.00001609038752,2.3094010767585034,1.3333333333333333,3.414213562373095
338,25,1.1283791670955126,8716.0,45.0,45.00001609038752,0.0,0.0,0.0
339,25,1.1283791670955126,1527.0,46.0,45.00001609038752,0.0,0.0,0.0
340,25,1.1283791670955126,1719.0,46.0,45.00001609038752,0.0,0.0,0.0
341,25,1.1283791670955126,3937.0,46.0,45.00001609038752,0.0,0.0,0.0
342,25,1.1283791670955126,8370.0,46.0,45.00001609038752,0.0,0.0,0.0
343,50,1.5957691216057308,8480.5,46.0,90.00003218077504,2.0,0.0,0.0
344,25,1.1283791670955126,8706.0,46.0,45.00001609038752,0.0,0.0,0.0
345,75,1.9544100476116797,8759.0,47.0,0.0,3.265986323710904,0.0,1.0
346,25,1.1283791670955126,11203.0,46.0,45.00001609038752,0.0,0.0,0.0
347,25,1.1283791670955126,415.0,47.0,45.00001609038752,0.0,0.0,0.0
348,150,2.763953195770684,4049.5,48.5,-18.43495541459913,3.9999999999999996,1.632993161855452,6.414213562373095
349,100,2.256758334191025,312.5,49.0,31.71748575249332,3.23606797749979,1.2360679774997898,4.414213562373095
350,125,2.5231325220201604,409.8,48.4,-71.5650767661759,3.098386676965933,1.7888543819998317,5.207106781186548
351,125,2.5231325220201604,413.6,48.8,-84.84760710407011,4.093338188813542,1.563516060678838,4.414213562373095
352,400,4.51351666838205,453.1875,48.625,88.44038145204381,10.886807922336503,1.914396317942325,15.207106781186548
353,25,1.1283791670955126,459.0,48.0,45.00001609038752,0.0,0.0,0.0
354,200,3.1915382432114616,483.25,48.75,82.98190793738294,3.8888437389046198,2.6223833385648136,7.82842712474619
355,1175,7.735777827895049,1541.3191489361702,50.59574468085106,86.36989325473199,9.94728086219046,7.8033489815192505,35.3492424049175
356,175,2.985410660720923,3904.5714285714284,48.857142857142854,79.09932353989771,3.648665604076859,2.505808461219716,7.242640687119286
357,4750,15.553633450087505,3960.757894736842,59.9,-29.908226085678866,37.279171350986786,13.103124048793092,123.70458146424488
358,200,3.1915382432114616,4221.25,48.625,-84.80136356069991,5.588153466750894,1.8768433157938267,8.414213562373096
359,275,3.742410318509555,4228.0,48.72727272727273,87.38129321100189,6.155055566269824,2.452777491419035,8.621320343559642
360,2150,10.464157913908982,4238.360465116279,52.116279069767444,-27.68540470002949,12.859447956039649,10.332371855636511,43.17766952966369
361,150,2.763953195770684,4859.0,48.5,90.00003218077504,3.265986323710904,2.0,6.0
362,100,2.256758334191025,4875.25,48.75,-71.5650767661759,3.4641016151377544,1.4142135623730951,3.2071067811865475
363,925,6.863662517577698,4915.648648648648,51.054054054054056,3.1185411533074174,8.10843117220176,6.650671403698215,24.727922061357855
364,100,2.256758334191025,5926.0,48.75,90.00003218077504,2.8284271247461903,1.7320508075688772,4.621320343559642
365,125,2.5231325220201604,8342.8,48.4,-71.5650767661759,3.098386676965933,1.7888543819998317,5.207106781186548
366,575,5.4115163798060095,8357.826086956522,48.69565217391305,87.90472849416824,12.471576986548998,2.713551022369224,18.82842712474619
367,125,2.5231325220201604,8366.8,48.6,71.5650767661759,3.098386676965933,1.7888543819998317,5.207106781186548
368,200,3.1915382432114616,8384.625,48.625,81.3230167600557,5.321869122843981,1.7826129808008924,7.0
369,125,2.5231325220201604,8427.4,48.4,-69.00641842630537,4.34169545110285,1.2765894445250698,4.207106781186548
370,1025,7.225151993843567,8707.073170731708,51.073170731707314,69.59008043402417,10.223171079155879,7.0605971320313845,31.52081528017131
371,1125,7.569397566060481,8718.0,51.06666666666667,-81.35290189421808,10.199526138007334,7.960227516576443,33.7634559672906
372,25,1.1283791670955126,10219.0,48.0,45.00001609038752,0.0,0.0,0.0
373,50,1.5957691216057308,4608.0,49.5,0.0,2.0,0.0,0.0
374,25,1.1283791670955126,8400.0,49.0,45.00001609038752,0.0,0.0,0.0
375,50,1.5957691216057308,8430.5,49.0,90.00003218077504,2.0,0.0,0.0
376,25,1.1283791670955126,11224.0,49.0,45.00001609038752,0.0,0.0,0.0
377,25,1.1283791670955126,2282.0,50.0,45.00001609038752,0.0,0.0,0.0
378,25,1.1283791670955126,5924.0,50.0,45.00001609038752,0.0,0.0,0.0
379,25,1.1283791670955126,5932.0,50.0,45.00001609038752,0.0,0.0,0.0
380,250,3.5682482323055424,8760.6,53.9,9.085053843085877,9.99480680484413,1.1763659863501088,8.0
381,25,1.1283791670955126,11205.0,50.0,45.00001609038752,0.0,0.0,0.0
382,25,1.1283791670955126,354.0,51.0,45.00001609038752,0.0,0.0,0.0
383,250,3.5682482323055424,1497.7,52.6,33.83568390941423,4.432058153685814,3.1554493376296024,8.621320343559642
384,25,1.1283791670955126,2281.0,51.0,45.00001609038752,0.0,0.0,0.0
385,1150,7.653039857325812,4218.695652173913,52.73913043478261,-89.64978065718614,23.64813172358488,3.165606493500268,37.27817459305202
386,475,4.918490759365935,4309.473684210527,52.578947368421055,-85.52074512904589,8.266356621587777,3.460866583994702,16.863961030678926
387,425,4.652426491681278,5396.588235294118,52.588235294117645,84.58852463271099,8.384701725108854,2.9961731921845924,13.82842712474619
388,1000,7.136496464611085,8438.3,52.975,88.65988281862126,20.208365462372008,3.1260142896682606,33.071067811865476
389,25,1.1283791670955126,314.0,52.0,45.00001609038752,0.0,0.0,0.0
390,25,1.1283791670955126,1536.0,52.0,45.00001609038752,0.0,0.0,0.0
391,150,2.763953195770684,1548.0,52.833333333333336,53.130121351576776,3.8297084310253524,1.8856180831641265,6.207106781186548
392,25,1.1283791670955126,1550.0,52.0,45.00001609038752,0.0,0.0,0.0
393,125,2.5231325220201604,1596.8,52.4,-71.5650767661759,3.098386676965933,1.7888543819998317,5.207106781186548
394,1950,9.965574970333758,1628.1923076923076,56.26923076923077,58.895149785694144,13.189855072476568,10.74980442422906,52.970562748477136
395,25,1.1283791670955126,1634.0,52.0,45.00001609038752,0.0,0.0,0.0
396,625,5.641895835477563,1639.92,53.08,-88.07988131527156,10.97009138015958,2.9550457036987527,19.44974746830583
397,100,2.256758334191025,2282.75,52.75,71.5650767661759,3.4641016151377544,1.4142135623730951,3.2071067811865475
398,25,1.1283791670955126,2295.0,52.0,45.00001609038752,0.0,0.0,0.0
399,450,4.787307364817192,4093.8888888888887,53.0,-83.6979562854984,6.813028592116555,3.718810963634644,13.621320343559642
400,100,2.256758334191025,4342.0,52.5,-58.28254642828171,3.23606797749979,1.2360679774997898,4.414213562373095
401,175,2.985410660720923,4896.714285714285,53.857142857142854,4.30782563240559,4.99392736656725,1.772659614960501,6.207106781186548
402,450,4.787307364817192,5378.0,55.72222222222222,-2.210330271077337,8.830598376018088,2.9641127543047587,16.27817459305202
403,25,1.1283791670955126,5923.0,52.0,45.00001609038752,0.0,0.0,0.0
404,525,5.170882945826411,8385.42857142857,52.857142857142854,87.6128587371363,10.23023376443525,2.808297493515209,17.44974746830583
405,25,1.1283791670955126,8712.0,52.0,45.00001609038752,0.0,0.0,0.0
406,75,1.9544100476116797,11203.333333333334,52.666666666666664,-45.00001609038752,2.3094010767585034,1.3333333333333333,3.414213562373095
407,25,1.1283791670955126,11206.0,52.0,45.00001609038752,0.0,0.0,0.0
408,25,1.1283791670955126,11221.0,52.0,45.00001609038752,0.0,0.0,0.0
409,50,1.5957691216057308,353.5,53.0,90.00003218077504,2.0,0.0,0.0
410,25,1.1283791670955126,1655.0,53.0,45.00001609038752,0.0,0.0,0.0
411,100,2.256758334191025,4231.0,53.25,90.00003218077504,2.8284271247461903,1.7320508075688772,4.621320343559642
412,25,1.1283791670955126,5421.0,53.0,45.00001609038752,0.0,0.0,0.0
413,100,2.256758334191025,8414.5,53.5,45.00001609038752,2.0,2.0,4.0
414,25,1.1283791670955126,8702.0,53.0,45.00001609038752,0.0,0.0,0.0
415,25,1.1283791670955126,11207.0,53.0,45.00001609038752,0.0,0.0,0.0
416,25,1.1283791670955126,1622.0,54.0,45.00001609038752,0.0,0.0,0.0
417,25,1.1283791670955126,5922.0,54.0,45.00001609038752,0.0,0.0,0.0
418,25,1.1283791670955126,11205.0,54.0,45.00001609038752,0.0,0.0,0.0
419,25,1.1283791670955126,11208.0,54.0,45.00001609038752,0.0,0.0,0.0
420,25,1.1283791670955126,11211.0,55.0,45.00001609038752,0.0,0.0,0.0
421,975,7.046725639945928,1504.5128205128206,58.64102564102564,63.70594768233409,10.024321539062656,5.575802366234805,26.72792206135785
422,350,4.222008245644752,3941.0,57.07142857142857,90.00003218077504,5.855400437691199,3.1943828249996997,11.414213562373096
423,650,5.753627391751592,3970.653846153846,59.11538461538461,-59.17919915261109,8.28000243709342,6.7995925650005695,21.27817459305202
424,175,2.985410660720923,4016.1428571428573,57.285714285714285,-59.52732333436876,3.5820700954176696,2.4713456540351717,6.207106781186548
425,425,4.652426491681278,4033.6470588235293,57.23529411764706,78.69882711628293,8.241239044862125,3.4679411303597263,14.65685424949238
426,325,4.068428945128219,4085.769230769231,57.07692307692308,89.43468650300876,6.1077473539901845,2.9185454368446067,11.242640687119286
427,825,6.4820448144285745,4094.4848484848485,58.93939393939394,-54.86260770438684,8.423329947667353,7.093546596602191,26.48528137423857
428,200,3.1915382432114616,4245.375,56.625,-81.3230167600557,5.321869122843981,1.7826129808008924,7.0
429,1375,8.368283871884005,4254.818181818182,59.2,77.25838789519341,11.783464312093741,7.772863489225971,35.59188309203678
430,900,6.770275002573076,4300.083333333333,57.083333333333336,-89.83669066136378,22.674109222003988,2.7276961971944775,33.65685424949238
431,25,1.1283791670955126,4311.0,56.0,45.00001609038752,0.0,0.0,0.0
432,75,1.9544100476116797,4351.333333333333,56.666666666666664,-45.00001609038752,2.3094010767585034,1.3333333333333333,3.414213562373095
433,100,2.256758334191025,4915.5,56.5,45.00001609038752,2.0,2.0,4.0
434,400,4.51351666838205,5372.875,58.75,1.6750387976843786,7.940016681030561,3.421422964930883,14.621320343559642
435,25,1.1283791670955126,8362.0,56.0,45.00001609038752,0.0,0.0,0.0
436,1025,7.225151993843567,8439.829268292682,56.97560975609756,88.79718806715323,22.905014468034878,2.6790087621816,35.65685424949238
437,25,1.1283791670955126,8677.0,56.0,45.00001609038752,0.0,0.0,0.0
438,825,6.4820448144285745,8689.939393939394,59.27272727272727,-42.47974736165314,9.045859436005708,7.488330258315173,29.278174593052025
439,1325,8.214724333230155,8707.037735849057,60.84905660377358,-12.35437758065473,12.04700508656874,7.28861107670419,39.00609665440987
440,750,6.180387232371033,8717.666666666666,58.13333333333333,-75.2205985499637,9.886961811389362,5.2075999511521145,23.485281374238568
441,500,5.046265044040321,10936.1,58.4,-21.512540686669947,7.080271134360787,5.210543221578476,17.035533905932738
442,100,2.256758334191025,11209.0,56.25,90.00003218077504,2.8284271247461903,1.7320508075688772,4.621320343559642
443,25,1.1283791670955126,1548.0,57.0,45.00001609038752,0.0,0.0,0.0
444,125,2.5231325220201604,3882.8,57.4,-71.5650767661759,3.098386676965933,1.7888543819998317,5.207106781186548
445,50,1.5957691216057308,4052.5,57.0,90.00003218077504,2.0,0.0,0.0
446,25,1.1283791670955126,4330.0,57.0,45.00001609038752,0.0,0.0,0.0
447,25,1.1283791670955126,8361.0,57.0,45.00001609038752,0.0,0.0,0.0
448,25,1.1283791670955126,8472.0,57.0,45.00001609038752,0.0,0.0,0.0
449,25,1.1283791670955126,8712.0,57.0,45.00001609038752,0.0,0.0,0.0
450,25,1.1283791670955126,8475.0,58.0,45.00001609038752,0.0,0.0,0.0
451,25,1.1283791670955126,10923.0,58.0,45.00001609038752,0.0,0.0,0.0
452,1050,7.312732791431452,4234.190476190476,63.19047619047619,-21.456891254440595,8.33009133347076,6.895202588673313,25.727922061357855
453,25,1.1283791670955126,4241.0,59.0,45.00001609038752,0.0,0.0,0.0
454,1800,9.574614729634384,4245.736111111111,65.29166666666667,15.0357161698258,14.927340359706989,7.632480376590762,47.248737341529164
455,275,3.742410318509555,4309.090909090909,60.36363636363637,-85.26886938506854,5.529681747206153,2.539175685738357,9.621320343559642
456,25,1.1283791670955126,1540.0,60.0,45.00001609038752,0.0,0.0,0.0
457,100,2.256758334191025,3670.0,60.75,90.00003218077504,2.8284271247461903,1.7320508075688772,4.621320343559642
458,1500,8.740387444736633,3941.0333333333333,67.73333333333333,-3.421300135364363,16.36915975621553,6.128761700915203,40.72792206135786
459,25,1.1283791670955126,3966.0,60.0,45.00001609038752,0.0,0.0,0.0
460,175,2.985410660720923,4032.8571428571427,60.714285714285715,-59.52732333436876,3.582070095417669,2.4713456540351717,6.207106781186548
461,25,1.1283791670955126,4109.0,60.0,45.00001609038752,0.0,0.0,0.0
462,75,1.9544100476116797,4229.333333333333,60.666666666666664,-45.00001609038752,2.3094010767585034,1.3333333333333333,3.414213562373095
463,125,2.5231325220201604,4292.8,61.0,55.900724731264845,3.335641688875783,2.0575457524521585,5.621320343559642
464,75,1.9544100476116797,4313.666666666667,60.666666666666664,45.00001609038752,2.3094010767585034,1.3333333333333333,3.414213562373095
465,50,1.5957691216057308,4338.0,60.5,0.0,2.0,0.0,0.0
466,25,1.1283791670955126,4350.0,60.0,45.00001609038752,0.0,0.0,0.0
467,325,4.068428945128219,4351.461538461538,62.76923076923077,-15.365497152522993,7.8052902757213465,2.229559336727808,13.621320343559644
468,25,1.1283791670955126,4873.0,60.0,45.00001609038752,0.0,0.0,0.0
469,25,1.1283791670955126,5409.0,60.0,45.00001609038752,0.0,0.0,0.0
470,25,1.1283791670955126,5439.0,60.0,45.00001609038752,0.0,0.0,0.0
471,25,1.1283791670955126,5920.0,60.0,45.00001609038752,0.0,0.0,0.0
472,200,3.1915382432114616,8367.875,61.125,79.33159872022405,6.239181307375342,2.138367745196816,8.621320343559642
473,650,5.753627391751592,8434.923076923076,60.96153846153846,-88.5039636247358,18.993762888746797,2.296186901069865,24.44974746830583
474,25,1.1283791670955126,8697.0,60.0,45.00001609038752,0.0,0.0,0.0
475,175,2.985410660720923,8725.42857142857,61.42857142857143,72.23118693128777,3.6857065455973044,2.822514422975452,6.621320343559642
476,75,1.9544100476116797,10582.0,61.0,0.0,3.265986323710904,0.0,1.0
477,150,2.763953195770684,10920.5,60.666666666666664,90.00003218077504,3.8297084310253524,1.8856180831641272,6.414213562373095
478,275,3.742410318509555,10951.545454545454,60.90909090909091,-80.4810087684633,6.766143332173184,2.460490835644388,11.035533905932738
479,125,2.5231325220201604,11215.4,61.2,18.43495541459913,3.098386676965933,1.7888543819998317,5.207106781186548
480,75,1.9544100476116797,436.6666666666667,61.333333333333336,-45.00001609038752,2.3094010767585034,1.3333333333333333,3.414213562373095
481,50,1.5957691216057308,1500.0,61.5,0.0,2.0,0.0,0.0
482,25,1.1283791670955126,1502.0,61.0,45.00001609038752,0.0,0.0,0.0
483,125,2.5231325220201604,1543.0,61.0,90.00003218077504,5.656854249492381,0.0,3.0
484,25,1.1283791670955126,1547.0,61.0,45.00001609038752,0.0,0.0,0.0
485,25,1.1283791670955126,1618.0,61.0,45.00001609038752,0.0,0.0,0.0
486,50,1.5957691216057308,1622.5,61.0,90.00003218077504,2.0,0.0,0.0
487,75,1.9544100476116797,1625.3333333333333,61.333333333333336,45.00001609038752,2.3094010767585034,1.3333333333333333,3.414213562373095
488,75,1.9544100476116797,2255.0,61.0,90.00003218077504,3.265986323710904,0.0,1.0
489,25,1.1283791670955126,3928.0,61.0,45.00001609038752,0.0,0.0,0.0
490,25,1.1283791670955126,4110.0,61.0,45.00001609038752,0.0,0.0,0.0
491,25,1.1283791670955126,4872.0,61.0,45.00001609038752,0.0,0.0,0.0
492,25,1.1283791670955126,4906.0,61.0,45.00001609038752,0.0,0.0,0.0
493,50,1.5957691216057308,5375.0,61.5,0.0,2.0,0.0,0.0
494,75,1.9544100476116797,5407.333333333333,61.333333333333336,45.00001609038752,2.3094010767585034,1.3333333333333333,3.414213562373095
495,75,1.9544100476116797,8678.0,62.0,0.0,3.265986323710904,0.0,1.0
496,100,2.256758334191025,8720.5,61.5,45.00001609038752,2.0,2.0,4.0
497,175,2.985410660720923,8762.0,64.0,0.0,8.0,0.0,5.0
498,25,1.1283791670955126,9101.0,61.0,45.00001609038752,0.0,0.0,0.0
499,25,1.1283791670955126,1549.0,62.0,45.00001609038752,0.0,0.0,0.0
500,25,1.1283791670955126,3668.0,62.0,45.00001609038752,0.0,0.0,0.0
501,25,1.1283791670955126,3963.0,62.0,45.00001609038752,0.0,0.0,0.0
502,25,1.1283791670955126,4111.0,62.0,45.00001609038752,0.0,0.0,0.0
503,50,1.5957691216057308,4920.0,62.5,0.0,2.0,0.0,0.0
504,25,1.1283791670955126,8714.0,62.0,45.00001609038752,0.0,0.0,0.0
505,50,1.5957691216057308,9102.0,62.5,0.0,2.0,0.0,0.0
506,1550,8.884866446580956,3969.3064516129034,68.04838709677419,-20.28937275991407,13.113725389004594,9.334629359387296,45.14213562373095
507,2075,10.280023453913834,4268.21686746988,67.19277108433735,-79.95061658260649,20.797122080648215,9.652397769142707,56.384776310850235
508,25,1.1283791670955126,8340.0,63.0,45.00001609038752,0.0,0.0,0.0
509,25,1.1283791670955126,8365.0,63.0,45.00001609038752,0.0,0.0,0.0
510,25,1.1283791670955126,8713.0,63.0,45.00001609038752,0.0,0.0,0.0
511,500,5.046265044040321,2254.75,65.25,-89.0174015434614,9.456427049453733,2.7885457604923314,15.035533905932738
512,125,2.5231325220201604,3951.6,64.8,18.43495541459913,3.098386676965933,1.7888543819998317,5.207106781186548
513,25,1.1283791670955126,3964.0,64.0,45.00001609038752,0.0,0.0,0.0
514,325,4.068428945128219,4031.6153846153848,65.38461538461539,-86.30199257863273,6.767447900705305,2.4664358325269906,11.621320343559642
515,50,1.5957691216057308,4035.5,64.0,90.00003218077504,2.0,0.0,0.0
516,475,4.918490759365935,4061.0,67.6842105263158,-5.649174952732299,9.672290852263117,2.754644061844358,15.449747468305832
517,1500,8.740387444736633,4090.1833333333334,67.31666666666666,-75.2902065009805,13.518015879061346,9.07309343450309,42.14213562373095
518,850,6.579524642479541,4254.735294117647,66.5,-68.87055726141782,7.657607051659812,6.078308097560958,21.31370849898476
519,300,3.9088200952233594,4930.916666666667,65.08333333333333,-86.2697477838753,5.2885324212407605,3.0236626697759204,9.82842712474619
520,75,1.9544100476116797,8413.333333333334,64.66666666666667,-45.00001609038752,2.3094010767585034,1.3333333333333333,3.414213562373095
521,25,1.1283791670955126,8679.0,64.0,45.00001609038752,0.0,0.0,0.0
522,5300,16.42944866646031,8687.02358490566,71.54245283018868,-49.80387249328356,21.740684520006777,16.621854073115696,97.94112549695429
523,25,1.1283791670955126,8715.0,64.0,45.00001609038752,0.0,0.0,0.0
524,6325,17.94796937867892,10931.833992094862,72.37154150197628,-82.64569053934802,38.374574880699576,16.548864159624443,152.70458146424488
525,25,1.1283791670955126,10939.0,64.0,45.00001609038752,0.0,0.0,0.0
526,75,1.9544100476116797,10954.0,65.0,0.0,3.265986323710904,0.0,1.0
527,25,1.1283791670955126,11149.0,64.0,45.00001609038752,0.0,0.0,0.0
528,1750,9.440697438826296,11155.114285714286,67.97142857142858,-69.55972510291056,14.203678633811345,9.494617325904732,48.21320343559643
529,1375,8.368283871884005,11174.0,65.76363636363637,-85.39857989395276,24.388587022679825,4.862961369896651,39.27817459305202
530,150,2.763953195770684,437.0,65.5,90.00003218077504,3.265986323710904,2.0,6.0
531,25,1.1283791670955126,2261.0,65.0,45.00001609038752,0.0,0.0,0.0
532,50,1.5957691216057308,3962.5,65.0,90.00003218077504,2.0,0.0,0.0
533,250,3.5682482323055424,4015.5,65.4,-90.00003218077504,6.0,1.959591794226542,10.414213562373096
534,325,4.068428945128219,4215.7692307692305,66.38461538461539,59.03626457717171,4.296689244236598,3.9041777047536987,10.82842712474619
535,100,2.256758334191025,4307.5,65.5,45.00001609038752,2.0,2.0,4.0
536,50,1.5957691216057308,4873.5,65.0,90.00003218077504,2.0,0.0,0.0
537,25,1.1283791670955126,5370.0,65.0,45.00001609038752,0.0,0.0,0.0
538,25,1.1283791670955126,8676.0,65.0,45.00001609038752,0.0,0.0,0.0
539,2050,10.217907939900583,8702.170731707318,71.78048780487805,-1.6620195652852021,14.235036891002098,9.769515810289189,48.21320343559643
540,25,1.1283791670955126,9103.0,65.0,45.00001609038752,0.0,0.0,0.0
541,125,2.5231325220201604,10920.8,65.4,-71.5650767661759,3.098386676965933,1.7888543819998317,5.207106781186548
542,200,3.1915382432114616,10949.5,65.5,90.00003218077504,4.47213595499958,2.0,8.0
543,700,5.970821321441846,3634.785714285714,69.60714285714286,31.648904662597154,9.311836148070572,4.25271982604464,20.520815280171306
544,25,1.1283791670955126,4211.0,66.0,45.00001609038752,0.0,0.0,0.0
545,50,1.5957691216057308,4870.0,66.5,0.0,2.0,0.0,0.0
546,50,1.5957691216057308,8677.5,66.0,90.00003218077504,2.0,0.0,0.0
547,25,1.1283791670955126,10937.0,66.0,45.00001609038752,0.0,0.0,0.0
548,350,4.222008245644752,2258.4285714285716,68.57142857142857,-84.9773652001016,8.128804976884057,2.83636715313388,15.278174593052022
549,5750,17.112717355495807,4238.147826086956,85.75652173913043,-0.2648943406077551,38.18925028093304,11.767511201612141,107.60407640085654
550,150,2.763953195770684,10947.666666666666,68.16666666666667,63.434971504986684,3.0550504633038935,2.6666666666666665,6.414213562373095
551,25,1.1283791670955126,4004.0,68.0,45.00001609038752,0.0,0.0,0.0
552,225,3.385137501286538,4032.0,68.66666666666667,-82.37247010190424,6.586417573021535,1.685623260404093,8.0
553,25,1.1283791670955126,4038.0,68.0,45.00001609038752,0.0,0.0,0.0
554,2425,11.11324596323283,4210.917525773196,74.3917525773196,22.76970987057787,16.66006708100492,8.555547861271451,49.59188309203678
555,50,1.5957691216057308,4234.0,68.5,0.0,2.0,0.0,0.0
556,25,1.1283791670955126,4241.0,68.0,45.00001609038752,0.0,0.0,0.0
557,25,1.1283791670955126,4871.0,68.0,45.00001609038752,0.0,0.0,0.0
558,50,1.5957691216057308,5371.0,68.5,0.0,2.0,0.0,0.0
559,175,2.985410660720923,5929.428571428572,69.71428571428571,8.349625102522488,4.155374705678736,1.9054711331003737,7.207106781186548
560,100,2.256758334191025,8368.0,68.5,58.28254642828171,3.23606797749979,1.2360679774997898,4.414213562373095
561,125,2.5231325220201604,8763.0,70.0,0.0,5.656854249492381,0.0,3.0
562,25,1.1283791670955126,10952.0,68.0,45.00001609038752,0.0,0.0,0.0
563,125,2.5231325220201604,10955.8,68.6,71.5650767661759,3.098386676965933,1.7888543819998317,5.207106781186548
564,50,1.5957691216057308,11163.5,68.0,90.00003218077504,2.0,0.0,0.0
565,50,1.5957691216057308,11183.5,68.0,90.00003218077504,2.0,0.0,0.0
566,50,1.5957691216057308,2252.5,69.0,90.00003218077504,2.0,0.0,0.0
567,25,1.1283791670955126,3857.0,69.0,45.00001609038752,0.0,0.0,0.0
568,25,1.1283791670955126,3893.0,69.0,45.00001609038752,0.0,0.0,0.0
569,25,1.1283791670955126,3922.0,69.0,45.00001609038752,0.0,0.0,0.0
570,50,1.5957691216057308,3934.5,69.0,90.00003218077504,2.0,0.0,0.0
571,25,1.1283791670955126,4083.0,69.0,45.00001609038752,0.0,0.0,0.0
572,25,1.1283791670955126,10917.0,69.0,45.00001609038752,0.0,0.0,0.0
573,50,1.5957691216057308,10920.5,69.0,90.00003218077504,2.0,0.0,0.0
574,50,1.5957691216057308,10943.5,69.0,90.00003218077504,2.0,0.0,0.0
575,50,1.5957691216057308,11148.5,69.0,90.00003218077504,2.0,0.0,0.0
576,25,1.1283791670955126,11182.0,69.0,45.00001609038752,0.0,0.0,0.0
577,25,1.1283791670955126,11185.0,69.0,45.00001609038752,0.0,0.0,0.0
578,25,1.1283791670955126,4219.0,70.0,45.00001609038752,0.0,0.0,0.0
579,25,1.1283791670955126,4260.0,70.0,45.00001609038752,0.0,0.0,0.0
580,25,1.1283791670955126,9105.0,70.0,45.00001609038752,0.0,0.0,0.0
581,525,5.170882945826411,1556.857142857143,73.28571428571429,-5.605318568698685,7.4370587406783795,5.538641696799176,17.621320343559645
582,25,1.1283791670955126,2285.0,71.0,45.00001609038752,0.0,0.0,0.0
583,25,1.1283791670955126,3789.0,71.0,45.00001609038752,0.0,0.0,0.0
584,125,2.5231325220201604,3857.4,72.2,18.43495541459913,3.098386676965933,1.7888543819998317,5.207106781186548
585,150,2.763953195770684,4084.3333333333335,72.0,71.5650767661759,4.618802153517007,1.8856180831641267,6.621320343559642
586,25,1.1283791670955126,4257.0,71.0,45.00001609038752,0.0,0.0,0.0
587,150,2.763953195770684,4291.666666666667,71.83333333333333,-63.434971504986684,3.0550504633038935,2.6666666666666665,6.414213562373095
588,325,4.068428945128219,5406.076923076923,73.0,-63.36432331281617,6.269682801768589,2.9319623137063267,10.863961030678928
589,50,1.5957691216057308,8344.0,71.5,0.0,2.0,0.0,0.0
590,25,1.1283791670955126,8707.0,71.0,45.00001609038752,0.0,0.0,0.0
591,50,1.5957691216057308,9106.0,71.5,0.0,2.0,0.0,0.0
592,100,2.256758334191025,10915.0,71.5,58.28254642828171,3.23606797749979,1.2360679774997898,4.414213562373095
593,25,1.1283791670955126,11157.0,71.0,45.00001609038752,0.0,0.0,0.0
594,75,1.9544100476116797,2287.6666666666665,72.33333333333333,-45.00001609038752,2.3094010767585034,1.3333333333333333,3.414213562373095
595,25,1.1283791670955126,3665.0,72.0,45.00001609038752,0.0,0.0,0.0
596,11375,24.069150231250354,3792.0615384615385,101.49230769230769,9.017190185485656,79.54204562226818,11.67129051052412,165.1543289325507
597,25,1.1283791670955126,3853.0,72.0,45.00001609038752,0.0,0.0,0.0
598,100,2.256758334191025,4123.0,72.75,90.00003218077504,2.8284271247461903,1.7320508075688772,4.621320343559642
599,400,4.51351666838205,4253.125,72.875,-89.06619242715044,7.4674108640101355,3.1205408165994895,12.449747468305834
600,25,1.1283791670955126,4261.0,72.0,45.00001609038752,0.0,0.0,0.0
601,125,2.5231325220201604,4296.4,72.6,45.000016090387525,3.9999999999999996,2.1166010488516727,3.0
602,100,2.256758334191025,4347.25,73.0,0.0,2.8284271247461903,1.7320508075688772,4.621320343559642
603,25,1.1283791670955126,8695.0,72.0,45.00001609038752,0.0,0.0,0.0
604,25,1.1283791670955126,8709.0,72.0,45.00001609038752,0.0,0.0,0.0
605,200,3.1915382432114616,8714.75,72.25,85.26886938506854,6.264845376455404,1.6588286255986004,7.207106781186548
606,100,2.256758334191025,8718.5,73.0,-31.71748575249332,3.23606797749979,1.2360679774997898,4.414213562373095
607,1000,7.136496464611085,8720.05,75.075,-68.68185167445931,14.059223507023981,5.235287420910555,32.89949493661166
608,25,1.1283791670955126,3795.0,73.0,45.00001609038752,0.0,0.0,0.0
609,25,1.1283791670955126,3950.0,73.0,45.00001609038752,0.0,0.0,0.0
610,25,1.1283791670955126,4234.0,73.0,45.00001609038752,0.0,0.0,0.0
611,25,1.1283791670955126,3902.0,74.0,45.00001609038752,0.0,0.0,0.0
612,25,1.1283791670955126,3936.0,74.0,45.00001609038752,0.0,0.0,0.0
613,25,1.1283791670955126,4059.0,74.0,45.00001609038752,0.0,0.0,0.0
614,25,1.1283791670955126,4121.0,74.0,45.00001609038752,0.0,0.0,0.0
615,25,1.1283791670955126,4125.0,74.0,45.00001609038752,0.0,0.0,0.0
616,25,1.1283791670955126,4233.0,74.0,45.00001609038752,0.0,0.0,0.0
617,25,1.1283791670955126,4262.0,74.0,45.00001609038752,0.0,0.0,0.0
618,225,3.385137501286538,8345.888888888889,76.44444444444444,22.127978310724952,6.753561505713558,1.6083960497158527,9.414213562373096
619,275,3.742410318509555,8710.636363636364,75.27272727272727,-82.02733137956251,4.619764216321038,3.422810223379187,9.035533905932738
620,50,1.5957691216057308,11172.5,74.0,90.00003218077504,2.0,0.0,0.0
621,25,1.1283791670955126,3856.0,75.0,45.00001609038752,0.0,0.0,0.0
622,450,4.787307364817192,3939.777777777778,76.66666666666667,-87.28598261727315,7.376944366915909,3.2508992799555165,14.449747468305834
623,125,2.5231325220201604,4062.6,76.0,90.00003218077504,3.2,2.5298221281347035,4.414213562373095
624,25,1.1283791670955126,4120.0,75.0,45.00001609038752,0.0,0.0,0.0
625,25,1.1283791670955126,4128.0,75.0,45.00001609038752,0.0,0.0,0.0
626,4300,14.798554040663838,4248.709302325581,92.69186046511628,9.051346849215458,39.62272604829554,7.068167824988953,102.11879502661797
627,25,1.1283791670955126,4263.0,75.0,45.00001609038752,0.0,0.0,0.0
628,225,3.385137501286538,4301.888888888889,75.88888888888889,-71.06253358385744,4.981090504906256,2.6064680419175823,8.242640687119286
629,50,1.5957691216057308,5923.5,75.0,90.00003218077504,2.0,0.0,0.0
630,325,4.068428945128219,10936.923076923076,76.6923076923077,81.73958313263375,5.7980308753803165,3.211204143460331,10.449747468305834
631,50,1.5957691216057308,10950.5,75.0,90.00003218077504,2.0,0.0,0.0
632,275,3.742410318509555,10953.545454545454,76.18181818181819,-52.310455698653655,4.237100656107277,3.415671638310551,9.82842712474619
633,25,1.1283791670955126,10958.0,75.0,45.00001609038752,0.0,0.0,0.0
634,25,1.1283791670955126,1637.0,76.0,45.00001609038752,0.0,0.0,0.0
635,100,2.256758334191025,3856.5,77.0,-31.71748575249332,3.23606797749979,1.2360679774997898,4.414213562373095
636,100,2.256758334191025,3894.0,76.25,90.00003218077504,2.8284271247461903,1.7320508075688772,4.621320343559642
637,25,1.1283791670955126,4119.0,76.0,45.00001609038752,0.0,0.0,0.0
638,25,1.1283791670955126,4131.0,76.0,45.00001609038752,0.0,0.0,0.0
639,125,2.5231325220201604,4217.4,76.8,-18.43495541459913,3.098386676965933,1.7888543819998317,5.207106781186548
640,25,1.1283791670955126,4233.0,76.0,45.00001609038752,0.0,0.0,0.0
641,25,1.1283791670955126,4249.0,76.0,45.00001609038752,0.0,0.0,0.0
642,1100,7.48482063701911,4256.409090909091,78.22727272727273,-86.73643244331235,10.70521958478836,7.512629097427435,34.48528137423857
643,50,1.5957691216057308,4348.5,76.0,90.00003218077504,2.0,0.0,0.0
644,125,2.5231325220201604,5419.2,76.4,71.5650767661759,3.098386676965933,1.7888543819998317,5.207106781186548
645,25,1.1283791670955126,5925.0,76.0,45.00001609038752,0.0,0.0,0.0
646,25,1.1283791670955126,5937.0,76.0,45.00001609038752,0.0,0.0,0.0
647,75,1.9544100476116797,8764.0,77.0,0.0,3.265986323710904,0.0,1.0
648,25,1.1283791670955126,10917.0,76.0,45.00001609038752,0.0,0.0,0.0
649,25,1.1283791670955126,10941.0,76.0,45.00001609038752,0.0,0.0,0.0
650,25,1.1283791670955126,1638.0,77.0,45.00001609038752,0.0,0.0,0.0
651,25,1.1283791670955126,4132.0,77.0,45.00001609038752,0.0,0.0,0.0
652,25,1.1283791670955126,4350.0,77.0,45.00001609038752,0.0,0.0,0.0
653,875,6.6755811781245455,4893.114285714286,80.6,-65.69426796365845,7.841226906962991,6.535870988101852,23.556349186104043
654,25,1.1283791670955126,5927.0,77.0,45.00001609038752,0.0,0.0,0.0
655,25,1.1283791670955126,10931.0,77.0,45.00001609038752,0.0,0.0,0.0
656,25,1.1283791670955126,10942.0,77.0,45.00001609038752,0.0,0.0,0.0
657,25,1.1283791670955126,4133.0,78.0,45.00001609038752,0.0,0.0,0.0
658,50,1.5957691216057308,5928.5,78.0,90.00003218077504,2.0,0.0,0.0
659,25,1.1283791670955126,11137.0,78.0,45.00001609038752,0.0,0.0,0.0
660,50,1.5957691216057308,3649.0,79.5,0.0,2.0,0.0,0.0
661,100,2.256758334191025,3880.5,79.5,45.00001609038752,2.0,2.0,4.0
662,25,1.1283791670955126,4117.0,79.0,45.00001609038752,0.0,0.0,0.0
663,75,1.9544100476116797,5933.666666666667,79.33333333333333,-45.00001609038752,2.3094010767585034,1.3333333333333333,3.414213562373095
664,350,4.222008245644752,10933.857142857143,80.71428571428571,-73.72502461532089,6.779522767812088,3.090028336819934,12.863961030678926
665,300,3.9088200952233594,10941.75,80.41666666666667,-85.73464785065292,6.151478945145331,2.526168840290749,9.621320343559642
666,25,1.1283791670955126,10948.0,79.0,45.00001609038752,0.0,0.0,0.0
667,500,5.046265044040321,11131.85,82.7,-16.422742612462297,8.488367121798223,3.653439968793105,18.692388155425117
668,25,1.1283791670955126,1605.0,80.0,45.00001609038752,0.0,0.0,0.0
669,75,1.9544100476116797,3895.6666666666665,80.66666666666667,45.00001609038752,2.3094010767585034,1.3333333333333333,3.414213562373095
670,125,2.5231325220201604,3901.8,80.6,71.5650767661759,3.098386676965933,1.7888543819998317,5.207106781186548
671,675,5.863230142835039,3923.962962962963,80.51851851851852,88.58218960128791,18.75095749467032,1.9446247962588643,26.207106781186546
672,100,2.256758334191025,3935.0,80.75,90.00003218077504,2.8284271247461903,1.7320508075688772,4.621320343559642
673,75,1.9544100476116797,3988.3333333333335,80.66666666666667,-45.00001609038752,2.3094010767585034,1.3333333333333333,3.414213562373095
674,175,2.985410660720923,3993.0,80.57142857142857,90.00003218077504,5.237229365663817,1.9794866372215747,7.414213562373095
675,25,1.1283791670955126,4093.0,80.0,45.00001609038752,0.0,0.0,0.0
676,10825,23.480049464818542,4206.997690531178,108.9284064665127,-10.167243197411674,53.03312216916317,19.688259611113605,235.03048327204937
677,25,1.1283791670955126,4230.0,80.0,45.00001609038752,0.0,0.0,0.0
678,25,1.1283791670955126,4261.0,80.0,45.00001609038752,0.0,0.0,0.0
679,100,2.256758334191025,4348.5,80.5,45.00001609038752,2.0,2.0,4.0
680,25,1.1283791670955126,4878.0,80.0,45.00001609038752,0.0,0.0,0.0
681,375,4.370193722368317,5378.6,80.6,-86.24848714383265,9.575194664791034,1.8607293725912863,14.0
682,25,1.1283791670955126,5407.0,80.0,45.00001609038752,0.0,0.0,0.0
683,25,1.1283791670955126,8687.0,80.0,45.00001609038752,0.0,0.0,0.0
684,175,2.985410660720923,8690.714285714286,80.85714285714286,-86.05846111304609,6.679120530303046,1.325404044229481,6.414213562373096
685,25,1.1283791670955126,10951.0,80.0,45.00001609038752,0.0,0.0,0.0
686,25,1.1283791670955126,11130.0,80.0,45.00001609038752,0.0,0.0,0.0
687,50,1.5957691216057308,11136.0,80.5,0.0,2.0,0.0,0.0
688,50,1.5957691216057308,4090.5,81.0,90.00003218077504,2.0,0.0,0.0
689,25,1.1283791670955126,8677.0,81.0,45.00001609038752,0.0,0.0,0.0
690,25,1.1283791670955126,8351.0,82.0,45.00001609038752,0.0,0.0,0.0
691,975,7.046725639945928,4255.615384615385,88.15384615384616,3.205721319711315,12.58574391671659,4.886627564926027,29.899494936611664
692,25,1.1283791670955126,4899.0,83.0,45.00001609038752,0.0,0.0,0.0
693,25,1.1283791670955126,8722.0,83.0,45.00001609038752,0.0,0.0,0.0
694,25,1.1283791670955126,10954.0,83.0,45.00001609038752,0.0,0.0,0.0
695,50,1.5957691216057308,1604.0,84.5,0.0,2.0,0.0,0.0
696,25,1.1283791670955126,4242.0,84.0,45.00001609038752,0.0,0.0,0.0
697,125,2.5231325220201604,4349.8,84.6,71.5650767661759,3.098386676965933,1.7888543819998317,5.207106781186548
698,25,1.1283791670955126,4898.0,84.0,45.00001609038752,0.0,0.0,0.0
699,25,1.1283791670955126,4900.0,84.0,45.00001609038752,0.0,0.0,0.0
700,4850,15.716503163191918,8732.417525773197,94.47938144329896,-86.51231722946727,23.600257400056996,18.213647601499765,122.49747468305833
701,1200,7.817640190446719,8764.770833333334,97.35416666666667,1.187742491788248,27.079574043104724,3.3440664998052796,42.207106781186546
702,25,1.1283791670955126,4896.0,85.0,45.00001609038752,0.0,0.0,0.0
703,25,1.1283791670955126,4893.0,86.0,45.00001609038752,0.0,0.0,0.0
704,25,1.1283791670955126,4903.0,86.0,45.00001609038752,0.0,0.0,0.0
705,25,1.1283791670955126,1636.0,87.0,45.00001609038752,0.0,0.0,0.0
706,25,1.1283791670955126,4337.0,87.0,45.00001609038752,0.0,0.0,0.0
707,100,2.256758334191025,4890.25,88.0,0.0,2.8284271247461903,1.7320508075688772,4.621320343559642
708,25,1.1283791670955126,4892.0,87.0,45.00001609038752,0.0,0.0,0.0
709,25,1.1283791670955126,4904.0,87.0,45.00001609038752,0.0,0.0,0.0
710,8950,21.349935761383176,8716.578212290502,108.44692737430168,14.858743245011766,50.93311706500399,21.508444659549088,241.6162697096763
711,25,1.1283791670955126,10317.0,87.0,45.00001609038752,0.0,0.0,0.0
712,25,1.1283791670955126,11154.0,87.0,45.00001609038752,0.0,0.0,0.0
713,100,2.256758334191025,1559.5,88.5,45.00001609038752,2.0,2.0,4.0
714,150,2.763953195770684,2239.0,88.5,90.00003218077504,3.265986323710904,2.0,6.0
715,25,1.1283791670955126,3950.0,88.0,45.00001609038752,0.0,0.0,0.0
716,350,4.222008245644752,4328.928571428572,89.28571428571429,-56.28002532759991,5.79774277771439,3.093517763460941,12.449747468305834
717,300,3.9088200952233594,4334.333333333333,89.66666666666667,-54.72003698000556,5.250513472342806,3.3975313667216978,11.242640687119284
718,25,1.1283791670955126,4351.0,88.0,45.00001609038752,0.0,0.0,0.0
719,25,1.1283791670955126,4905.0,88.0,45.00001609038752,0.0,0.0,0.0
720,125,2.5231325220201604,4940.2,89.6,5.152425076704936,4.093338188813543,1.5635160606788383,4.414213562373095
721,1325,8.214724333230155,8696.735849056604,92.33962264150944,86.55243179647421,15.739160704863895,7.605604120705554,42.798989873223334
722,25,1.1283791670955126,10954.0,88.0,45.00001609038752,0.0,0.0,0.0
723,25,1.1283791670955126,1635.0,89.0,45.00001609038752,0.0,0.0,0.0
724,125,2.5231325220201604,1637.8,89.8,45.00001609038752,4.0,1.3856406460551023,5.414213562373095
725,25,1.1283791670955126,3668.0,89.0,45.00001609038752,0.0,0.0,0.0
726,25,1.1283791670955126,3951.0,89.0,45.00001609038752,0.0,0.0,0.0
727,25,1.1283791670955126,4210.0,89.0,45.00001609038752,0.0,0.0,0.0
728,25,1.1283791670955126,4326.0,89.0,45.00001609038752,0.0,0.0,0.0
729,50,1.5957691216057308,4350.0,89.5,0.0,2.0,0.0,0.0
730,25,1.1283791670955126,4906.0,89.0,45.00001609038752,0.0,0.0,0.0
731,25,1.1283791670955126,1561.0,90.0,45.00001609038752,0.0,0.0,0.0
732,25,1.1283791670955126,4232.0,90.0,45.00001609038752,0.0,0.0,0.0
733,25,1.1283791670955126,4907.0,90.0,45.00001609038752,0.0,0.0,0.0
734,25,1.1283791670955126,1560.0,91.0,45.00001609038752,0.0,0.0,0.0
735,25,1.1283791670955126,4888.0,91.0,45.00001609038752,0.0,0.0,0.0
736,25,1.1283791670955126,8744.0,91.0,45.00001609038752,0.0,0.0,0.0
737,25,1.1283791670955126,1558.0,92.0,45.00001609038752,0.0,0.0,0.0
738,25,1.1283791670955126,1636.0,92.0,45.00001609038752,0.0,0.0,0.0
739,425,4.652426491681278,3904.764705882353,92.94117647058823,87.57094907834026,10.594602250414605,2.518459539009396,15.449747468305834
740,25,1.1283791670955126,4206.0,92.0,45.00001609038752,0.0,0.0,0.0
741,75,1.9544100476116797,4220.666666666667,92.33333333333333,-45.00001609038752,2.3094010767585034,1.3333333333333333,3.414213562373095
742,25,1.1283791670955126,4231.0,92.0,45.00001609038752,0.0,0.0,0.0
743,25,1.1283791670955126,4329.0,92.0,45.00001609038752,0.0,0.0,0.0
744,25,1.1283791670955126,4908.0,92.0,45.00001609038752,0.0,0.0,0.0
745,75,1.9544100476116797,3965.6666666666665,93.33333333333333,-45.00001609038752,2.3094010767585034,1.3333333333333333,3.414213562373095
746,25,1.1283791670955126,4116.0,93.0,45.00001609038752,0.0,0.0,0.0
747,50,1.5957691216057308,4232.0,93.5,0.0,2.0,0.0,0.0
748,75,1.9544100476116797,4327.0,93.0,90.00003218077504,3.265986323710904,0.0,1.0
749,25,1.1283791670955126,4332.0,93.0,45.00001609038752,0.0,0.0,0.0
750,50,1.5957691216057308,4334.5,93.0,90.00003218077504,2.0,0.0,0.0
751,25,1.1283791670955126,4887.0,93.0,45.00001609038752,0.0,0.0,0.0
752,25,1.1283791670955126,4205.0,94.0,45.00001609038752,0.0,0.0,0.0
753,25,1.1283791670955126,4210.0,94.0,45.00001609038752,0.0,0.0,0.0
754,25,1.1283791670955126,4325.0,94.0,45.00001609038752,0.0,0.0,0.0
755,25,1.1283791670955126,4348.0,94.0,45.00001609038752,0.0,0.0,0.0
756,675,5.863230142835039,3906.3333333333335,98.96296296296296,0.24814692170617017,8.809570776335006,5.656778632099205,22.520815280171306
757,25,1.1283791670955126,4117.0,95.0,45.00001609038752,0.0,0.0,0.0
758,25,1.1283791670955126,4218.0,95.0,45.00001609038752,0.0,0.0,0.0
759,25,1.1283791670955126,4233.0,95.0,45.00001609038752,0.0,0.0,0.0
760,75,1.9544100476116797,11156.333333333334,95.66666666666667,-45.00001609038752,2.3094010767585034,1.3333333333333333,3.414213562373095
761,125,2.5231325220201604,2238.0,96.8,-34.0993074495102,3.335641688875783,2.0575457524521585,5.621320343559642
762,75,1.9544100476116797,3669.6666666666665,96.66666666666667,45.00001609038752,2.3094010767585034,1.3333333333333333,3.414213562373095
763,175,2.985410660720923,3964.5714285714284,96.85714285714286,-67.50002413558127,5.044815499854966,1.8123273572878917,7.207106781186548
764,25,1.1283791670955126,3997.0,96.0,45.00001609038752,0.0,0.0,0.0
765,25,1.1283791670955126,4134.0,96.0,45.00001609038752,0.0,0.0,0.0
766,100,2.256758334191025,4200.75,96.75,71.5650767661759,3.4641016151377544,1.4142135623730951,3.2071067811865475
767,1100,7.48482063701911,4220.477272727273,100.04545454545455,-47.81743357287725,9.809473396682996,7.914669940989951,32.10660171779821
768,50,1.5957691216057308,5407.0,96.5,0.0,2.0,0.0,0.0
769,300,3.9088200952233594,8702.75,97.33333333333333,72.21965860193016,6.376499412636028,2.9261711267242423,11.449747468305834
770,25,1.1283791670955126,11150.0,96.0,45.00001609038752,0.0,0.0,0.0
771,200,3.1915382432114616,11153.0,96.625,90.00003218077504,4.898979485566356,1.9364916731037085,8.414213562373096
772,75,1.9544100476116797,11194.666666666666,96.66666666666667,45.00001609038752,2.3094010767585034,1.3333333333333333,3.414213562373095
773,150,2.763953195770684,3861.0,97.5,90.00003218077504,3.265986323710904,2.0,6.0
774,25,1.1283791670955126,3903.0,97.0,45.00001609038752,0.0,0.0,0.0
775,25,1.1283791670955126,3996.0,97.0,45.00001609038752,0.0,0.0,0.0
776,25,1.1283791670955126,4133.0,97.0,45.00001609038752,0.0,0.0,0.0
777,50,1.5957691216057308,4256.0,97.5,0.0,2.0,0.0,0.0
778,50,1.5957691216057308,5384.5,97.0,90.00003218077504,2.0,0.0,0.0
779,25,1.1283791670955126,8736.0,97.0,45.00001609038752,0.0,0.0,0.0
780,50,1.5957691216057308,11186.5,97.0,90.00003218077504,2.0,0.0,0.0
781,25,1.1283791670955126,4119.0,98.0,45.00001609038752,0.0,0.0,0.0
782,25,1.1283791670955126,4132.0,98.0,45.00001609038752,0.0,0.0,0.0
783,125,2.5231325220201604,8696.8,98.4,-71.5650767661759,3.098386676965933,1.7888543819998317,5.207106781186548
784,50,1.5957691216057308,8716.0,98.5,0.0,2.0,0.0,0.0
785,25,1.1283791670955126,11181.0,98.0,45.00001609038752,0.0,0.0,0.0
786,25,1.1283791670955126,11193.0,98.0,45.00001609038752,0.0,0.0,0.0
787,25,1.1283791670955126,11196.0,98.0,45.00001609038752,0.0,0.0,0.0
788,25,1.1283791670955126,4120.0,99.0,45.00001609038752,0.0,0.0,0.0
789,25,1.1283791670955126,4130.0,99.0,45.00001609038752,0.0,0.0,0.0
790,375,4.370193722368317,8702.0,100.6,75.24427762610267,7.6705931254880975,2.620814333347826,13.242640687119284
791,25,1.1283791670955126,11180.0,99.0,45.00001609038752,0.0,0.0,0.0
792,25,1.1283791670955126,1634.0,100.0,45.00001609038752,0.0,0.0,0.0
793,200,3.1915382432114616,2235.25,100.875,-54.64504264869654,4.507893913753563,2.104493398028036,8.242640687119284
794,25,1.1283791670955126,4121.0,100.0,45.00001609038752,0.0,0.0,0.0
795,25,1.1283791670955126,4125.0,100.0,45.00001609038752,0.0,0.0,0.0
796,125,2.5231325220201604,4353.2,100.4,71.5650767661759,3.098386676965933,1.7888543819998317,5.207106781186548
797,100,2.256758334191025,8694.5,100.5,45.00001609038752,2.0,2.0,4.0
798,300,3.9088200952233594,8714.5,101.41666666666667,72.61554768696764,5.176329757286759,3.2292154567402016,11.035533905932738
799,25,1.1283791670955126,8718.0,100.0,45.00001609038752,0.0,0.0,0.0
800,50,1.5957691216057308,8746.5,100.0,90.00003218077504,2.0,0.0,0.0
801,225,3.385137501286538,11152.111111111111,101.77777777777777,-23.64531347603306,5.670233719167884,2.0479571729792667,9.207106781186548
802,25,1.1283791670955126,11179.0,100.0,45.00001609038752,0.0,0.0,0.0
803,25,1.1283791670955126,2281.0,101.0,45.00001609038752,0.0,0.0,0.0
804,50,1.5957691216057308,3659.0,101.5,0.0,2.0,0.0,0.0
805,25,1.1283791670955126,4124.0,101.0,45.00001609038752,0.0,0.0,0.0
806,25,1.1283791670955126,4243.0,101.0,45.00001609038752,0.0,0.0,0.0
807,125,2.5231325220201604,8696.8,102.0,-55.900724731264845,3.335641688875783,2.0575457524521585,5.621320343559642
808,25,1.1283791670955126,8738.0,101.0,45.00001609038752,0.0,0.0,0.0
809,325,4.068428945128219,8742.615384615385,102.61538461538461,0.367260648446609,5.555583874687593,4.011741229562046,11.82842712474619
810,75,1.9544100476116797,11130.666666666666,101.33333333333333,-45.00001609038752,2.3094010767585034,1.3333333333333333,3.414213562373095
811,25,1.1283791670955126,11178.0,101.0,45.00001609038752,0.0,0.0,0.0
812,25,1.1283791670955126,1555.0,102.0,45.00001609038752,0.0,0.0,0.0
813,25,1.1283791670955126,2282.0,102.0,45.00001609038752,0.0,0.0,0.0
814,25,1.1283791670955126,3649.0,102.0,45.00001609038752,0.0,0.0,0.0
815,25,1.1283791670955126,4123.0,102.0,45.00001609038752,0.0,0.0,0.0
816,25,1.1283791670955126,4244.0,102.0,45.00001609038752,0.0,0.0,0.0
817,25,1.1283791670955126,5373.0,102.0,45.00001609038752,0.0,0.0,0.0
818,25,1.1283791670955126,8707.0,102.0,45.00001609038752,0.0,0.0,0.0
819,100,2.256758334191025,8718.5,103.0,-31.71748575249332,3.23606797749979,1.2360679774997898,4.414213562373095
820,25,1.1283791670955126,11177.0,102.0,45.00001609038752,0.0,0.0,0.0
821,25,1.1283791670955126,1556.0,103.0,45.00001609038752,0.0,0.0,0.0
822,25,1.1283791670955126,1632.0,103.0,45.00001609038752,0.0,0.0,0.0
823,600,5.527906391541368,3645.8333333333335,105.75,-63.28157056151103,6.651658698256246,5.2577871249034915,18.242640687119284
824,75,1.9544100476116797,3660.3333333333335,103.66666666666667,-45.00001609038752,2.3094010767585034,1.3333333333333333,3.414213562373095
825,250,3.5682482323055424,4120.7,105.3,-30.301984407428314,5.6919920017866135,2.5142050536098335,10.242640687119286
826,75,1.9544100476116797,4215.333333333333,103.66666666666667,-45.00001609038752,2.3094010767585034,1.3333333333333333,3.414213562373095
827,25,1.1283791670955126,8722.0,103.0,45.00001609038752,0.0,0.0,0.0
828,25,1.1283791670955126,8733.0,103.0,45.00001609038752,0.0,0.0,0.0
829,25,1.1283791670955126,3787.0,104.0,45.00001609038752,0.0,0.0,0.0
830,25,1.1283791670955126,4245.0,104.0,45.00001609038752,0.0,0.0,0.0
831,1000,7.136496464611085,5395.5,106.875,59.64000738257499,7.8038651654441935,6.69699100190277,22.899494936611664
832,25,1.1283791670955126,8724.0,104.0,45.00001609038752,0.0,0.0,0.0
833,2600,11.507254783503184,8738.14423076923,112.34615384615384,25.588687034170654,18.840658666231043,10.459204828186403,66.90559159102153
834,25,1.1283791670955126,11115.0,104.0,45.00001609038752,0.0,0.0,0.0
835,50,1.5957691216057308,488.5,105.0,90.00003218077504,2.0,0.0,0.0
836,600,5.527906391541368,1552.9583333333333,107.91666666666667,60.49448499900883,7.780106353661048,5.291287452359848,18.65685424949238
837,25,1.1283791670955126,1558.0,105.0,45.00001609038752,0.0,0.0,0.0
838,25,1.1283791670955126,3662.0,105.0,45.00001609038752,0.0,0.0,0.0
839,25,1.1283791670955126,3893.0,105.0,45.00001609038752,0.0,0.0,0.0
840,25,1.1283791670955126,4007.0,105.0,45.00001609038752,0.0,0.0,0.0
841,50,1.5957691216057308,4195.5,105.0,90.00003218077504,2.0,0.0,0.0
842,925,6.863662517577698,4220.864864864865,109.54054054054055,15.351327869693849,12.600273047758087,5.96802657348632,29.485281374238568
843,225,3.385137501286538,8723.555555555555,107.55555555555556,29.02282890899424,7.11163621838475,1.8836366654643646,9.621320343559642
844,425,4.652426491681278,8727.882352941177,107.70588235294117,23.898980281664134,7.3116669027781125,3.4289240560858003,15.242640687119284
845,175,2.985410660720923,11117.42857142857,106.28571428571429,67.50002413558121,3.6326956792329503,3.5032713079612168,5.414213562373095
846,75,1.9544100476116797,11153.333333333334,105.33333333333333,45.00001609038752,2.3094010767585034,1.3333333333333333,3.414213562373095
847,25,1.1283791670955126,413.0,106.0,45.00001609038752,0.0,0.0,0.0
848,125,2.5231325220201604,1832.0,108.0,0.0,5.656854249492381,0.0,3.0
849,25,1.1283791670955126,4194.0,106.0,45.00001609038752,0.0,0.0,0.0
850,50,1.5957691216057308,4200.0,106.5,0.0,2.0,0.0,0.0
851,25,1.1283791670955126,8730.0,106.0,45.00001609038752,0.0,0.0,0.0
852,25,1.1283791670955126,8745.0,106.0,45.00001609038752,0.0,0.0,0.0
853,50,1.5957691216057308,11155.5,106.0,90.00003218077504,2.0,0.0,0.0
854,25,1.1283791670955126,410.0,107.0,45.00001609038752,0.0,0.0,0.0
855,25,1.1283791670955126,490.0,107.0,45.00001609038752,0.0,0.0,0.0
856,25,1.1283791670955126,2265.0,107.0,45.00001609038752,0.0,0.0,0.0
857,25,1.1283791670955126,4224.0,107.0,45.00001609038752,0.0,0.0,0.0
858,25,1.1283791670955126,4238.0,107.0,45.00001609038752,0.0,0.0,0.0
859,250,3.5682482323055424,8719.7,108.6,53.97264591357367,6.0,2.5298221281347044,10.207106781186548
860,100,2.256758334191025,8742.5,107.5,45.00001609038752,2.0,2.0,4.0
861,25,1.1283791670955126,11158.0,107.0,45.00001609038752,0.0,0.0,0.0
862,25,1.1283791670955126,411.0,108.0,45.00001609038752,0.0,0.0,0.0
863,225,3.385137501286538,1562.4444444444443,109.11111111111111,63.43497150498664,4.618802153517006,2.351778943168525,7.621320343559642
864,75,1.9544100476116797,8731.333333333334,108.33333333333333,45.00001609038752,2.3094010767585034,1.3333333333333333,3.414213562373095
865,25,1.1283791670955126,2247.0,109.0,45.00001609038752,0.0,0.0,0.0
866,25,1.1283791670955126,3643.0,109.0,45.00001609038752,0.0,0.0,0.0
867,25,1.1283791670955126,3671.0,109.0,45.00001609038752,0.0,0.0,0.0
868,25,1.1283791670955126,3877.0,109.0,45.00001609038752,0.0,0.0,0.0
869,100,2.256758334191025,4223.5,109.5,45.00001609038752,2.0,2.0,4.0
870,25,1.1283791670955126,4355.0,109.0,45.00001609038752,0.0,0.0,0.0
871,75,1.9544100476116797,8689.666666666666,109.33333333333333,-45.00001609038752,2.3094010767585034,1.3333333333333333,3.414213562373095
872,50,1.5957691216057308,8744.5,109.0,90.00003218077504,2.0,0.0,0.0
873,25,1.1283791670955126,8747.0,109.0,45.00001609038752,0.0,0.0,0.0
874,25,1.1283791670955126,11175.0,109.0,45.00001609038752,0.0,0.0,0.0
875,25,1.1283791670955126,490.0,110.0,45.00001609038752,0.0,0.0,0.0
876,25,1.1283791670955126,1560.0,110.0,45.00001609038752,0.0,0.0,0.0
877,25,1.1283791670955126,1569.0,110.0,45.00001609038752,0.0,0.0,0.0
878,25,1.1283791670955126,3672.0,110.0,45.00001609038752,0.0,0.0,0.0
879,25,1.1283791670955126,4247.0,110.0,45.00001609038752,0.0,0.0,0.0
880,25,1.1283791670955126,5401.0,110.0,45.00001609038752,0.0,0.0,0.0
881,25,1.1283791670955126,8765.0,110.0,45.00001609038752,0.0,0.0,0.0
882,25,1.1283791670955126,1548.0,111.0,45.00001609038752,0.0,0.0,0.0
883,175,2.985410660720923,1554.5714285714287,112.28571428571429,71.56507676617589,3.7032803990902057,2.68023757704196,7.621320343559642
884,25,1.1283791670955126,3673.0,111.0,45.00001609038752,0.0,0.0,0.0
885,200,3.1915382432114616,5398.0,112.0,90.00003218077504,4.0,2.8284271247461903,6.621320343559642
886,25,1.1283791670955126,8718.0,111.0,45.00001609038752,0.0,0.0,0.0
887,525,5.170882945826411,488.95238095238096,114.95238095238095,-5.454811515982597,7.055637423859317,4.146448749517862,17.071067811865476
888,125,2.5231325220201604,2242.6,113.2,-18.43495541459913,3.098386676965933,1.7888543819998317,5.207106781186548
889,25,1.1283791670955126,2284.0,112.0,45.00001609038752,0.0,0.0,0.0
890,25,1.1283791670955126,3674.0,112.0,45.00001609038752,0.0,0.0,0.0
891,300,3.9088200952233594,3868.9166666666665,115.0,9.968374236972833,7.216143662660965,2.2692494049928102,12.414213562373096
892,125,2.5231325220201604,3901.2,112.4,71.5650767661759,3.098386676965933,1.7888543819998317,5.207106781186548
893,375,4.370193722368317,3942.6,112.8,83.53100170908914,8.41402250762318,2.4503520647471286,13.828427124746192
894,100,2.256758334191025,4336.5,113.0,-31.71748575249332,3.23606797749979,1.2360679774997898,4.414213562373095
895,450,4.787307364817192,4354.555555555556,114.66666666666667,-2.808791299386175,6.396714987815773,5.367535041933257,14.449747468305834
896,2075,10.280023453913834,5394.120481927711,118.40963855421687,27.763795790525847,18.18546474863052,7.467887786895957,51.42031021678298
897,100,2.256758334191025,1647.25,113.25,71.5650767661759,3.4641016151377544,1.4142135623730951,3.2071067811865475
898,75,1.9544100476116797,2245.6666666666665,113.33333333333333,-45.00001609038752,2.3094010767585034,1.3333333333333333,3.414213562373095
899,50,1.5957691216057308,2285.5,113.0,90.00003218077504,2.0,0.0,0.0
900,25,1.1283791670955126,3930.0,113.0,45.00001609038752,0.0,0.0,0.0
901,25,1.1283791670955126,4119.0,113.0,45.00001609038752,0.0,0.0,0.0
902,25,1.1283791670955126,8689.0,113.0,45.00001609038752,0.0,0.0,0.0
903,25,1.1283791670955126,8733.0,113.0,45.00001609038752,0.0,0.0,0.0
904,25,1.1283791670955126,11198.0,113.0,45.00001609038752,0.0,0.0,0.0
905,25,1.1283791670955126,3675.0,114.0,45.00001609038752,0.0,0.0,0.0
906,25,1.1283791670955126,5399.0,114.0,45.00001609038752,0.0,0.0,0.0
907,161325,90.6433383221073,6920.978924531226,160.3802882380288,-62.52555775941749,99.45144647035167,83.9889338283133,418.19090885900994
908,25,1.1283791670955126,8688.0,114.0,45.00001609038752,0.0,0.0,0.0
909,25,1.1283791670955126,8747.0,114.0,45.00001609038752,0.0,0.0,0.0
910,50,1.5957691216057308,1557.5,115.0,90.00003218077504,2.0,0.0,0.0
911,200,3.1915382432114616,2245.625,116.5,55.27804237523184,4.383492025865161,2.921471830974337,8.82842712474619
912,50,1.5957691216057308,3676.0,115.5,0.0,2.0,0.0,0.0
913,25,1.1283791670955126,3938.0,115.0,45.00001609038752,0.0,0.0,0.0
914,75,1.9544100476116797,3981.3333333333335,115.33333333333333,45.00001609038752,2.3094010767585034,1.3333333333333333,3.414213562373095
915,25,1.1283791670955126,8687.0,115.0,45.00001609038752,0.0,0.0,0.0
916,25,1.1283791670955126,8732.0,115.0,45.00001609038752,0.0,0.0,0.0
917,25,1.1283791670955126,11197.0,115.0,45.00001609038752,0.0,0.0,0.0
918,125,2.5231325220201604,2262.2,117.0,55.900724731264845,3.335641688875783,2.0575457524521585,5.621320343559642
919,25,1.1283791670955126,3910.0,116.0,45.00001609038752,0.0,0.0,0.0
920,250,3.5682482323055424,3968.1,117.0,90.00003218077504,6.3118935352238,2.5298221281347035,9.414213562373096
921,100,2.256758334191025,3992.75,116.75,18.43495541459913,3.4641016151377544,1.4142135623730951,3.2071067811865475
922,25,1.1283791670955126,4118.0,116.0,45.00001609038752,0.0,0.0,0.0
923,25,1.1283791670955126,4294.0,116.0,45.00001609038752,0.0,0.0,0.0
924,25,1.1283791670955126,4351.0,116.0,45.00001609038752,0.0,0.0,0.0
925,75,1.9544100476116797,5373.333333333333,116.33333333333333,45.00001609038752,2.3094010767585034,1.3333333333333333,3.414213562373095
926,175,2.985410660720923,11175.857142857143,117.14285714285714,-72.23118693128777,5.187403929950302,2.106603722356525,6.414213562373096
927,25,1.1283791670955126,11196.0,116.0,45.00001609038752,0.0,0.0,0.0
928,25,1.1283791670955126,2270.0,117.0,45.00001609038752,0.0,0.0,0.0
929,25,1.1283791670955126,3677.0,117.0,45.00001609038752,0.0,0.0,0.0
930,100,2.256758334191025,3921.25,118.0,0.0,2.8284271247461903,1.7320508075688772,4.621320343559642
931,25,1.1283791670955126,8727.0,117.0,45.00001609038752,0.0,0.0,0.0
932,200,3.1915382432114616,8731.125,118.625,33.01876731903472,4.487387140792187,2.3158921927958827,7.207106781186548
933,25,1.1283791670955126,11195.0,117.0,45.00001609038752,0.0,0.0,0.0
934,25,1.1283791670955126,1579.0,118.0,45.00001609038752,0.0,0.0,0.0
935,750,6.180387232371033,2245.3,121.43333333333334,52.72602417349503,8.843065982364473,5.318747307443468,22.899494936611667
936,100,2.256758334191025,3899.0,118.5,-58.28254642828171,3.23606797749979,1.2360679774997898,4.414213562373095
937,25,1.1283791670955126,11181.0,118.0,45.00001609038752,0.0,0.0,0.0
938,25,1.1283791670955126,11193.0,118.0,45.00001609038752,0.0,0.0,0.0
939,25,1.1283791670955126,490.0,119.0,45.00001609038752,0.0,0.0,0.0
940,25,1.1283791670955126,2241.0,119.0,45.00001609038752,0.0,0.0,0.0
941,50,1.5957691216057308,2266.0,119.5,0.0,2.0,0.0,0.0
942,50,1.5957691216057308,3676.0,119.5,0.0,2.0,0.0,0.0
943,25,1.1283791670955126,4117.0,119.0,45.00001609038752,0.0,0.0,0.0
944,25,1.1283791670955126,4858.0,119.0,45.00001609038752,0.0,0.0,0.0
945,25,1.1283791670955126,4885.0,119.0,45.00001609038752,0.0,0.0,0.0
946,25,1.1283791670955126,8728.0,119.0,45.00001609038752,0.0,0.0,0.0
947,25,1.1283791670955126,11173.0,119.0,45.00001609038752,0.0,0.0,0.0
948,25,1.1283791670955126,11184.0,119.0,45.00001609038752,0.0,0.0,0.0
949,75,1.9544100476116797,11190.0,119.0,90.00003218077504,3.265986323710904,0.0,1.0
950,75,1.9544100476116797,1580.6666666666667,120.33333333333333,-45.00001609038752,2.3094010767585034,1.3333333333333333,3.414213562373095
951,275,3.742410318509555,3909.6363636363635,121.81818181818181,-29.767238183963983,5.664042473303187,2.44974845417171,10.65685424949238
952,50,1.5957691216057308,3926.5,120.0,90.00003218077504,2.0,0.0,0.0
953,25,1.1283791670955126,4192.0,120.0,45.00001609038752,0.0,0.0,0.0
954,25,1.1283791670955126,4352.0,120.0,45.00001609038752,0.0,0.0,0.0
955,375,4.370193722368317,5375.266666666666,123.73333333333333,9.538549070545995,8.811683918932975,2.326371485940243,15.207106781186548
956,75,1.9544100476116797,5399.333333333333,120.66666666666667,-45.00001609038752,2.3094010767585034,1.3333333333333333,3.414213562373095
957,100,2.256758334191025,11105.5,121.0,31.71748575249332,3.23606797749979,1.2360679774997898,4.414213562373095
958,75,1.9544100476116797,3677.0,122.0,0.0,3.265986323710904,0.0,1.0
959,50,1.5957691216057308,3919.5,121.0,90.00003218077504,2.0,0.0,0.0
960,25,1.1283791670955126,3935.0,121.0,45.00001609038752,0.0,0.0,0.0
961,25,1.1283791670955126,4191.0,121.0,45.00001609038752,0.0,0.0,0.0
962,50,1.5957691216057308,8730.0,121.5,0.0,2.0,0.0,0.0
963,25,1.1283791670955126,8733.0,121.0,45.00001609038752,0.0,0.0,0.0
964,75,1.9544100476116797,8739.333333333334,121.66666666666667,-45.00001609038752,2.3094010767585034,1.3333333333333333,3.414213562373095
965,25,1.1283791670955126,8743.0,121.0,45.00001609038752,0.0,0.0,0.0
966,75,1.9544100476116797,11113.333333333334,121.33333333333333,45.00001609038752,2.3094010767585034,1.3333333333333333,3.414213562373095
967,25,1.1283791670955126,11116.0,121.0,45.00001609038752,0.0,0.0,0.0
968,25,1.1283791670955126,2281.0,122.0,45.00001609038752,0.0,0.0,0.0
969,25,1.1283791670955126,2970.0,122.0,45.00001609038752,0.0,0.0,0.0
970,25,1.1283791670955126,3870.0,122.0,45.00001609038752,0.0,0.0,0.0
971,50,1.5957691216057308,4116.0,122.5,0.0,2.0,0.0,0.0
972,25,1.1283791670955126,4192.0,122.0,45.00001609038752,0.0,0.0,0.0
973,25,1.1283791670955126,4203.0,122.0,45.00001609038752,0.0,0.0,0.0
974,25,1.1283791670955126,11103.0,122.0,45.00001609038752,0.0,0.0,0.0
975,25,1.1283791670955126,11115.0,122.0,45.00001609038752,0.0,0.0,0.0
976,1350,8.291859587312052,395.8703703703704,129.22222222222223,18.559004586881215,13.02014941046404,7.082193527368264,36.76345596729059
977,225,3.385137501286538,3914.1111111111113,124.11111111111111,78.01878340942224,4.0171906061502325,2.8906758369544234,8.414213562373096
978,250,3.5682482323055424,4856.6,124.1,-80.69218284895732,4.843508650621465,2.7240455119830576,8.035533905932738
979,50,1.5957691216057308,4860.5,123.0,90.00003218077504,2.0,0.0,0.0
980,25,1.1283791670955126,8715.0,123.0,45.00001609038752,0.0,0.0,0.0
981,1925,9.901487006738307,8735.402597402597,127.71428571428571,-25.624580951165868,13.21563439933211,8.717395529767709,39.798989873223334
982,2950,12.257335203001883,11112.889830508475,127.67796610169492,88.04257894661119,30.263786392906052,9.084103105365104,68.00609665440989
983,17555500,945.5655837137507,972.0684457862209,556.2089729714335,-81.05823058094853,1229.9738773552217,762.5714949183844,6569.9439354130045
984,175,2.985410660720923,2251.1428571428573,124.57142857142857,-75.32115016073907,5.133805351608395,1.5423153015346889,6.207106781186548
985,25,1.1283791670955126,2256.0,124.0,45.00001609038752,0.0,0.0,0.0
986,25,1.1283791670955126,2972.0,124.0,45.00001609038752,0.0,0.0,0.0
987,50,1.5957691216057308,3678.0,124.5,0.0,2.0,0.0,0.0
988,50,1.5957691216057308,4286.0,124.5,0.0,2.0,0.0,0.0
989,25,1.1283791670955126,4335.0,124.0,45.00001609038752,0.0,0.0,0.0
990,1750,9.440697438826296,8745.857142857143,129.28571428571428,-8.089230397955681,12.637284017699008,7.916211189374922,39.3492424049175
991,25,1.1283791670955126,2257.0,125.0,45.00001609038752,0.0,0.0,0.0
992,25,1.1283791670955126,3911.0,125.0,45.00001609038752,0.0,0.0,0.0
993,100,2.256758334191025,3917.75,125.25,-71.5650767661759,3.4641016151377544,1.4142135623730951,3.2071067811865475
994,25,1.1283791670955126,4238.0,125.0,45.00001609038752,0.0,0.0,0.0
995,25,1.1283791670955126,4279.0,125.0,45.00001609038752,0.0,0.0,0.0
996,25,1.1283791670955126,8753.0,125.0,45.00001609038752,0.0,0.0,0.0
997,25,1.1283791670955126,3912.0,126.0,45.00001609038752,0.0,0.0,0.0
998,50,1.5957691216057308,4237.0,126.5,0.0,2.0,0.0,0.0
999,325,4.068428945128219,4858.461538461538,128.0,-62.934934262129964,5.178126215393372,3.4095276388293323,11.65685424949238
1000,25,1.1283791670955126,11035.0,126.0,45.00001609038752,0.0,0.0,0.0
1001,25,1.1283791670955126,3973.0,127.0,45.00001609038752,0.0,0.0,0.0
1002,725,6.076507779746499,3995.137931034483,133.10344827586206,5.325965684596938,13.926725127532773,3.371024534705435,22.242640687119284
1003,50,1.5957691216057308,4115.0,127.5,0.0,2.0,0.0,0.0
1004,25,1.1283791670955126,4259.0,127.0,45.00001609038752,0.0,0.0,0.0
1005,25,1.1283791670955126,8719.0,127.0,45.00001609038752,0.0,0.0,0.0
1006,50,1.5957691216057308,8753.0,127.5,0.0,2.0,0.0,0.0
1007,825,6.4820448144285745,1570.1818181818182,128.57575757575756,-88.83686510191305,19.33717259399221,2.1738745038512404,32.62132034355964
1008,525,5.170882945826411,1580.142857142857,130.23809523809524,-60.18040263635155,12.853630717135722,3.211311579200448,19.414213562373096
1009,25,1.1283791670955126,2930.0,128.0,45.00001609038752,0.0,0.0,0.0
1010,150,2.763953195770684,4262.0,128.5,90.00003218077504,3.265986323710904,2.0,6.0
1011,25,1.1283791670955126,2278.0,129.0,45.00001609038752,0.0,0.0,0.0
1012,50,1.5957691216057308,2287.5,129.0,90.00003218077504,2.0,0.0,0.0
1013,50,1.5957691216057308,8717.5,129.0,90.00003218077504,2.0,0.0,0.0
1014,25,1.1283791670955126,8719.0,130.0,45.00001609038752,0.0,0.0,0.0
1015,1525,8.812923024107548,3976.344262295082,135.40983606557376,54.287681673441874,11.980984540348471,8.18255843863545,40.48528137423857
1016,1375,8.368283871884005,8725.6,135.3272727272727,62.62118525288543,15.278941838331555,6.882668551043716,45.17766952966369
1017,100,2.256758334191025,1562.25,132.25,71.5650767661759,3.4641016151377544,1.4142135623730951,3.2071067811865475
1018,75,1.9544100476116797,2264.6666666666665,132.33333333333334,-45.00001609038752,2.3094010767585034,1.3333333333333333,3.414213562373095
1019,375,4.370193722368317,3912.9333333333334,132.46666666666667,89.6786749873631,9.629729010924851,1.994850943620442,15.414213562373096
1020,575,5.4115163798060095,3920.3478260869565,133.82608695652175,-55.73000029228685,6.868139226010194,5.321846231811968,16.242640687119284
1021,25,1.1283791670955126,3939.0,132.0,45.00001609038752,0.0,0.0,0.0
1022,50,1.5957691216057308,3969.5,132.0,90.00003218077504,2.0,0.0,0.0
1023,3650,13.63425735166143,4207.568493150685,139.08219178082192,26.996427580248984,21.398263894693013,16.816892275727934,97.94112549695429
1024,125,2.5231325220201604,4282.8,132.6,71.5650767661759,3.098386676965933,1.7888543819998317,5.207106781186548
1025,150,2.763953195770684,8717.0,132.83333333333334,53.130121351576776,3.8297084310253524,1.8856180831641265,6.207106781186548
1026,100,2.256758334191025,8753.5,133.0,31.71748575249332,3.23606797749979,1.2360679774997898,4.414213562373095
1027,425,4.652426491681278,10321.058823529413,135.41176470588235,21.975266846037666,12.338053496659708,2.6242375587538325,15.0
1028,100,2.256758334191025,11138.0,132.5,58.28254642828171,3.23606797749979,1.2360679774997898,4.414213562373095
1029,25,1.1283791670955126,3908.0,133.0,45.00001609038752,0.0,0.0,0.0
1030,50,1.5957691216057308,8741.5,133.0,90.00003218077504,2.0,0.0,0.0
1031,50,1.5957691216057308,8751.0,133.5,0.0,2.0,0.0,0.0
1032,25,1.1283791670955126,11090.0,133.0,45.00001609038752,0.0,0.0,0.0
1033,25,1.1283791670955126,11110.0,133.0,45.00001609038752,0.0,0.0,0.0
1034,350,4.222008245644752,394.2142857142857,135.92857142857142,74.19165626784809,8.728590294708683,3.1388736504752806,14.621320343559644
1035,25,1.1283791670955126,1558.0,134.0,45.00001609038752,0.0,0.0,0.0
1036,25,1.1283791670955126,1574.0,134.0,45.00001609038752,0.0,0.0,0.0
1037,35400,42.46065467400368,4276.99011299435,190.54661016949152,-0.5364912159902651,123.85598383713108,25.33834692555468,621.6061684419096
1038,100,2.256758334191025,401.5,135.5,45.00001609038752,2.0,2.0,4.0
1039,50,1.5957691216057308,3910.5,135.0,90.00003218077504,2.0,0.0,0.0
1040,275,3.742410318509555,3915.0,136.27272727272728,87.38129321100189,6.155055566269824,2.452777491419034,8.621320343559642
1041,450,4.787307364817192,3952.6666666666665,137.94444444444446,-14.169571084477043,6.344276592605033,5.937703879112704,14.621320343559642
1042,25,1.1283791670955126,4195.0,135.0,45.00001609038752,0.0,0.0,0.0
1043,25,1.1283791670955126,4288.0,135.0,45.00001609038752,0.0,0.0,0.0
1044,25,1.1283791670955126,4884.0,135.0,45.00001609038752,0.0,0.0,0.0
1045,1600,9.0270333367641,8737.0625,140.28125,1.7719793463565896,11.803325134299662,7.166128018254338,30.31370849898476
1046,50,1.5957691216057308,1575.5,136.0,90.00003218077504,2.0,0.0,0.0
1047,425,4.652426491681278,2242.823529411765,138.94117647058823,6.497310719162916,6.381055981102704,4.132968972120518,14.65685424949238
1048,125,2.5231325220201604,2967.8,136.4,-71.5650767661759,3.098386676965933,1.7888543819998317,5.207106781186548
1049,25,1.1283791670955126,3957.0,136.0,45.00001609038752,0.0,0.0,0.0
1050,75,1.9544100476116797,3969.6666666666665,136.33333333333334,-45.00001609038752,2.3094010767585034,1.3333333333333333,3.414213562373095
1051,25,1.1283791670955126,3983.0,136.0,45.00001609038752,0.0,0.0,0.0
1052,50,1.5957691216057308,4228.5,136.0,90.00003218077504,2.0,0.0,0.0
1053,100,2.256758334191025,4253.5,136.0,90.00003218077504,4.47213595499958,0.0,2.0
1054,50,1.5957691216057308,4265.5,136.0,90.00003218077504,2.0,0.0,0.0
1055,575,5.4115163798060095,4273.782608695652,140.0,-5.226537540719582,10.115771222875914,3.2103478389365883,17.65685424949238
1056,100,2.256758334191025,4289.5,136.5,45.00001609038752,2.0,2.0,4.0
1057,100,2.256758334191025,4340.5,136.5,45.00001609038752,2.0,2.0,4.0
1058,25,1.1283791670955126,8714.0,136.0,45.00001609038752,0.0,0.0,0.0
1059,1625,9.09728368293446,8719.523076923077,144.03076923076924,19.813088733899157,15.468016468133314,6.805644561869461,41.21320343559643
1060,2150,10.464157913908982,8742.872093023256,146.8139534883721,-28.68594124189232,24.96665891177321,11.315317640604853,75.38477631085024
1061,25,1.1283791670955126,8750.0,136.0,45.00001609038752,0.0,0.0,0.0
1062,25,1.1283791670955126,399.0,137.0,45.00001609038752,0.0,0.0,0.0
1063,25,1.1283791670955126,3956.0,137.0,45.00001609038752,0.0,0.0,0.0
1064,25,1.1283791670955126,3982.0,137.0,45.00001609038752,0.0,0.0,0.0
1065,25,1.1283791670955126,4207.0,137.0,45.00001609038752,0.0,0.0,0.0
1066,25,1.1283791670955126,4251.0,137.0,45.00001609038752,0.0,0.0,0.0
1067,100,2.256758334191025,3920.75,138.75,71.5650767661759,3.4641016151377544,1.4142135623730951,3.2071067811865475
1068,25,1.1283791670955126,316.0,139.0,45.00001609038752,0.0,0.0,0.0
1069,875,6.6755811781245455,397.0,140.71428571428572,82.6584196794804,9.066201633611222,5.630085744438145,23.48528137423857
1070,25,1.1283791670955126,1579.0,139.0,45.00001609038752,0.0,0.0,0.0
1071,25,1.1283791670955126,3924.0,139.0,45.00001609038752,0.0,0.0,0.0
1072,250,3.5682482323055424,3968.6,140.6,8.349625102522491,6.033538955820664,3.110692474127665,10.65685424949238
1073,25,1.1283791670955126,3971.0,139.0,45.00001609038752,0.0,0.0,0.0
1074,125,2.5231325220201604,4196.8,139.6,71.5650767661759,3.098386676965933,1.7888543819998317,5.207106781186548
1075,350,4.222008245644752,4216.5,141.42857142857142,5.6681155274900314,6.566262265667657,2.8689961021199117,12.035533905932738
1076,25,1.1283791670955126,4352.0,139.0,45.00001609038752,0.0,0.0,0.0
1077,125,2.5231325220201604,5376.8,139.4,-71.5650767661759,3.098386676965933,1.7888543819998317,5.207106781186548
1078,425,4.652426491681278,8724.823529411764,140.05882352941177,68.08221836381495,7.2711912537629155,3.786931530350338,12.414213562373096
1079,150,2.763953195770684,11099.0,139.5,90.00003218077504,3.265986323710904,2.0,6.0
1080,25,1.1283791670955126,3778.0,140.0,45.00001609038752,0.0,0.0,0.0
1081,25,1.1283791670955126,10320.0,140.0,45.00001609038752,0.0,0.0,0.0
1082,25,1.1283791670955126,2246.0,141.0,45.00001609038752,0.0,0.0,0.0
1083,75,1.9544100476116797,3950.6666666666665,141.66666666666666,45.00001609038752,2.3094010767585034,1.3333333333333333,3.414213562373095
1084,50,1.5957691216057308,3972.0,141.5,0.0,2.0,0.0,0.0
1085,50,1.5957691216057308,416.5,142.0,90.00003218077504,2.0,0.0,0.0
1086,1875,9.772050238058398,420.18666666666667,148.64,-3.4629128897040666,13.265786997165076,8.977069913659736,48.62741699796952
1087,1275,8.058239062071396,2246.4117647058824,146.0,-51.78687479253617,10.673061333561611,8.406371193857952,35.520815280171306
1088,4850,15.716503163191918,3976.8762886597938,152.4742268041237,52.39798093246768,31.143922972833614,13.287717953320795,98.46194077712559
1089,25,1.1283791670955126,4021.0,142.0,45.00001609038752,0.0,0.0,0.0
1090,25,1.1283791670955126,5376.0,142.0,45.00001609038752,0.0,0.0,0.0
1091,175,2.985410660720923,8715.0,143.71428571428572,33.40071668607108,4.796702691401646,1.7646790841090736,7.207106781186548
1092,25,1.1283791670955126,8750.0,142.0,45.00001609038752,0.0,0.0,0.0
1093,200,3.1915382432114616,10320.5,143.5,45.00001609038752,4.242640687119285,2.449489742783178,5.656854249492381
1094,25,1.1283791670955126,10323.0,142.0,45.00001609038752,0.0,0.0,0.0
1095,100,2.256758334191025,11133.0,142.25,90.00003218077504,2.8284271247461903,1.7320508075688772,4.621320343559642
1096,250,3.5682482323055424,8728.7,144.4,79.69518202736516,5.138093031466052,2.529822128134703,8.82842712474619
1097,25,1.1283791670955126,315.0,144.0,45.00001609038752,0.0,0.0,0.0
1098,150,2.763953195770684,3777.5,145.0,-75.12758621445207,3.9210761914129773,2.1506188646839077,6.82842712474619
1099,25,1.1283791670955126,4597.0,144.0,45.00001609038752,0.0,0.0,0.0
1100,50,1.5957691216057308,8747.5,144.0,90.00003218077504,2.0,0.0,0.0
1101,25,1.1283791670955126,10324.0,144.0,45.00001609038752,0.0,0.0,0.0
1102,25,1.1283791670955126,316.0,145.0,45.00001609038752,0.0,0.0,0.0
1103,25,1.1283791670955126,395.0,145.0,45.00001609038752,0.0,0.0,0.0
1104,175,2.985410660720923,399.7142857142857,145.57142857142858,-81.65040707825254,4.155374705678736,1.9054711331003737,7.207106781186548
1105,25,1.1283791670955126,2265.0,145.0,45.00001609038752,0.0,0.0,0.0
1106,25,1.1283791670955126,2302.0,145.0,45.00001609038752,0.0,0.0,0.0
1107,25,1.1283791670955126,3983.0,145.0,45.00001609038752,0.0,0.0,0.0
1108,25,1.1283791670955126,4596.0,145.0,45.00001609038752,0.0,0.0,0.0
1109,25,1.1283791670955126,8741.0,145.0,45.00001609038752,0.0,0.0,0.0
1110,75,1.9544100476116797,10323.0,146.0,0.0,3.265986323710904,0.0,1.0
1111,25,1.1283791670955126,11099.0,145.0,45.00001609038752,0.0,0.0,0.0
1112,25,1.1283791670955126,317.0,146.0,45.00001609038752,0.0,0.0,0.0
1113,25,1.1283791670955126,3686.0,146.0,45.00001609038752,0.0,0.0,0.0
1114,50,1.5957691216057308,3981.5,146.0,90.00003218077504,2.0,0.0,0.0
1115,25,1.1283791670955126,4288.0,146.0,45.00001609038752,0.0,0.0,0.0
1116,50,1.5957691216057308,8733.5,146.0,90.00003218077504,2.0,0.0,0.0
1117,25,1.1283791670955126,8739.0,146.0,45.00001609038752,0.0,0.0,0.0
1118,25,1.1283791670955126,8748.0,146.0,45.00001609038752,0.0,0.0,0.0
1119,250,3.5682482323055424,10321.8,148.6,52.2351657274498,5.987069298070013,3.9185458042630357,9.449747468305832
1120,500,5.046265044040321,4267.45,150.55,-12.11387699046387,8.387808004915946,3.9955821694301297,17.65685424949238
1121,25,1.1283791670955126,10319.0,147.0,45.00001609038752,0.0,0.0,0.0
1122,5275,16.39065416446578,395.4691943127962,160.28436018957345,5.156524978060508,29.003079164437416,13.530923965958953,117.04772721475248
1123,25,1.1283791670955126,2934.0,148.0,45.00001609038752,0.0,0.0,0.0
1124,25,1.1283791670955126,2943.0,148.0,45.00001609038752,0.0,0.0,0.0
1125,150,2.763953195770684,3923.1666666666665,149.0,36.86991082919827,3.8297084310253524,1.8856180831641272,6.207106781186548
1126,100,2.256758334191025,4214.5,148.5,45.00001609038752,2.0,2.0,4.0
1127,150,2.763953195770684,4347.833333333333,149.33333333333334,26.565060675788352,3.0550504633038935,2.6666666666666665,6.414213562373095
1128,25,1.1283791670955126,5375.0,148.0,45.00001609038752,0.0,0.0,0.0
1129,25,1.1283791670955126,6969.0,148.0,45.00001609038752,0.0,0.0,0.0
1130,75,1.9544100476116797,8732.333333333334,148.66666666666666,-45.00001609038752,2.3094010767585034,1.3333333333333333,3.414213562373095
1131,50,1.5957691216057308,8748.5,148.0,90.00003218077504,2.0,0.0,0.0
1132,25,1.1283791670955126,401.0,149.0,45.00001609038752,0.0,0.0,0.0
1133,50,1.5957691216057308,2895.0,149.5,0.0,2.0,0.0,0.0
1134,100,2.256758334191025,2932.5,149.5,45.00001609038752,2.0,2.0,4.0
1135,50,1.5957691216057308,2942.0,149.5,0.0,2.0,0.0,0.0
1136,25,1.1283791670955126,4272.0,149.0,45.00001609038752,0.0,0.0,0.0
1137,25,1.1283791670955126,5376.0,149.0,45.00001609038752,0.0,0.0,0.0
1138,25,1.1283791670955126,8716.0,149.0,45.00001609038752,0.0,0.0,0.0
1139,25,1.1283791670955126,8725.0,149.0,45.00001609038752,0.0,0.0,0.0
1140,100,2.256758334191025,8728.0,149.5,-58.28254642828171,3.23606797749979,1.2360679774997898,4.414213562373095
1141,25,1.1283791670955126,8731.0,150.0,45.00001609038752,0.0,0.0,0.0
1142,2650,11.617374563210365,8728.311320754718,159.4245283018868,-6.323007400538696,22.645327911082436,12.083049638054606,71.31980515339464
1143,25,1.1283791670955126,8732.0,151.0,45.00001609038752,0.0,0.0,0.0
1144,25,1.1283791670955126,1561.0,152.0,45.00001609038752,0.0,0.0,0.0
1145,150,2.763953195770684,3987.5,152.66666666666666,90.00003218077504,3.8297084310253524,1.8856180831641272,6.414213562373095
1146,200,3.1915382432114616,4243.5,153.0,90.00003218077504,4.47213595499958,2.8284271247461903,8.414213562373096
1147,300,3.9088200952233594,4273.25,153.0,79.16073373522454,7.981793330025929,2.4408281183688985,12.621320343559642
1148,100,2.256758334191025,4288.5,152.5,45.00001609038752,2.0,2.0,4.0
1149,425,4.652426491681278,8773.058823529413,158.23529411764707,11.715858932916529,13.975189883027195,1.5300740363994563,15.0
1150,225,3.385137501286538,10322.444444444445,152.66666666666666,89.05593783983039,6.286170391954507,1.8830268713898473,9.621320343559642
1151,50,1.5957691216057308,413.0,153.5,0.0,2.0,0.0,0.0
1152,100,2.256758334191025,1559.5,153.5,45.00001609038752,2.0,2.0,4.0
1153,25,1.1283791670955126,3991.0,153.0,45.00001609038752,0.0,0.0,0.0
1154,75,1.9544100476116797,8749.666666666666,153.33333333333334,-45.00001609038752,2.3094010767585034,1.3333333333333333,3.414213562373095
1155,25,1.1283791670955126,4123.0,154.0,45.00001609038752,0.0,0.0,0.0
1156,2250,10.704744696916627,2255.8444444444444,158.34444444444443,-86.8810054776898,32.59997482529298,9.504419344140707,70.69848480983501
1157,150,2.763953195770684,10233.0,157.5,0.0,6.831300510639732,0.0,4.0
1158,25,1.1283791670955126,400.0,156.0,45.00001609038752,0.0,0.0,0.0
1159,600,5.527906391541368,405.2916666666667,158.0,62.050659284207946,7.042083111544948,5.200764784046891,16.863961030678926
1160,25,1.1283791670955126,411.0,156.0,45.00001609038752,0.0,0.0,0.0
1161,5425,16.622063085174787,414.3271889400922,164.48387096774192,-55.54795389304822,31.26680617578047,13.896482429317748,126.04772721475248
1162,2650,11.617374563210365,435.9811320754717,164.16037735849056,25.007916209898614,17.930854302254826,9.046591544106068,50.04163056034261
1163,100,2.256758334191025,1558.5,157.0,-31.71748575249332,3.23606797749979,1.2360679774997898,4.414213562373095
1164,4850,15.716503163191918,2907.0876288659792,163.76288659793815,72.50912697386792,17.44062096198132,17.107249493303936,80.63351365237939
1165,75,1.9544100476116797,3924.3333333333335,156.66666666666666,-45.00001609038752,2.3094010767585034,1.3333333333333333,3.414213562373095
1166,10750,23.398568422792877,3971.1302325581396,185.87674418604652,3.8457971456367623,68.35945671837625,21.162395448448724,255.89444430272832
1167,25,1.1283791670955126,3979.0,156.0,45.00001609038752,0.0,0.0,0.0
1168,275,3.742410318509555,3991.2727272727275,158.27272727272728,7.425171804466537,6.449409906027776,2.3408314824694365,11.414213562373096
1169,500,5.046265044040321,4201.0,158.7,11.131038552121911,7.018676989296668,4.4382624212542305,15.863961030678928
1170,50,1.5957691216057308,4206.0,156.5,0.0,2.0,0.0,0.0
1171,575,5.4115163798060095,8719.739130434782,157.30434782608697,-85.51566836227981,8.375556882080584,4.896407930323667,18.863961030678926
1172,25,1.1283791670955126,8737.0,156.0,45.00001609038752,0.0,0.0,0.0
1173,2900,12.153015559492998,8746.129310344828,163.3793103448276,24.32330665481791,17.69339745705736,10.92111157818524,69.94112549695429
1174,175,2.985410660720923,8754.0,156.71428571428572,90.00003218077504,3.0237157840738176,2.7994168488950604,6.82842712474619
1175,25,1.1283791670955126,2271.0,157.0,45.00001609038752,0.0,0.0,0.0
1176,25,1.1283791670955126,3968.0,157.0,45.00001609038752,0.0,0.0,0.0
1177,25,1.1283791670955126,4164.0,157.0,45.00001609038752,0.0,0.0,0.0
1178,75,1.9544100476116797,4264.666666666667,157.33333333333334,-45.00001609038752,2.3094010767585034,1.3333333333333333,3.414213562373095
1179,50,1.5957691216057308,8736.0,157.5,0.0,2.0,0.0,0.0
1180,75,1.9544100476116797,8739.333333333334,157.33333333333334,45.00001609038752,2.3094010767585034,1.3333333333333333,3.414213562373095
1181,400,4.51351666838205,428.375,162.375,-9.382435001269501,9.377598272025788,2.3581031886876684,14.207106781186548
1182,25,1.1283791670955126,4023.0,158.0,45.00001609038752,0.0,0.0,0.0
1183,25,1.1283791670955126,2294.0,159.0,45.00001609038752,0.0,0.0,0.0
1184,25,1.1283791670955126,3911.0,159.0,45.00001609038752,0.0,0.0,0.0
1185,25,1.1283791670955126,3958.0,159.0,45.00001609038752,0.0,0.0,0.0
1186,75,1.9544100476116797,3969.6666666666665,159.33333333333334,-45.00001609038752,2.3094010767585034,1.3333333333333333,3.414213562373095
1187,25,1.1283791670955126,4263.0,159.0,45.00001609038752,0.0,0.0,0.0
1188,325,4.068428945128219,4856.2307692307695,160.53846153846155,-59.788940719005815,8.821151841230208,2.3046779707782443,12.449747468305834
1189,25,1.1283791670955126,4865.0,159.0,45.00001609038752,0.0,0.0,0.0
1190,225,3.385137501286538,8755.0,161.22222222222223,0.0,5.258737584977436,2.6666666666666665,9.621320343559642
1191,75,1.9544100476116797,487.6666666666667,160.33333333333334,-45.00001609038752,2.3094010767585034,1.3333333333333333,3.414213562373095
1192,25,1.1283791670955126,3912.0,160.0,45.00001609038752,0.0,0.0,0.0
1193,125,2.5231325220201604,3923.6,160.8,18.43495541459913,3.098386676965933,1.7888543819998317,5.207106781186548
1194,25,1.1283791670955126,3957.0,160.0,45.00001609038752,0.0,0.0,0.0
1195,50,1.5957691216057308,4169.5,160.0,90.00003218077504,2.0,0.0,0.0
1196,250,3.5682482323055424,4242.3,162.3,0.47742079764460316,5.075562357094394,2.560989410217544,8.82842712474619
1197,125,2.5231325220201604,4264.6,160.8,18.43495541459913,3.098386676965933,1.7888543819998317,5.207106781186548
1198,50,1.5957691216057308,4867.5,160.0,90.00003218077504,2.0,0.0,0.0
1199,25,1.1283791670955126,8738.0,160.0,45.00001609038752,0.0,0.0,0.0
1200,25,1.1283791670955126,8750.0,160.0,45.00001609038752,0.0,0.0,0.0
1201,25,1.1283791670955126,410.0,161.0,45.00001609038752,0.0,0.0,0.0
1202,75,1.9544100476116797,2268.6666666666665,161.66666666666666,45.00001609038752,2.3094010767585034,1.3333333333333333,3.414213562373095
1203,50,1.5957691216057308,2283.0,161.5,0.0,2.0,0.0,0.0
1204,25,1.1283791670955126,3926.0,161.0,45.00001609038752,0.0,0.0,0.0
1205,75,1.9544100476116797,4180.333333333333,161.66666666666666,-45.00001609038752,2.3094010767585034,1.3333333333333333,3.414213562373095
1206,1825,9.640875829802336,4875.465753424657,170.3972602739726,19.452960248651497,24.624048646566195,7.14929446871157,56.970562748477136
1207,100,2.256758334191025,4904.5,161.5,45.00001609038752,2.0,2.0,4.0
1208,175,2.985410660720923,8737.0,162.0,-45.00001609038752,3.7032803990902057,2.138089935299395,6.82842712474619
1209,775,6.282549314314218,10234.870967741936,171.8709677419355,6.376566898985679,24.186324252194705,1.6958884356031307,29.414213562373096
1210,100,2.256758334191025,3688.75,162.75,18.43495541459913,3.4641016151377544,1.4142135623730951,3.2071067811865475
1211,50,1.5957691216057308,3927.0,162.5,0.0,2.0,0.0,0.0
1212,1300,8.136857890256438,3963.2115384615386,167.40384615384616,-63.12150057928819,13.439416326890186,7.528082732071947,37.3492424049175
1213,50,1.5957691216057308,3968.5,162.0,90.00003218077504,2.0,0.0,0.0
1214,525,5.170882945826411,4172.285714285715,163.66666666666666,72.10754548922854,7.361594461709847,3.886383812172686,16.071067811865476
1215,1200,7.817640190446719,4202.645833333333,166.77083333333334,-54.01987900859001,15.529273916334722,7.302586031164381,35.55634918610404
1216,25,1.1283791670955126,8722.0,162.0,45.00001609038752,0.0,0.0,0.0
1217,25,1.1283791670955126,8750.0,162.0,45.00001609038752,0.0,0.0,0.0
1218,25,1.1283791670955126,11143.0,162.0,45.00001609038752,0.0,0.0,0.0
1219,25,1.1283791670955126,983.0,163.0,45.00001609038752,0.0,0.0,0.0
1220,25,1.1283791670955126,2267.0,163.0,45.00001609038752,0.0,0.0,0.0
1221,200,3.1915382432114616,2285.125,164.125,62.41226689486064,4.5557066260966534,2.5972171909447717,7.414213562373095
1222,25,1.1283791670955126,2915.0,163.0,45.00001609038752,0.0,0.0,0.0
1223,25,1.1283791670955126,3787.0,163.0,45.00001609038752,0.0,0.0,0.0
1224,25,1.1283791670955126,3956.0,163.0,45.00001609038752,0.0,0.0,0.0
1225,25,1.1283791670955126,3972.0,163.0,45.00001609038752,0.0,0.0,0.0
1226,1450,8.593479713983122,3990.948275862069,169.5,12.071057282010685,13.291105075980562,10.088928500927047,49.89949493661167
1227,25,1.1283791670955126,4200.0,163.0,45.00001609038752,0.0,0.0,0.0
1228,25,1.1283791670955126,4262.0,163.0,45.00001609038752,0.0,0.0,0.0
1229,125,2.5231325220201604,4265.4,164.4,-45.000016090387525,4.0,2.1166010488516727,3.0
1230,25,1.1283791670955126,4880.0,163.0,45.00001609038752,0.0,0.0,0.0
1231,100,2.256758334191025,8723.75,164.25,-18.43495541459913,3.4641016151377544,1.4142135623730951,3.2071067811865475
1232,1775,9.507891862878783,8735.112676056338,170.42253521126761,16.4933587357316,15.269035446291907,7.50359170121062,43.14213562373095
1233,100,2.256758334191025,467.25,165.0,0.0,2.8284271247461903,1.7320508075688772,4.621320343559642
1234,50,1.5957691216057308,2270.0,164.5,0.0,2.0,0.0,0.0
1235,25,1.1283791670955126,3788.0,164.0,45.00001609038752,0.0,0.0,0.0
1236,25,1.1283791670955126,3924.0,164.0,45.00001609038752,0.0,0.0,0.0
1237,175,2.985410660720923,3927.5714285714284,165.71428571428572,-8.34962510252249,4.155374705678736,1.9054711331003737,7.207106781186548
1238,25,1.1283791670955126,3948.0,164.0,45.00001609038752,0.0,0.0,0.0
1239,125,2.5231325220201604,3969.0,165.0,31.71748575249332,4.093338188813542,1.5635160606788385,5.414213562373095
1240,25,1.1283791670955126,3980.0,164.0,45.00001609038752,0.0,0.0,0.0
1241,75,1.9544100476116797,4022.6666666666665,164.66666666666666,45.00001609038752,2.3094010767585034,1.3333333333333333,3.414213562373095
1242,50,1.5957691216057308,4853.0,164.5,0.0,2.0,0.0,0.0
1243,100,2.256758334191025,4899.5,164.5,45.00001609038752,2.0,2.0,4.0
1244,25,1.1283791670955126,8720.0,164.0,45.00001609038752,0.0,0.0,0.0
1245,50,1.5957691216057308,1692.5,165.0,90.00003218077504,2.0,0.0,0.0
1246,75,1.9544100476116797,3959.6666666666665,165.66666666666666,45.00001609038752,2.3094010767585034,1.3333333333333333,3.414213562373095
1247,50,1.5957691216057308,4178.0,165.5,0.0,2.0,0.0,0.0
1248,50,1.5957691216057308,8755.0,165.5,0.0,2.0,0.0,0.0
1249,50,1.5957691216057308,8775.0,165.5,0.0,2.0,0.0,0.0
1250,25,1.1283791670955126,401.0,166.0,45.00001609038752,0.0,0.0,0.0
1251,25,1.1283791670955126,1702.0,166.0,45.00001609038752,0.0,0.0,0.0
1252,25,1.1283791670955126,2268.0,166.0,45.00001609038752,0.0,0.0,0.0
1253,25,1.1283791670955126,2289.0,166.0,45.00001609038752,0.0,0.0,0.0
1254,25,1.1283791670955126,3690.0,166.0,45.00001609038752,0.0,0.0,0.0
1255,25,1.1283791670955126,3982.0,166.0,45.00001609038752,0.0,0.0,0.0
1256,25,1.1283791670955126,4219.0,166.0,45.00001609038752,0.0,0.0,0.0
1257,25,1.1283791670955126,11144.0,166.0,45.00001609038752,0.0,0.0,0.0
1258,75,1.9544100476116797,388.6666666666667,167.33333333333334,-45.00001609038752,2.3094010767585034,1.3333333333333333,3.414213562373095
1259,2475,11.227230955528665,450.2828282828283,175.0,-12.593700751970426,16.713983619875513,9.338161810112066,49.62741699796952
1260,25,1.1283791670955126,1691.0,167.0,45.00001609038752,0.0,0.0,0.0
1261,25,1.1283791670955126,3930.0,167.0,45.00001609038752,0.0,0.0,0.0
1262,25,1.1283791670955126,3972.0,167.0,45.00001609038752,0.0,0.0,0.0
1263,25,1.1283791670955126,4193.0,167.0,45.00001609038752,0.0,0.0,0.0
1264,25,1.1283791670955126,4217.0,167.0,45.00001609038752,0.0,0.0,0.0
1265,25,1.1283791670955126,8719.0,167.0,45.00001609038752,0.0,0.0,0.0
1266,25,1.1283791670955126,8756.0,167.0,45.00001609038752,0.0,0.0,0.0
1267,25,1.1283791670955126,424.0,168.0,45.00001609038752,0.0,0.0,0.0
1268,250,3.5682482323055424,427.6,169.2,83.95265147994313,5.739782941953929,2.3355709749983418,8.035533905932738
1269,25,1.1283791670955126,431.0,168.0,45.00001609038752,0.0,0.0,0.0
1270,375,4.370193722368317,457.3333333333333,168.93333333333334,84.58630369310772,5.9825936213138124,3.0484451785557387,12.242640687119284
1271,50,1.5957691216057308,1829.0,168.5,0.0,2.0,0.0,0.0
1272,25,1.1283791670955126,3970.0,168.0,45.00001609038752,0.0,0.0,0.0
1273,50,1.5957691216057308,4194.5,168.0,90.00003218077504,2.0,0.0,0.0
1274,25,1.1283791670955126,4242.0,168.0,45.00001609038752,0.0,0.0,0.0
1275,25,1.1283791670955126,4852.0,168.0,45.00001609038752,0.0,0.0,0.0
1276,25,1.1283791670955126,8721.0,168.0,45.00001609038752,0.0,0.0,0.0
1277,125,2.5231325220201604,8755.2,169.0,55.900724731264845,3.335641688875783,2.0575457524521585,5.621320343559642
1278,25,1.1283791670955126,388.0,169.0,45.00001609038752,0.0,0.0,0.0
1279,25,1.1283791670955126,1555.0,169.0,45.00001609038752,0.0,0.0,0.0
1280,175,2.985410660720923,3927.714285714286,169.57142857142858,79.95241299215533,5.617981623349204,1.7465759009186608,6.207106781186548
1281,50,1.5957691216057308,3931.5,169.0,90.00003218077504,2.0,0.0,0.0
1282,50,1.5957691216057308,3971.0,169.5,0.0,2.0,0.0,0.0
1283,75,1.9544100476116797,4240.333333333333,169.33333333333334,45.00001609038752,2.3094010767585034,1.3333333333333333,3.414213562373095
1284,25,1.1283791670955126,4262.0,169.0,45.00001609038752,0.0,0.0,0.0
1285,50,1.5957691216057308,8776.0,169.5,0.0,2.0,0.0,0.0
1286,25,1.1283791670955126,11145.0,169.0,45.00001609038752,0.0,0.0,0.0
1287,400,4.51351666838205,3937.125,172.5,-86.72854704079298,8.83055157919945,2.78771569696375,13.828427124746192
1288,25,1.1283791670955126,4130.0,171.0,45.00001609038752,0.0,0.0,0.0
1289,1300,8.136857890256438,418.3076923076923,174.40384615384616,-88.68373639650976,12.092570793563134,6.8015333464608485,34.7634559672906
1290,600,5.527906391541368,434.125,172.625,88.13732407677387,14.58205023519566,2.205404937472982,24.414213562373096
1291,75,1.9544100476116797,442.0,172.0,90.00003218077504,3.265986323710904,0.0,1.0
1292,300,3.9088200952233594,459.1666666666667,174.25,-19.77684347414454,6.66396349193359,2.9688066290007016,11.242640687119284
1293,600,5.527906391541368,482.4166666666667,174.54166666666666,-17.89379393830875,7.348410544100658,5.703388488708098,19.692388155425117
1294,375,4.370193722368317,1648.4666666666667,172.8,83.99052880472048,7.4616552003621255,3.2556500466825993,12.621320343559642
1295,475,4.918490759365935,2269.7894736842104,174.10526315789474,40.55968492742465,6.553225836192796,5.346948398725799,15.449747468305834
1296,2775,11.888212206450685,2905.5675675675675,178.33333333333334,-36.26401056448304,19.615195739789083,10.689159796628324,61.31980515339464
1297,50,1.5957691216057308,3972.0,172.5,0.0,2.0,0.0,0.0
1298,5075,16.07692842495848,3986.522167487685,185.35467980295567,2.0989253397900867,31.126368509254853,12.494944207779984,99.08326112068522
1299,25,1.1283791670955126,3989.0,172.0,45.00001609038752,0.0,0.0,0.0
1300,25,1.1283791670955126,3995.0,172.0,45.00001609038752,0.0,0.0,0.0
1301,25,1.1283791670955126,4021.0,172.0,45.00001609038752,0.0,0.0,0.0
1302,500,5.046265044040321,4174.0,172.8,90.00003218077504,13.564659966250536,2.399999999999998,19.0
1303,1550,8.884866446580956,4198.629032258064,176.82258064516128,23.110140546683546,12.637542179389062,6.789929425846113,35.55634918610404
1304,275,3.742410318509555,4205.090909090909,172.63636363636363,85.26886938506854,5.529681747206153,2.539175685738357,9.621320343559642
1305,75,1.9544100476116797,4271.666666666667,172.66666666666666,45.00001609038752,2.3094010767585034,1.3333333333333333,3.414213562373095
1306,25,1.1283791670955126,4275.0,172.0,45.00001609038752,0.0,0.0,0.0
1307,25,1.1283791670955126,8720.0,172.0,45.00001609038752,0.0,0.0,0.0
1308,27575,37.47510130530516,8742.961015412511,204.73254759746146,5.653788898398874,69.95118630077425,34.30134161681565,389.12593770155434
1309,950,6.955796338302048,8744.605263157895,175.05263157894737,-46.297113431112834,9.125004631262088,5.919374934967348,24.27817459305202
1310,275,3.742410318509555,8754.363636363636,173.27272727272728,81.21010332448493,6.494224775775189,3.762395922029525,10.242640687119286
1311,125,2.5231325220201604,9143.4,173.2,18.43495541459913,3.098386676965933,1.7888543819998317,5.207106781186548
1312,100,2.256758334191025,444.75,173.25,-71.5650767661759,3.4641016151377544,1.4142135623730951,3.2071067811865475
1313,50,1.5957691216057308,2900.5,173.0,90.00003218077504,2.0,0.0,0.0
1314,325,4.068428945128219,3999.153846153846,174.30769230769232,48.00452014343738,5.617512090336544,4.550155265978136,10.621320343559642
1315,25,1.1283791670955126,4238.0,173.0,45.00001609038752,0.0,0.0,0.0
1316,75,1.9544100476116797,8777.0,174.0,0.0,3.265986323710904,0.0,1.0
1317,75,1.9544100476116797,426.6666666666667,174.66666666666666,45.00001609038752,2.3094010767585034,1.3333333333333333,3.414213562373095
1318,25,1.1283791670955126,4002.0,174.0,45.00001609038752,0.0,0.0,0.0
1319,25,1.1283791670955126,4852.0,174.0,45.00001609038752,0.0,0.0,0.0
1320,1175,7.735777827895049,395.1489361702128,181.17021276595744,-15.387023552470396,12.363052288707308,6.693620344566272,33.7634559672906
1321,25,1.1283791670955126,409.0,175.0,45.00001609038752,0.0,0.0,0.0
1322,100,2.256758334191025,442.5,176.0,-31.71748575249332,3.23606797749979,1.2360679774997898,4.414213562373095
1323,50,1.5957691216057308,2177.5,175.0,90.00003218077504,2.0,0.0,0.0
1324,125,2.5231325220201604,3960.4,176.0,90.00003218077504,3.2,2.5298221281347035,4.414213562373095
1325,25,1.1283791670955126,3979.0,175.0,45.00001609038752,0.0,0.0,0.0
1326,25,1.1283791670955126,3995.0,175.0,45.00001609038752,0.0,0.0,0.0
1327,25,1.1283791670955126,4167.0,175.0,45.00001609038752,0.0,0.0,0.0
1328,450,4.787307364817192,4171.444444444444,176.61111111111111,89.0382475968277,8.244222092152308,3.019804935480812,16.071067811865476
1329,25,1.1283791670955126,4204.0,175.0,45.00001609038752,0.0,0.0,0.0
1330,200,3.1915382432114616,4534.875,176.75,35.3549895320785,4.507893913753563,2.104493398028036,8.242640687119284
1331,25,1.1283791670955126,8734.0,175.0,45.00001609038752,0.0,0.0,0.0
1332,225,3.385137501286538,9145.111111111111,176.88888888888889,-11.9812487713528,4.0171906061502325,2.8906758369544234,8.414213562373096
1333,50,1.5957691216057308,393.0,176.5,0.0,2.0,0.0,0.0
1334,11575,24.279825147895533,419.7775377969762,190.0086393088553,59.9186253414827,42.553829089094684,26.046116851026962,219.16652224137044
1335,25,1.1283791670955126,413.0,176.0,45.00001609038752,0.0,0.0,0.0
1336,25,1.1283791670955126,428.0,176.0,45.00001609038752,0.0,0.0,0.0
1337,125,2.5231325220201604,438.2,176.6,-71.5650767661759,3.098386676965933,1.7888543819998317,5.207106781186548
1338,25,1.1283791670955126,1568.0,176.0,45.00001609038752,0.0,0.0,0.0
1339,25,1.1283791670955126,3957.0,176.0,45.00001609038752,0.0,0.0,0.0
1340,25,1.1283791670955126,4057.0,176.0,45.00001609038752,0.0,0.0,0.0
1341,50,1.5957691216057308,4176.5,176.0,90.00003218077504,2.0,0.0,0.0
1342,150,2.763953195770684,4191.833333333333,176.66666666666666,-26.56506067578835,3.0550504633038935,2.6666666666666665,6.414213562373095
1343,25,1.1283791670955126,4287.0,176.0,45.00001609038752,0.0,0.0,0.0
1344,25,1.1283791670955126,6965.0,176.0,45.00001609038752,0.0,0.0,0.0
1345,1000,7.136496464611085,8753.15,179.425,38.313110197878736,8.84337662461578,7.729468925818851,32.485281374238575
1346,50,1.5957691216057308,8778.0,176.5,0.0,2.0,0.0,0.0
1347,50,1.5957691216057308,409.5,177.0,90.00003218077504,2.0,0.0,0.0
1348,175,2.985410660720923,462.85714285714283,178.14285714285714,58.014816839768976,5.795253355551202,1.5275489818370205,6.207106781186548
1349,75,1.9544100476116797,1232.6666666666667,177.33333333333334,-45.00001609038752,2.3094010767585034,1.3333333333333333,3.414213562373095
1350,25,1.1283791670955126,1571.0,177.0,45.00001609038752,0.0,0.0,0.0
1351,125,2.5231325220201604,2178.8,178.6,-5.152425076704936,4.093338188813543,1.5635160606788383,4.414213562373095
1352,75,1.9544100476116797,3996.3333333333335,177.66666666666666,-45.00001609038752,2.3094010767585034,1.3333333333333333,3.414213562373095
1353,25,1.1283791670955126,4166.0,177.0,45.00001609038752,0.0,0.0,0.0
1354,25,1.1283791670955126,4286.0,177.0,45.00001609038752,0.0,0.0,0.0
1355,25,1.1283791670955126,4853.0,177.0,45.00001609038752,0.0,0.0,0.0
1356,25,1.1283791670955126,1129.0,178.0,45.00001609038752,0.0,0.0,0.0
1357,650,5.753627391751592,2247.0,182.73076923076923,-14.072216263990155,10.27732577788513,4.112069945163391,21.071067811865476
1358,25,1.1283791670955126,3957.0,178.0,45.00001609038752,0.0,0.0,0.0
1359,50,1.5957691216057308,4002.5,178.0,90.00003218077504,2.0,0.0,0.0
1360,50,1.5957691216057308,4056.5,178.0,90.00003218077504,2.0,0.0,0.0
1361,25,1.1283791670955126,4071.0,178.0,45.00001609038752,0.0,0.0,0.0
1362,25,1.1283791670955126,4219.0,178.0,45.00001609038752,0.0,0.0,0.0
1363,25,1.1283791670955126,8713.0,178.0,45.00001609038752,0.0,0.0,0.0
1364,25,1.1283791670955126,1130.0,179.0,45.00001609038752,0.0,0.0,0.0
1365,25,1.1283791670955126,1551.0,179.0,45.00001609038752,0.0,0.0,0.0
1366,600,5.527906391541368,4000.4166666666665,180.54166666666666,-84.33718279402748,12.324983236084881,3.645439983687988,21.82842712474619
1367,75,1.9544100476116797,4009.6666666666665,179.66666666666666,45.00001609038752,2.3094010767585034,1.3333333333333333,3.414213562373095
1368,25,1.1283791670955126,4287.0,179.0,45.00001609038752,0.0,0.0,0.0
1369,25,1.1283791670955126,4854.0,179.0,45.00001609038752,0.0,0.0,0.0
1370,25,1.1283791670955126,8712.0,179.0,45.00001609038752,0.0,0.0,0.0
1371,25,1.1283791670955126,8715.0,179.0,45.00001609038752,0.0,0.0,0.0
1372,25,1.1283791670955126,8738.0,179.0,45.00001609038752,0.0,0.0,0.0
1373,4325,14.841510746523857,441.9653179190751,188.60115606936415,19.623206161698594,20.045990040815784,16.264740727052793,92.18376618407356
1374,375,4.370193722368317,456.46666666666664,181.13333333333333,89.80904901012181,5.8180001652880895,3.5376996086655246,12.071067811865476
1375,100,2.256758334191025,461.25,180.25,71.5650767661759,3.4641016151377544,1.4142135623730951,3.2071067811865475
1376,25,1.1283791670955126,3922.0,180.0,45.00001609038752,0.0,0.0,0.0
1377,175,2.985410660720923,3978.5714285714284,180.85714285714286,79.09932353989771,3.648665604076859,2.505808461219716,7.242640687119286
1378,25,1.1283791670955126,4215.0,180.0,45.00001609038752,0.0,0.0,0.0
1379,25,1.1283791670955126,4855.0,180.0,45.00001609038752,0.0,0.0,0.0
1380,25,1.1283791670955126,8779.0,180.0,45.00001609038752,0.0,0.0,0.0
1381,50,1.5957691216057308,2180.5,181.0,90.00003218077504,2.0,0.0,0.0
1382,100,2.256758334191025,4007.0,181.25,90.00003218077504,2.8284271247461903,1.7320508075688772,4.621320343559642
1383,25,1.1283791670955126,4195.0,181.0,45.00001609038752,0.0,0.0,0.0
1384,25,1.1283791670955126,4245.0,181.0,45.00001609038752,0.0,0.0,0.0
1385,25,1.1283791670955126,4856.0,181.0,45.00001609038752,0.0,0.0,0.0
1386,25,1.1283791670955126,4865.0,181.0,45.00001609038752,0.0,0.0,0.0
1387,25,1.1283791670955126,4874.0,181.0,45.00001609038752,0.0,0.0,0.0
1388,100,2.256758334191025,8748.0,181.5,58.28254642828171,3.23606797749979,1.2360679774997898,4.414213562373095
1389,25,1.1283791670955126,399.0,182.0,45.00001609038752,0.0,0.0,0.0
1390,50,1.5957691216057308,419.5,182.0,90.00003218077504,2.0,0.0,0.0
1391,25,1.1283791670955126,463.0,182.0,45.00001609038752,0.0,0.0,0.0
1392,50,1.5957691216057308,2178.5,182.0,90.00003218077504,2.0,0.0,0.0
1393,25,1.1283791670955126,4009.0,182.0,45.00001609038752,0.0,0.0,0.0
1394,25,1.1283791670955126,4244.0,182.0,45.00001609038752,0.0,0.0,0.0
1395,25,1.1283791670955126,4267.0,182.0,45.00001609038752,0.0,0.0,0.0
1396,50,1.5957691216057308,4857.5,182.0,90.00003218077504,2.0,0.0,0.0
1397,25,1.1283791670955126,4873.0,182.0,45.00001609038752,0.0,0.0,0.0
1398,4225,14.668929172241665,461.8343195266272,193.36686390532543,65.18784071555639,22.102211096354136,13.201227950788754,89.76955262170046
1399,25,1.1283791670955126,465.0,183.0,45.00001609038752,0.0,0.0,0.0
1400,100,2.256758334191025,3977.0,183.5,-58.28254642828171,3.23606797749979,1.2360679774997898,4.414213562373095
1401,125,2.5231325220201604,3997.2,183.8,-45.00001609038752,4.0,1.3856406460551023,5.414213562373095
1402,50,1.5957691216057308,4859.5,183.0,90.00003218077504,2.0,0.0,0.0
1403,25,1.1283791670955126,4872.0,183.0,45.00001609038752,0.0,0.0,0.0
1404,50,1.5957691216057308,6874.0,183.5,0.0,2.0,0.0,0.0
1405,50,1.5957691216057308,415.5,184.0,90.00003218077504,2.0,0.0,0.0
1406,150,2.763953195770684,455.1666666666667,184.83333333333334,-45.000016090387525,3.1269438398822857,2.309401076758503,6.242640687119286
1407,25,1.1283791670955126,467.0,184.0,45.00001609038752,0.0,0.0,0.0
1408,25,1.1283791670955126,1571.0,184.0,45.00001609038752,0.0,0.0,0.0
1409,175,2.985410660720923,2295.0,184.71428571428572,90.00003218077504,3.0237157840738176,2.7994168488950604,6.82842712474619
1410,25,1.1283791670955126,2926.0,184.0,45.00001609038752,0.0,0.0,0.0
1411,25,1.1283791670955126,3795.0,184.0,45.00001609038752,0.0,0.0,0.0
1412,50,1.5957691216057308,3922.5,184.0,90.00003218077504,2.0,0.0,0.0
1413,175,2.985410660720923,3944.285714285714,185.0,-80.35500562246602,5.609881666352373,1.9479563167516134,6.414213562373095
1414,25,1.1283791670955126,3983.0,184.0,45.00001609038752,0.0,0.0,0.0
1415,675,5.863230142835039,4001.1111111111113,188.59259259259258,2.1754189585256913,11.229402285113462,3.6427356406067193,23.106601717798213
1416,800,6.383076486422923,4005.96875,190.46875,-1.5902704253499056,16.976453361710202,2.875548861987632,28.071067811865476
1417,50,1.5957691216057308,4054.0,184.5,0.0,2.0,0.0,0.0
1418,75,1.9544100476116797,4097.333333333333,184.33333333333334,45.00001609038752,2.3094010767585034,1.3333333333333333,3.414213562373095
1419,25,1.1283791670955126,4202.0,184.0,45.00001609038752,0.0,0.0,0.0
1420,25,1.1283791670955126,4862.0,184.0,45.00001609038752,0.0,0.0,0.0
1421,50,1.5957691216057308,4870.5,184.0,90.00003218077504,2.0,0.0,0.0
1422,25,1.1283791670955126,6969.0,184.0,45.00001609038752,0.0,0.0,0.0
1423,25,1.1283791670955126,8756.0,184.0,45.00001609038752,0.0,0.0,0.0
1424,25,1.1283791670955126,9310.0,184.0,45.00001609038752,0.0,0.0,0.0
1425,25,1.1283791670955126,461.0,185.0,45.00001609038752,0.0,0.0,0.0
1426,25,1.1283791670955126,464.0,185.0,45.00001609038752,0.0,0.0,0.0
1427,50,1.5957691216057308,508.5,185.0,90.00003218077504,2.0,0.0,0.0
1428,50,1.5957691216057308,1576.5,185.0,90.00003218077504,2.0,0.0,0.0
1429,50,1.5957691216057308,2911.5,185.0,90.00003218077504,2.0,0.0,0.0
1430,25,1.1283791670955126,3796.0,185.0,45.00001609038752,0.0,0.0,0.0
1431,800,6.383076486422923,3979.75,190.1875,2.571571270511992,11.688814236611337,6.465997350911313,29.27817459305202
1432,25,1.1283791670955126,3995.0,185.0,45.00001609038752,0.0,0.0,0.0
1433,25,1.1283791670955126,4099.0,185.0,45.00001609038752,0.0,0.0,0.0
1434,75,1.9544100476116797,4160.333333333333,185.33333333333334,45.00001609038752,2.3094010767585034,1.3333333333333333,3.414213562373095
1435,50,1.5957691216057308,4200.5,185.0,90.00003218077504,2.0,0.0,0.0
1436,25,1.1283791670955126,4275.0,185.0,45.00001609038752,0.0,0.0,0.0
1437,25,1.1283791670955126,4883.0,185.0,45.00001609038752,0.0,0.0,0.0
1438,25,1.1283791670955126,8755.0,185.0,45.00001609038752,0.0,0.0,0.0
1439,325,4.068428945128219,10236.846153846154,189.53846153846155,2.207040048107241,12.81472372438715,1.3572131244805534,12.414213562373096
1440,25,1.1283791670955126,1575.0,186.0,45.00001609038752,0.0,0.0,0.0
1441,100,2.256758334191025,3947.0,186.75,90.00003218077504,2.8284271247461903,1.7320508075688772,4.621320343559642
1442,25,1.1283791670955126,3999.0,186.0,45.00001609038752,0.0,0.0,0.0
1443,20913525,1032.0450968791517,9648.008464617993,955.0187928625136,12.1456108841112,1584.3202777999923,732.5284360199954,10330.726040281024
1444,425,4.652426491681278,502.88235294117646,188.88235294117646,-58.148990752498605,7.281634231340752,3.245750505903388,14.863961030678928
1445,25,1.1283791670955126,2948.0,187.0,45.00001609038752,0.0,0.0,0.0
1446,7225,19.182445840623714,3789.536332179931,204.13840830449826,-14.76145157634682,36.750754203222044,10.312207937650856,83.35533905932738
1447,50,1.5957691216057308,4159.0,187.5,0.0,2.0,0.0,0.0
1448,575,5.4115163798060095,4169.173913043478,190.8695652173913,-8.412239761817814,8.674130547221539,4.987271879480068,21.656854249492383
1449,75,1.9544100476116797,4183.666666666667,187.66666666666666,45.00001609038752,2.3094010767585034,1.3333333333333333,3.414213562373095
1450,25,1.1283791670955126,4273.0,187.0,45.00001609038752,0.0,0.0,0.0
1451,25,1.1283791670955126,8700.0,187.0,45.00001609038752,0.0,0.0,0.0
1452,150,2.763953195770684,413.1666666666667,189.0,36.86991082919827,3.8297084310253524,1.8856180831641272,6.207106781186548
1453,25,1.1283791670955126,451.0,188.0,45.00001609038752,0.0,0.0,0.0
1454,25,1.1283791670955126,496.0,188.0,45.00001609038752,0.0,0.0,0.0
1455,25,1.1283791670955126,2763.0,188.0,45.00001609038752,0.0,0.0,0.0
1456,25,1.1283791670955126,2902.0,188.0,45.00001609038752,0.0,0.0,0.0
1457,275,3.742410318509555,3936.090909090909,188.8181818181818,72.92017880079896,5.720932084886622,2.425387871670981,9.621320343559642
1458,25,1.1283791670955126,3959.0,188.0,45.00001609038752,0.0,0.0,0.0
1459,150,2.763953195770684,4099.166666666667,188.66666666666666,26.565060675788384,3.0550504633038935,2.666666666666667,6.414213562373095
1460,2425,11.11324596323283,4165.371134020618,198.77319587628867,30.44833268904425,23.096814486168263,7.052451741525905,58.49137802864845
1461,25,1.1283791670955126,4274.0,188.0,45.00001609038752,0.0,0.0,0.0
1462,25,1.1283791670955126,490.0,189.0,45.00001609038752,0.0,0.0,0.0
1463,25,1.1283791670955126,2294.0,189.0,45.00001609038752,0.0,0.0,0.0
1464,25,1.1283791670955126,3940.0,189.0,45.00001609038752,0.0,0.0,0.0
1465,50,1.5957691216057308,3964.5,189.0,90.00003218077504,2.0,0.0,0.0
1466,25,1.1283791670955126,3995.0,189.0,45.00001609038752,0.0,0.0,0.0
1467,25,1.1283791670955126,4020.0,189.0,45.00001609038752,0.0,0.0,0.0
1468,25,1.1283791670955126,4096.0,189.0,45.00001609038752,0.0,0.0,0.0
1469,25,1.1283791670955126,4278.0,189.0,45.00001609038752,0.0,0.0,0.0
1470,25,1.1283791670955126,8727.0,189.0,45.00001609038752,0.0,0.0,0.0
1471,50,1.5957691216057308,10327.0,189.5,0.0,2.0,0.0,0.0
1472,275,3.742410318509555,487.27272727272725,191.8181818181818,-25.37031239098733,6.395419742412959,2.3193960536940934,10.207106781186548
1473,25,1.1283791670955126,1237.0,190.0,45.00001609038752,0.0,0.0,0.0
1474,25,1.1283791670955126,3962.0,190.0,45.00001609038752,0.0,0.0,0.0
1475,25,1.1283791670955126,3977.0,190.0,45.00001609038752,0.0,0.0,0.0
1476,25,1.1283791670955126,3994.0,190.0,45.00001609038752,0.0,0.0,0.0
1477,25,1.1283791670955126,3997.0,190.0,45.00001609038752,0.0,0.0,0.0
1478,25,1.1283791670955126,4184.0,190.0,45.00001609038752,0.0,0.0,0.0
1479,25,1.1283791670955126,2179.0,191.0,45.00001609038752,0.0,0.0,0.0
1480,25,1.1283791670955126,2294.0,191.0,45.00001609038752,0.0,0.0,0.0
1481,575,5.4115163798060095,3964.3478260869565,193.08695652173913,-81.44153918170156,10.83096909332433,3.166180991704669,17.44974746830583
1482,175,2.985410660720923,4010.1428571428573,192.28571428571428,18.43495541459913,4.27617987059879,2.285714285714286,7.414213562373095
1483,75,1.9544100476116797,4021.3333333333335,191.33333333333334,45.00001609038752,2.3094010767585034,1.3333333333333333,3.414213562373095
1484,150,2.763953195770684,4060.5,192.0,0.0,3.265986323710904,2.0,6.0
1485,4939475,501.5629531865653,4701.55543858406,651.985742411896,7.315100907488828,621.3145279264713,518.4327898080309,2621.222617620335
1486,25,1.1283791670955126,4886.0,191.0,45.00001609038752,0.0,0.0,0.0
1487,100,2.256758334191025,5045.75,192.0,0.0,2.8284271247461903,1.7320508075688772,4.621320343559642
1488,100,2.256758334191025,11151.0,192.5,0.0,4.47213595499958,0.0,2.0
1489,825,6.4820448144285745,394.6363636363636,195.0909090909091,66.11096823963602,10.181912730109477,6.170957727301092,25.48528137423857
1490,2850,12.047792665040703,404.92105263157896,201.64912280701753,-10.728521129511408,18.66294608645441,10.318284197126962,68.66295090390226
1491,625,5.641895835477563,503.44,195.36,-0.8382358231263627,8.070649868182409,4.809720439402611,20.692388155425117
1492,50,1.5957691216057308,2177.5,192.0,90.00003218077504,2.0,0.0,0.0
1493,25,1.1283791670955126,2963.0,192.0,45.00001609038752,0.0,0.0,0.0
1494,50,1.5957691216057308,3994.5,192.0,90.00003218077504,2.0,0.0,0.0
1495,1475,8.667244841319219,4015.2033898305085,195.5593220338983,-86.63770843494201,13.868595660576837,7.703937281331198,45.834523779156065
1496,25,1.1283791670955126,8734.0,192.0,45.00001609038752,0.0,0.0,0.0
1497,25,1.1283791670955126,508.0,193.0,45.00001609038752,0.0,0.0,0.0
1498,25,1.1283791670955126,2252.0,193.0,45.00001609038752,0.0,0.0,0.0
1499,7800,19.931149940667517,4000.99358974359,212.85576923076923,-5.603098143353243,43.09285298501846,16.777754221981432,186.36753236814712
1500,75,1.9544100476116797,4199.333333333333,193.33333333333334,45.00001609038752,2.3094010767585034,1.3333333333333333,3.414213562373095
1501,2225,10.645107772184812,8707.876404494382,217.03370786516854,-3.5328872481124325,52.31180947352901,6.065066381016375,84.5208152801713
1502,25,1.1283791670955126,8735.0,193.0,45.00001609038752,0.0,0.0,0.0
1503,25,1.1283791670955126,4098.0,194.0,45.00001609038752,0.0,0.0,0.0
1504,25,1.1283791670955126,4239.0,194.0,45.00001609038752,0.0,0.0,0.0
1505,25,1.1283791670955126,4907.0,194.0,45.00001609038752,0.0,0.0,0.0
1506,25,1.1283791670955126,8700.0,194.0,45.00001609038752,0.0,0.0,0.0
1507,25,1.1283791670955126,400.0,195.0,45.00001609038752,0.0,0.0,0.0
1508,3100,12.565098628628435,4106.774193548387,205.76612903225808,13.366551147462221,32.09483152761861,11.809176463035465,85.90559159102153
1509,125,2.5231325220201604,4905.2,196.2,45.00001609038752,4.0,1.3856406460551023,5.414213562373095
1510,325,4.068428945128219,299.61538461538464,200.84615384615384,-6.982194621762583,10.58365680526088,1.47096003390795,11.0
1511,1300,8.136857890256438,449.0192307692308,200.28846153846155,12.034486392396616,9.503276377760496,7.486171763571694,27.899494936611664
1512,75,1.9544100476116797,474.6666666666667,196.66666666666666,45.00001609038752,2.3094010767585034,1.3333333333333333,3.414213562373095
1513,3725,13.773623058786647,1584.8255033557048,204.7718120805369,1.6479165363220691,19.300656419942214,16.360553675737684,81.73401871576772
1514,1993450,318.63078134118246,1689.8016002407885,395.3400762497178,26.09281014965366,408.2935158182218,315.4927133375623,5320.186396631374
1515,400,4.51351666838205,3964.9375,197.125,83.00401279410717,8.112449519977286,2.6221485056762743,11.82842712474619
1516,450,4.787307364817192,4053.9444444444443,197.16666666666666,88.38816774692164,10.372337298781504,2.7342910151203235,16.071067811865476
1517,25,1.1283791670955126,1146.0,197.0,45.00001609038752,0.0,0.0,0.0
1518,25,1.1283791670955126,2949.0,197.0,45.00001609038752,0.0,0.0,0.0
1519,50,1.5957691216057308,4072.5,197.0,90.00003218077504,2.0,0.0,0.0
1520,25,1.1283791670955126,4172.0,197.0,45.00001609038752,0.0,0.0,0.0
1521,100,2.256758334191025,4217.0,197.5,58.28254642828171,3.23606797749979,1.2360679774997898,4.414213562373095
1522,25,1.1283791670955126,5014.0,197.0,45.00001609038752,0.0,0.0,0.0
1523,25,1.1283791670955126,11152.0,197.0,45.00001609038752,0.0,0.0,0.0
1524,75,1.9544100476116797,472.6666666666667,198.66666666666666,45.00001609038752,2.3094010767585034,1.3333333333333333,3.414213562373095
1525,25,1.1283791670955126,2267.0,198.0,45.00001609038752,0.0,0.0,0.0
1526,25,1.1283791670955126,4903.0,198.0,45.00001609038752,0.0,0.0,0.0
1527,50,1.5957691216057308,6960.0,198.5,0.0,2.0,0.0,0.0
1528,1225,7.898654169668588,391.51020408163265,205.14285714285714,25.755482311180785,12.202917225041706,8.324135201864637,34.69238815542512
1529,25,1.1283791670955126,437.0,199.0,45.00001609038752,0.0,0.0,0.0
1530,25,1.1283791670955126,3985.0,199.0,45.00001609038752,0.0,0.0,0.0
1531,25,1.1283791670955126,4216.0,199.0,45.00001609038752,0.0,0.0,0.0
1532,25,1.1283791670955126,4895.0,199.0,45.00001609038752,0.0,0.0,0.0
1533,25,1.1283791670955126,4902.0,199.0,45.00001609038752,0.0,0.0,0.0
1534,25,1.1283791670955126,8711.0,199.0,45.00001609038752,0.0,0.0,0.0
1535,175,2.985410660720923,413.0,201.0,45.00001609038752,3.7032803990902057,2.138089935299395,6.82842712474619
1536,25,1.1283791670955126,475.0,200.0,45.00001609038752,0.0,0.0,0.0
1537,400,4.51351666838205,504.125,201.125,80.29704333433456,7.554809552437215,3.228754036219453,14.242640687119284
1538,25,1.1283791670955126,575.0,200.0,45.00001609038752,0.0,0.0,0.0
1539,25,1.1283791670955126,2180.0,200.0,45.00001609038752,0.0,0.0,0.0
1540,1250,7.978845608028654,2184.98,202.52,-73.54426809055909,12.246261881056073,5.622834689068581,28.935028842544405
1541,37400,43.64362907600379,2924.0113636363635,238.24598930481284,6.917629418405163,64.1265927840207,37.05635568092203,431.3746750430835
1542,25,1.1283791670955126,2927.0,200.0,45.00001609038752,0.0,0.0,0.0
1543,21400,33.01352829210018,2976.211448598131,228.56308411214954,-2.0204135546548874,59.89279378181234,28.70180895587961,267.4213562373095
1544,150,2.763953195770684,3955.3333333333335,201.16666666666666,-63.43497150498664,3.0550504633038935,2.666666666666667,6.414213562373095
1545,3275,12.914889870235298,3965.2137404580153,211.26717557251908,14.139108377763222,28.115723348516998,8.78232312527085,82.73401871576772
1546,75,1.9544100476116797,3968.3333333333335,200.66666666666666,-45.00001609038752,2.3094010767585034,1.3333333333333333,3.414213562373095
1547,3875,14.048207338801282,3988.1354838709676,211.39354838709679,12.108462440416302,29.19798443088227,10.110811363221845,103.73401871576773
1548,50,1.5957691216057308,4103.5,200.0,90.00003218077504,2.0,0.0,0.0
1549,200,3.1915382432114616,4865.0,201.0,90.00003218077504,4.0,2.8284271247461903,6.621320343559642
1550,75,1.9544100476116797,4868.666666666667,200.66666666666666,45.00001609038752,2.3094010767585034,1.3333333333333333,3.414213562373095
1551,425,4.652426491681278,4887.64705882353,204.47058823529412,7.419456353138239,10.35989688896593,2.3925801061157617,15.82842712474619
1552,700,5.970821321441846,4892.428571428572,203.75,5.293950394596497,9.69128999300777,4.391238994188373,20.65685424949238
1553,25,1.1283791670955126,4896.0,200.0,45.00001609038752,0.0,0.0,0.0
1554,25,1.1283791670955126,4900.0,200.0,45.00001609038752,0.0,0.0,0.0
1555,100,2.256758334191025,5017.5,201.0,-31.71748575249332,3.23606797749979,1.2360679774997898,4.414213562373095
1556,2155950,331.3632928658076,6847.655511491454,421.1454231313342,-1.663849083743486,434.92569775579653,307.5549973428958,3652.1973644509185
1557,25,1.1283791670955126,6961.0,200.0,45.00001609038752,0.0,0.0,0.0
1558,100,2.256758334191025,8739.75,200.75,71.5650767661759,3.4641016151377544,1.4142135623730951,3.2071067811865475
1559,150,2.763953195770684,397.5,202.0,0.0,3.265986323710904,2.0,6.0
1560,25,1.1283791670955126,417.0,201.0,45.00001609038752,0.0,0.0,0.0
1561,50,1.5957691216057308,436.0,201.5,0.0,2.0,0.0,0.0
1562,25,1.1283791670955126,474.0,201.0,45.00001609038752,0.0,0.0,0.0
1563,100,2.256758334191025,548.75,201.25,-71.5650767661759,3.4641016151377544,1.4142135623730951,3.2071067811865475
1564,75,1.9544100476116797,574.0,202.0,0.0,3.265986323710904,0.0,1.0
1565,125,2.5231325220201604,3993.8,201.2,79.09932353989771,4.743365517193277,1.349252967497849,4.207106781186548
1566,25,1.1283791670955126,4160.0,201.0,45.00001609038752,0.0,0.0,0.0
1567,50,1.5957691216057308,4183.5,201.0,90.00003218077504,2.0,0.0,0.0
1568,100,2.256758334191025,4898.0,201.25,90.00003218077504,2.8284271247461903,1.7320508075688772,4.621320343559642
1569,25,1.1283791670955126,5015.0,201.0,45.00001609038752,0.0,0.0,0.0
1570,25,1.1283791670955126,6962.0,201.0,45.00001609038752,0.0,0.0,0.0
1571,75,1.9544100476116797,11153.0,202.0,0.0,3.265986323710904,0.0,1.0
1572,10725,23.371344948277684,417.967365967366,218.5011655011655,32.56647994692166,29.46933695990782,24.998421372312727,136.0893577750951
1573,25,1.1283791670955126,1150.0,202.0,45.00001609038752,0.0,0.0,0.0
1574,25,1.1283791670955126,2179.0,202.0,45.00001609038752,0.0,0.0,0.0
1575,25,1.1283791670955126,2928.0,202.0,45.00001609038752,0.0,0.0,0.0
1576,25,1.1283791670955126,3950.0,202.0,45.00001609038752,0.0,0.0,0.0
1577,300,3.9088200952233594,3953.75,204.08333333333334,42.50163486477055,6.820704769127129,2.387510978954584,10.207106781186548
1578,25,1.1283791670955126,4161.0,202.0,45.00001609038752,0.0,0.0,0.0
1579,25,1.1283791670955126,454.0,203.0,45.00001609038752,0.0,0.0,0.0
1580,25,1.1283791670955126,469.0,203.0,45.00001609038752,0.0,0.0,0.0
1581,14900,27.547246117573295,1742.5453020134228,223.48154362416108,8.935830686032013,53.53304401395475,19.728367116497367,204.4741340859453
1582,25,1.1283791670955126,3978.0,203.0,45.00001609038752,0.0,0.0,0.0
1583,25,1.1283791670955126,3994.0,203.0,45.00001609038752,0.0,0.0,0.0
1584,100,2.256758334191025,4286.25,204.0,0.0,2.8284271247461903,1.7320508075688772,4.621320343559642
1585,75,1.9544100476116797,4897.0,204.0,0.0,3.265986323710904,0.0,1.0
1586,350,4.222008245644752,549.0714285714286,206.28571428571428,-3.6255795763195806,7.171528809250788,3.168369027305377,13.621320343559642
1587,25,1.1283791670955126,1613.0,204.0,45.00001609038752,0.0,0.0,0.0
1588,25,1.1283791670955126,2261.0,204.0,45.00001609038752,0.0,0.0,0.0
1589,25,1.1283791670955126,2920.0,204.0,45.00001609038752,0.0,0.0,0.0
1590,25,1.1283791670955126,2969.0,204.0,45.00001609038752,0.0,0.0,0.0
1591,25,1.1283791670955126,3709.0,204.0,45.00001609038752,0.0,0.0,0.0
1592,25,1.1283791670955126,3970.0,204.0,45.00001609038752,0.0,0.0,0.0
1593,100,2.256758334191025,4193.5,204.5,45.00001609038752,2.0,2.0,4.0
1594,25,1.1283791670955126,4557.0,204.0,45.00001609038752,0.0,0.0,0.0
1595,50,1.5957691216057308,10323.5,204.0,90.00003218077504,2.0,0.0,0.0
1596,450,4.787307364817192,11154.944444444445,210.38888888888889,10.930680752825424,13.986592970408134,1.6718164272878586,16.207106781186546
1597,25,1.1283791670955126,410.0,205.0,45.00001609038752,0.0,0.0,0.0
1598,25,1.1283791670955126,444.0,205.0,45.00001609038752,0.0,0.0,0.0
1599,50,1.5957691216057308,467.5,205.0,90.00003218077504,2.0,0.0,0.0
1600,25,1.1283791670955126,552.0,205.0,45.00001609038752,0.0,0.0,0.0
1601,25,1.1283791670955126,1548.0,205.0,45.00001609038752,0.0,0.0,0.0
1602,25,1.1283791670955126,1691.0,205.0,45.00001609038752,0.0,0.0,0.0
1603,25,1.1283791670955126,2262.0,205.0,45.00001609038752,0.0,0.0,0.0
1604,1650,9.166995688475081,2940.7727272727275,212.6969696969697,-23.547810368676085,15.784064689194068,7.62518034863626,46.21320343559643
1605,100,2.256758334191025,2966.0,205.25,90.00003218077504,2.8284271247461903,1.7320508075688772,4.621320343559642
1606,50,1.5957691216057308,2987.0,205.5,0.0,2.0,0.0,0.0
1607,25,1.1283791670955126,3710.0,205.0,45.00001609038752,0.0,0.0,0.0
1608,25,1.1283791670955126,8727.0,205.0,45.00001609038752,0.0,0.0,0.0
1609,25,1.1283791670955126,396.0,206.0,45.00001609038752,0.0,0.0,0.0
1610,25,1.1283791670955126,426.0,206.0,45.00001609038752,0.0,0.0,0.0
1611,75,1.9544100476116797,1704.3333333333333,206.33333333333334,45.00001609038752,2.3094010767585034,1.3333333333333333,3.414213562373095
1612,25,1.1283791670955126,2919.0,206.0,45.00001609038752,0.0,0.0,0.0
1613,25,1.1283791670955126,3711.0,206.0,45.00001609038752,0.0,0.0,0.0
1614,50,1.5957691216057308,4191.5,206.0,90.00003218077504,2.0,0.0,0.0
1615,25,1.1283791670955126,4283.0,206.0,45.00001609038752,0.0,0.0,0.0
1616,25,1.1283791670955126,4898.0,206.0,45.00001609038752,0.0,0.0,0.0
1617,25,1.1283791670955126,8699.0,206.0,45.00001609038752,0.0,0.0,0.0
1618,150,2.763953195770684,8727.833333333334,207.0,-36.86991082919826,3.8297084310253524,1.8856180831641265,6.207106781186548
1619,25,1.1283791670955126,8731.0,206.0,45.00001609038752,0.0,0.0,0.0
1620,100,2.256758334191025,1692.0,207.75,90.00003218077504,2.8284271247461903,1.7320508075688772,4.621320343559642
1621,150,2.763953195770684,1779.5,208.16666666666666,59.03626457717169,4.320493798938573,1.8856180831641272,6.621320343559642
1622,350,4.222008245644752,2181.214285714286,210.28571428571428,-24.623573590668045,7.9642056370093455,2.55550625999976,11.621320343559642
1623,25,1.1283791670955126,2917.0,207.0,45.00001609038752,0.0,0.0,0.0
1624,25,1.1283791670955126,3712.0,207.0,45.00001609038752,0.0,0.0,0.0
1625,75,1.9544100476116797,3930.3333333333335,207.33333333333334,45.00001609038752,2.3094010767585034,1.3333333333333333,3.414213562373095
1626,300,3.9088200952233594,3954.25,207.91666666666666,86.37101582934366,7.338728497178464,2.5229518954833337,10.035533905932738
1627,25,1.1283791670955126,3961.0,207.0,45.00001609038752,0.0,0.0,0.0
1628,75,1.9544100476116797,3982.3333333333335,207.33333333333334,45.00001609038752,2.3094010767585034,1.3333333333333333,3.414213562373095
1629,25,1.1283791670955126,4284.0,207.0,45.00001609038752,0.0,0.0,0.0
1630,75,1.9544100476116797,10323.0,208.0,0.0,3.265986323710904,0.0,1.0
1631,25,1.1283791670955126,536.0,208.0,45.00001609038752,0.0,0.0,0.0
1632,50,1.5957691216057308,1242.5,208.0,90.00003218077504,2.0,0.0,0.0
1633,25,1.1283791670955126,1524.0,208.0,45.00001609038752,0.0,0.0,0.0
1634,25,1.1283791670955126,1703.0,208.0,45.00001609038752,0.0,0.0,0.0
1635,50,1.5957691216057308,2179.0,208.5,0.0,2.0,0.0,0.0
1636,25,1.1283791670955126,2967.0,208.0,45.00001609038752,0.0,0.0,0.0
1637,50,1.5957691216057308,3709.5,208.0,90.00003218077504,2.0,0.0,0.0
1638,25,1.1283791670955126,3713.0,208.0,45.00001609038752,0.0,0.0,0.0
1639,50,1.5957691216057308,4164.5,208.0,90.00003218077504,2.0,0.0,0.0
1640,50,1.5957691216057308,4282.5,208.0,90.00003218077504,2.0,0.0,0.0
1641,25,1.1283791670955126,8730.0,208.0,45.00001609038752,0.0,0.0,0.0
1642,25,1.1283791670955126,8735.0,208.0,45.00001609038752,0.0,0.0,0.0
1643,50,1.5957691216057308,8741.5,208.0,90.00003218077504,2.0,0.0,0.0
1644,25,1.1283791670955126,8747.0,208.0,45.00001609038752,0.0,0.0,0.0
1645,25,1.1283791670955126,432.0,209.0,45.00001609038752,0.0,0.0,0.0
1646,25,1.1283791670955126,552.0,209.0,45.00001609038752,0.0,0.0,0.0
1647,200,3.1915382432114616,1591.25,209.875,88.34114100344779,4.797340992447142,2.3948944448944434,7.035533905932738
1648,25,1.1283791670955126,1696.0,209.0,45.00001609038752,0.0,0.0,0.0
1649,25,1.1283791670955126,1701.0,209.0,45.00001609038752,0.0,0.0,0.0
1650,50,1.5957691216057308,1776.0,209.5,0.0,2.0,0.0,0.0
1651,25,1.1283791670955126,1784.0,209.0,45.00001609038752,0.0,0.0,0.0
1652,50,1.5957691216057308,1805.5,209.0,90.00003218077504,2.0,0.0,0.0
1653,25,1.1283791670955126,2966.0,209.0,45.00001609038752,0.0,0.0,0.0
1654,25,1.1283791670955126,2968.0,209.0,45.00001609038752,0.0,0.0,0.0
1655,275,3.742410318509555,2986.3636363636365,211.8181818181818,-0.6226823560329923,6.565953807395388,2.570458881914437,11.414213562373096
1656,25,1.1283791670955126,3712.0,209.0,45.00001609038752,0.0,0.0,0.0
1657,25,1.1283791670955126,3717.0,209.0,45.00001609038752,0.0,0.0,0.0
1658,25,1.1283791670955126,3927.0,209.0,45.00001609038752,0.0,0.0,0.0
1659,25,1.1283791670955126,4034.0,209.0,45.00001609038752,0.0,0.0,0.0
1660,25,1.1283791670955126,4036.0,209.0,45.00001609038752,0.0,0.0,0.0
1661,25,1.1283791670955126,4103.0,209.0,45.00001609038752,0.0,0.0,0.0
1662,25,1.1283791670955126,4168.0,209.0,45.00001609038752,0.0,0.0,0.0
1663,900,6.770275002573076,4285.638888888889,213.91666666666666,14.970472447876539,12.834922079149138,4.341085363794429,26.899494936611664
1664,275,3.742410318509555,6604.636363636364,211.27272727272728,22.89242048700228,6.869464487552381,2.49638643994925,11.621320343559644
1665,25,1.1283791670955126,8731.0,209.0,45.00001609038752,0.0,0.0,0.0
1666,100,2.256758334191025,8743.5,209.5,45.00001609038752,2.0,2.0,4.0
1667,25,1.1283791670955126,8746.0,209.0,45.00001609038752,0.0,0.0,0.0
1668,25,1.1283791670955126,433.0,210.0,45.00001609038752,0.0,0.0,0.0
1669,25,1.1283791670955126,550.0,210.0,45.00001609038752,0.0,0.0,0.0
1670,25,1.1283791670955126,562.0,210.0,45.00001609038752,0.0,0.0,0.0
1671,50,1.5957691216057308,1808.5,210.0,90.00003218077504,2.0,0.0,0.0
1672,125,2.5231325220201604,2247.8,210.4,-71.5650767661759,3.098386676965933,1.7888543819998317,5.207106781186548
1673,75,1.9544100476116797,3993.0,211.0,0.0,3.265986323710904,0.0,1.0
1674,25,1.1283791670955126,4033.0,210.0,45.00001609038752,0.0,0.0,0.0
1675,225,3.385137501286538,4050.8888888888887,211.33333333333334,20.300654581286288,3.885753375057407,2.7954428906961324,8.242640687119284
1676,25,1.1283791670955126,4104.0,210.0,45.00001609038752,0.0,0.0,0.0
1677,25,1.1283791670955126,8703.0,210.0,45.00001609038752,0.0,0.0,0.0
1678,50,1.5957691216057308,8748.0,210.5,0.0,2.0,0.0,0.0
1679,225,3.385137501286538,407.3333333333333,212.33333333333334,45.00001609038751,4.216370213557839,3.2659863237109037,8.82842712474619
1680,125,2.5231325220201604,431.8,212.2,-45.00001609038752,4.0,1.3856406460551023,5.414213562373095
1681,25,1.1283791670955126,434.0,211.0,45.00001609038752,0.0,0.0,0.0
1682,275,3.742410318509555,485.90909090909093,213.0,48.455630885503446,6.329426604231071,2.2129248852146657,8.65685424949238
1683,25,1.1283791670955126,1694.0,211.0,45.00001609038752,0.0,0.0,0.0
1684,25,1.1283791670955126,1785.0,211.0,45.00001609038752,0.0,0.0,0.0
1685,100,2.256758334191025,2913.5,211.5,45.00001609038752,2.0,2.0,4.0
1686,2550,11.396070970426017,2949.2156862745096,219.64705882352942,-8.547109080557464,16.046856099842024,9.964457455712424,54.62741699796952
1687,100,2.256758334191025,2966.75,212.25,-18.43495541459913,3.4641016151377544,1.4142135623730951,3.2071067811865475
1688,75,1.9544100476116797,3727.6666666666665,211.33333333333334,-45.00001609038752,2.3094010767585034,1.3333333333333333,3.414213562373095
1689,75,1.9544100476116797,3914.0,212.0,0.0,3.265986323710904,0.0,1.0
1690,25,1.1283791670955126,3952.0,211.0,45.00001609038752,0.0,0.0,0.0
1691,25,1.1283791670955126,4003.0,211.0,45.00001609038752,0.0,0.0,0.0
1692,25,1.1283791670955126,4035.0,211.0,45.00001609038752,0.0,0.0,0.0
1693,25,1.1283791670955126,4266.0,211.0,45.00001609038752,0.0,0.0,0.0
1694,100,2.256758334191025,68.25,212.25,71.5650767661759,3.4641016151377544,1.4142135623730951,3.2071067811865475
1695,350,4.222008245644752,401.92857142857144,212.71428571428572,86.94903800973226,6.6778904545453965,2.7807030926253824,12.242640687119284
1696,25,1.1283791670955126,429.0,212.0,45.00001609038752,0.0,0.0,0.0
1697,50,1.5957691216057308,1591.0,212.5,0.0,2.0,0.0,0.0
1698,50,1.5957691216057308,2902.5,212.0,90.00003218077504,2.0,0.0,0.0
1699,100,2.256758334191025,3982.5,212.5,45.00001609038752,2.0,2.0,4.0
1700,250,3.5682482323055424,4279.6,213.3,76.36815452647507,5.854032512440788,2.2204286395392674,8.035533905932738
1701,125,2.5231325220201604,8745.8,212.6,71.5650767661759,3.098386676965933,1.7888543819998317,5.207106781186548
1702,25,1.1283791670955126,66.0,213.0,45.00001609038752,0.0,0.0,0.0
1703,25,1.1283791670955126,411.0,213.0,45.00001609038752,0.0,0.0,0.0
1704,75,1.9544100476116797,1564.6666666666667,213.66666666666666,45.00001609038752,2.3094010767585034,1.3333333333333333,3.414213562373095
1705,25,1.1283791670955126,1774.0,213.0,45.00001609038752,0.0,0.0,0.0
1706,50,1.5957691216057308,1783.5,213.0,90.00003218077504,2.0,0.0,0.0
1707,100,2.256758334191025,2196.25,213.25,71.5650767661759,3.4641016151377544,1.4142135623730951,3.2071067811865475
1708,100,2.256758334191025,2911.0,213.25,90.00003218077504,2.8284271247461903,1.7320508075688772,4.621320343559642
1709,50,1.5957691216057308,2915.0,213.5,0.0,2.0,0.0,0.0
1710,25,1.1283791670955126,2917.0,213.0,45.00001609038752,0.0,0.0,0.0
1711,50,1.5957691216057308,2929.5,213.0,90.00003218077504,2.0,0.0,0.0
1712,25,1.1283791670955126,2945.0,213.0,45.00001609038752,0.0,0.0,0.0
1713,175,2.985410660720923,4011.0,214.0,45.00001609038752,3.7032803990902057,2.138089935299395,6.82842712474619
1714,100,2.256758334191025,4219.0,213.75,90.00003218077504,2.8284271247461903,1.7320508075688772,4.621320343559642
1715,75,1.9544100476116797,4267.333333333333,213.66666666666666,-45.00001609038752,2.3094010767585034,1.3333333333333333,3.414213562373095
1716,25,1.1283791670955126,434.0,214.0,45.00001609038752,0.0,0.0,0.0
1717,3875,14.048207338801282,541.3096774193548,225.70967741935485,-4.799875664441654,25.538464855977683,9.293803508987924,78.97665940288701
1718,25,1.1283791670955126,1579.0,214.0,45.00001609038752,0.0,0.0,0.0
1719,25,1.1283791670955126,2178.0,214.0,45.00001609038752,0.0,0.0,0.0
1720,25,1.1283791670955126,2182.0,214.0,45.00001609038752,0.0,0.0,0.0
1721,25,1.1283791670955126,2946.0,214.0,45.00001609038752,0.0,0.0,0.0
1722,25,1.1283791670955126,3984.0,214.0,45.00001609038752,0.0,0.0,0.0
1723,25,1.1283791670955126,406.0,215.0,45.00001609038752,0.0,0.0,0.0
1724,25,1.1283791670955126,1750.0,215.0,45.00001609038752,0.0,0.0,0.0
1725,50,1.5957691216057308,1814.0,215.5,0.0,2.0,0.0,0.0
1726,75,1.9544100476116797,1827.6666666666667,215.66666666666666,45.00001609038752,2.3094010767585034,1.3333333333333333,3.414213562373095
1727,25,1.1283791670955126,2286.0,215.0,45.00001609038752,0.0,0.0,0.0
1728,75,1.9544100476116797,2762.3333333333335,215.66666666666666,-45.00001609038752,2.3094010767585034,1.3333333333333333,3.414213562373095
1729,25,1.1283791670955126,2988.0,215.0,45.00001609038752,0.0,0.0,0.0
1730,475,4.918490759365935,3982.0,219.47368421052633,3.1445608741758067,9.222924873119128,2.8617711905614325,14.035533905932738
1731,375,4.370193722368317,4013.133333333333,218.33333333333334,-7.523198606124533,7.880017769455935,2.703657596202442,11.86396103067893
1732,25,1.1283791670955126,4217.0,215.0,45.00001609038752,0.0,0.0,0.0
1733,250,3.5682482323055424,4227.9,216.6,32.44259415723271,4.274025681664954,3.5514369588194072,7.414213562373095
1734,200,3.1915382432114616,10712.875,216.5,-60.3057157665891,6.189012305217223,1.8563746081730905,8.621320343559642
1735,25,1.1283791670955126,470.0,216.0,45.00001609038752,0.0,0.0,0.0
1736,25,1.1283791670955126,1586.0,216.0,45.00001609038752,0.0,0.0,0.0
1737,25,1.1283791670955126,1733.0,216.0,45.00001609038752,0.0,0.0,0.0
1738,50,1.5957691216057308,1787.0,216.5,0.0,2.0,0.0,0.0
1739,75,1.9544100476116797,1824.3333333333333,216.66666666666666,-45.00001609038752,2.3094010767585034,1.3333333333333333,3.414213562373095
1740,50,1.5957691216057308,2264.0,216.5,0.0,2.0,0.0,0.0
1741,50,1.5957691216057308,2288.0,216.5,0.0,2.0,0.0,0.0
1742,25,1.1283791670955126,2966.0,216.0,45.00001609038752,0.0,0.0,0.0
1743,25,1.1283791670955126,3978.0,216.0,45.00001609038752,0.0,0.0,0.0
1744,100,2.256758334191025,4047.5,216.5,45.00001609038752,2.0,2.0,4.0
1745,25,1.1283791670955126,4231.0,216.0,45.00001609038752,0.0,0.0,0.0
1746,175,2.985410660720923,4276.857142857143,217.42857142857142,-4.731162795706487,4.723576995393419,2.5342679901977814,7.621320343559642
1747,100,2.256758334191025,5024.0,216.5,-58.28254642828171,3.23606797749979,1.2360679774997898,4.414213562373095
1748,25,1.1283791670955126,8732.0,216.0,45.00001609038752,0.0,0.0,0.0
1749,25,1.1283791670955126,10726.0,216.0,45.00001609038752,0.0,0.0,0.0
1750,50,1.5957691216057308,1783.5,217.0,90.00003218077504,2.0,0.0,0.0
1751,325,4.068428945128219,2986.4615384615386,218.92307692307693,1.9284011823218394,5.54018791823979,3.7152872366357066,10.621320343559642
1752,175,2.985410660720923,4044.285714285714,218.14285714285714,-67.50002413558127,4.375345285424217,2.089630999709932,7.414213562373096
1753,50,1.5957691216057308,4882.5,217.0,90.00003218077504,2.0,0.0,0.0
1754,50,1.5957691216057308,11157.0,217.5,0.0,2.0,0.0,0.0
1755,25,1.1283791670955126,399.0,218.0,45.00001609038752,0.0,0.0,0.0
1756,100,2.256758334191025,1599.0,218.5,58.28254642828171,3.23606797749979,1.2360679774997898,4.414213562373095
1757,50,1.5957691216057308,2180.5,218.0,90.00003218077504,2.0,0.0,0.0
1758,125,2.5231325220201604,2964.0,219.2,34.0993074495102,3.335641688875783,2.0575457524521585,5.621320343559642
1759,25,1.1283791670955126,4268.0,218.0,45.00001609038752,0.0,0.0,0.0
1760,25,1.1283791670955126,400.0,219.0,45.00001609038752,0.0,0.0,0.0
1761,75,1.9544100476116797,470.6666666666667,219.33333333333334,-45.00001609038752,2.3094010767585034,1.3333333333333333,3.414213562373095
1762,25,1.1283791670955126,2904.0,219.0,45.00001609038752,0.0,0.0,0.0
1763,25,1.1283791670955126,3971.0,219.0,45.00001609038752,0.0,0.0,0.0
1764,200,3.1915382432114616,4195.75,220.875,7.796408257348401,4.237378738251683,2.6066494640846076,7.414213562373095
1765,550,5.292567428401227,4230.181818181818,221.0,-79.69518202736516,6.2667956144051224,4.769046199492364,15.449747468305834
1766,25,1.1283791670955126,8712.0,219.0,45.00001609038752,0.0,0.0,0.0
1767,25,1.1283791670955126,10712.0,219.0,45.00001609038752,0.0,0.0,0.0
1768,25,1.1283791670955126,1750.0,220.0,45.00001609038752,0.0,0.0,0.0
1769,25,1.1283791670955126,1783.0,220.0,45.00001609038752,0.0,0.0,0.0
1770,25,1.1283791670955126,1838.0,220.0,45.00001609038752,0.0,0.0,0.0
1771,25,1.1283791670955126,2280.0,220.0,45.00001609038752,0.0,0.0,0.0
1772,25,1.1283791670955126,2938.0,220.0,45.00001609038752,0.0,0.0,0.0
1773,25,1.1283791670955126,3960.0,220.0,45.00001609038752,0.0,0.0,0.0
1774,150,2.763953195770684,4104.166666666667,221.5,30.963767603603344,4.320493798938573,1.8856180831641272,6.621320343559642
1775,25,1.1283791670955126,4279.0,220.0,45.00001609038752,0.0,0.0,0.0
1776,25,1.1283791670955126,8697.0,220.0,45.00001609038752,0.0,0.0,0.0
1777,25,1.1283791670955126,8711.0,220.0,45.00001609038752,0.0,0.0,0.0
1778,75,1.9544100476116797,56.666666666666664,221.66666666666666,45.00001609038752,2.3094010767585034,1.3333333333333333,3.414213562373095
1779,200,3.1915382432114616,1558.25,221.625,-72.70388165253861,3.9722133299273006,2.6403638502198645,8.242640687119284
1780,25,1.1283791670955126,1705.0,221.0,45.00001609038752,0.0,0.0,0.0
1781,250,3.5682482323055424,2965.8,222.8,-45.00001609038752,6.349803146555018,4.0,9.414213562373096
1782,1625,9.09728368293446,3780.923076923077,227.15384615384616,17.234211685329853,14.592318920117334,6.117321716510401,35.59188309203678
1783,50,1.5957691216057308,3792.0,221.5,0.0,2.0,0.0,0.0
1784,25,1.1283791670955126,4269.0,221.0,45.00001609038752,0.0,0.0,0.0
1785,550,5.292567428401227,5024.727272727273,226.72727272727272,4.084240772400372,13.14346217352757,2.2875474131545483,19.035533905932738
1786,25,1.1283791670955126,397.0,222.0,45.00001609038752,0.0,0.0,0.0
1787,25,1.1283791670955126,470.0,222.0,45.00001609038752,0.0,0.0,0.0
1788,50,1.5957691216057308,503.5,222.0,90.00003218077504,2.0,0.0,0.0
1789,50,1.5957691216057308,526.5,222.0,90.00003218077504,2.0,0.0,0.0
1790,5750,17.112717355495807,1696.6608695652174,238.03478260869565,14.758659343045784,45.32402715320071,13.420750067346404,141.36143571373725
1791,100,2.256758334191025,2248.0,222.25,90.00003218077504,2.8284271247461903,1.7320508075688772,4.621320343559642
1792,25,1.1283791670955126,2264.0,222.0,45.00001609038752,0.0,0.0,0.0
1793,25,1.1283791670955126,2937.0,222.0,45.00001609038752,0.0,0.0,0.0
1794,50,1.5957691216057308,2939.5,222.0,90.00003218077504,2.0,0.0,0.0
1795,25,1.1283791670955126,4010.0,222.0,45.00001609038752,0.0,0.0,0.0
1796,75,1.9544100476116797,4108.666666666667,222.66666666666666,45.00001609038752,2.3094010767585034,1.3333333333333333,3.414213562373095
1797,25,1.1283791670955126,4268.0,222.0,45.00001609038752,0.0,0.0,0.0
1798,100,2.256758334191025,4888.0,222.5,58.28254642828171,3.23606797749979,1.2360679774997898,4.414213562373095
1799,50,1.5957691216057308,8736.0,222.5,0.0,2.0,0.0,0.0
1800,50,1.5957691216057308,8738.5,222.0,90.00003218077504,2.0,0.0,0.0
1801,150,2.763953195770684,8758.666666666666,223.5,0.0,5.033222956847166,1.8856180831641272,6.414213562373095
1802,25,1.1283791670955126,11158.0,222.0,45.00001609038752,0.0,0.0,0.0
1803,25,1.1283791670955126,1730.0,223.0,45.00001609038752,0.0,0.0,0.0
1804,25,1.1283791670955126,1812.0,223.0,45.00001609038752,0.0,0.0,0.0
1805,50,1.5957691216057308,2938.0,223.5,0.0,2.0,0.0,0.0
1806,25,1.1283791670955126,2941.0,223.0,45.00001609038752,0.0,0.0,0.0
1807,25,1.1283791670955126,3949.0,223.0,45.00001609038752,0.0,0.0,0.0
1808,50,1.5957691216057308,4011.5,223.0,90.00003218077504,2.0,0.0,0.0
1809,575,5.4115163798060095,502.39130434782606,228.91304347826087,-6.285828513327181,11.434285435909931,2.811337654156252,17.65685424949238
1810,325,4.068428945128219,2179.6923076923076,226.76923076923077,14.717713443221385,6.266290850476416,2.9712410762926305,12.65685424949238
1811,2200,10.585134856802455,3788.8522727272725,233.85227272727272,-0.663353750982092,24.261812269823356,4.948161284213825,49.520815280171306
1812,25,1.1283791670955126,4004.0,224.0,45.00001609038752,0.0,0.0,0.0
1813,50,1.5957691216057308,4271.0,224.5,0.0,2.0,0.0,0.0
1814,25,1.1283791670955126,4887.0,224.0,45.00001609038752,0.0,0.0,0.0
1815,125,2.5231325220201604,8735.6,225.0,90.00003218077504,3.2,2.5298221281347035,4.414213562373095
1816,75,1.9544100476116797,10324.666666666666,224.66666666666666,45.00001609038752,2.3094010767585034,1.3333333333333333,3.414213562373095
1817,100,2.256758334191025,402.5,225.5,45.00001609038752,2.0,2.0,4.0
1818,25,1.1283791670955126,405.0,225.0,45.00001609038752,0.0,0.0,0.0
1819,25,1.1283791670955126,407.0,225.0,45.00001609038752,0.0,0.0,0.0
1820,25,1.1283791670955126,410.0,225.0,45.00001609038752,0.0,0.0,0.0
1821,100,2.256758334191025,433.0,225.25,90.00003218077504,2.8284271247461903,1.7320508075688772,4.621320343559642
1822,25,1.1283791670955126,468.0,225.0,45.00001609038752,0.0,0.0,0.0
1823,575,5.4115163798060095,533.7826086956521,228.8695652173913,-5.742627303525469,9.57462199549556,3.2023085415024255,17.86396103067893
1824,25,1.1283791670955126,1701.0,225.0,45.00001609038752,0.0,0.0,0.0
1825,25,1.1283791670955126,1704.0,225.0,45.00001609038752,0.0,0.0,0.0
1826,150,2.763953195770684,1719.0,225.5,-72.39122940040403,5.404236119112784,1.208676398190789,4.0
1827,25,1.1283791670955126,1731.0,225.0,45.00001609038752,0.0,0.0,0.0
1828,25,1.1283791670955126,1774.0,225.0,45.00001609038752,0.0,0.0,0.0
1829,25,1.1283791670955126,1788.0,225.0,45.00001609038752,0.0,0.0,0.0
1830,50,1.5957691216057308,1810.5,225.0,90.00003218077504,2.0,0.0,0.0
1831,25,1.1283791670955126,1827.0,225.0,45.00001609038752,0.0,0.0,0.0
1832,25,1.1283791670955126,2284.0,225.0,45.00001609038752,0.0,0.0,0.0
1833,25,1.1283791670955126,2955.0,225.0,45.00001609038752,0.0,0.0,0.0
1834,1300,8.136857890256438,2958.173076923077,229.8846153846154,2.402740898025212,9.821782820940006,7.7107495836244535,31.935028842544405
1835,25,1.1283791670955126,2962.0,225.0,45.00001609038752,0.0,0.0,0.0
1836,75,1.9544100476116797,3915.3333333333335,225.66666666666666,-45.00001609038752,2.3094010767585034,1.3333333333333333,3.414213562373095
1837,2700,11.726460285670077,3968.222222222222,233.22222222222223,-12.069651181384659,21.123985778265574,8.703593136263263,61.2842712474619
1838,1050,7.312732791431452,3985.190476190476,227.38095238095238,78.89028848287391,11.318510360455406,5.240707906894675,28.935028842544405
1839,25,1.1283791670955126,4015.0,225.0,45.00001609038752,0.0,0.0,0.0
1840,100,2.256758334191025,4232.25,225.25,71.5650767661759,3.4641016151377544,1.4142135623730951,3.2071067811865475
1841,75,1.9544100476116797,4888.666666666667,225.66666666666666,45.00001609038752,2.3094010767585034,1.3333333333333333,3.414213562373095
1842,100,2.256758334191025,5987.0,225.5,58.28254642828171,3.23606797749979,1.2360679774997898,4.414213562373095
1843,75,1.9544100476116797,8754.333333333334,225.33333333333334,45.00001609038752,2.3094010767585034,1.3333333333333333,3.414213562373095
1844,25,1.1283791670955126,437.0,226.0,45.00001609038752,0.0,0.0,0.0
1845,25,1.1283791670955126,1702.0,226.0,45.00001609038752,0.0,0.0,0.0
1846,25,1.1283791670955126,1728.0,226.0,45.00001609038752,0.0,0.0,0.0
1847,25,1.1283791670955126,1750.0,226.0,45.00001609038752,0.0,0.0,0.0
1848,50,1.5957691216057308,1802.5,226.0,90.00003218077504,2.0,0.0,0.0
1849,75,1.9544100476116797,1813.6666666666667,226.33333333333334,-45.00001609038752,2.3094010767585034,1.3333333333333333,3.414213562373095
1850,25,1.1283791670955126,2250.0,226.0,45.00001609038752,0.0,0.0,0.0
1851,25,1.1283791670955126,2964.0,226.0,45.00001609038752,0.0,0.0,0.0
1852,25,1.1283791670955126,3923.0,226.0,45.00001609038752,0.0,0.0,0.0
1853,25,1.1283791670955126,5985.0,226.0,45.00001609038752,0.0,0.0,0.0
1854,25,1.1283791670955126,8757.0,226.0,45.00001609038752,0.0,0.0,0.0
1855,25,1.1283791670955126,10327.0,226.0,45.00001609038752,0.0,0.0,0.0
1856,225,3.385137501286538,434.0,228.33333333333334,-76.71750184288084,6.1019882967219665,2.330752130393712,9.207106781186548
1857,25,1.1283791670955126,5984.0,227.0,45.00001609038752,0.0,0.0,0.0
1858,14000,26.702324712498182,8756.13392857143,257.8410714285714,3.829895418723088,70.66318488641188,15.092866123808946,239.55129855222071
1859,50,1.5957691216057308,10326.0,227.5,0.0,2.0,0.0,0.0
1860,25,1.1283791670955126,1733.0,228.0,45.00001609038752,0.0,0.0,0.0
1861,25,1.1283791670955126,1784.0,228.0,45.00001609038752,0.0,0.0,0.0
1862,25,1.1283791670955126,1787.0,228.0,45.00001609038752,0.0,0.0,0.0
1863,25,1.1283791670955126,1799.0,228.0,45.00001609038752,0.0,0.0,0.0
1864,325,4.068428945128219,1813.2307692307693,230.76923076923077,12.568711745378213,6.212033668476932,3.3762113947711248,12.035533905932738
1865,25,1.1283791670955126,2763.0,228.0,45.00001609038752,0.0,0.0,0.0
1866,25,1.1283791670955126,2948.0,228.0,45.00001609038752,0.0,0.0,0.0
1867,100,2.256758334191025,2951.0,228.5,-58.28254642828171,3.23606797749979,1.2360679774997898,4.414213562373095
1868,25,1.1283791670955126,3922.0,228.0,45.00001609038752,0.0,0.0,0.0
1869,50,1.5957691216057308,4286.0,228.5,0.0,2.0,0.0,0.0
1870,25,1.1283791670955126,5982.0,228.0,45.00001609038752,0.0,0.0,0.0
1871,25,1.1283791670955126,5993.0,228.0,45.00001609038752,0.0,0.0,0.0
1872,25,1.1283791670955126,1732.0,229.0,45.00001609038752,0.0,0.0,0.0
1873,25,1.1283791670955126,2988.0,229.0,45.00001609038752,0.0,0.0,0.0
1874,25,1.1283791670955126,3965.0,229.0,45.00001609038752,0.0,0.0,0.0
1875,25,1.1283791670955126,5994.0,229.0,45.00001609038752,0.0,0.0,0.0
1876,50,1.5957691216057308,484.0,230.5,0.0,2.0,0.0,0.0
1877,25,1.1283791670955126,1713.0,230.0,45.00001609038752,0.0,0.0,0.0
1878,25,1.1283791670955126,5995.0,230.0,45.00001609038752,0.0,0.0,0.0
1879,25,1.1283791670955126,8735.0,230.0,45.00001609038752,0.0,0.0,0.0
1880,25,1.1283791670955126,437.0,231.0,45.00001609038752,0.0,0.0,0.0
1881,225,3.385137501286538,2948.4444444444443,232.33333333333334,-46.36317207475621,4.309594144143424,3.2042010682234374,7.414213562373095
1882,25,1.1283791670955126,4005.0,231.0,45.00001609038752,0.0,0.0,0.0
1883,25,1.1283791670955126,4012.0,231.0,45.00001609038752,0.0,0.0,0.0
1884,25,1.1283791670955126,8759.0,231.0,45.00001609038752,0.0,0.0,0.0
1885,75,1.9544100476116797,434.6666666666667,232.66666666666666,45.00001609038752,2.3094010767585034,1.3333333333333333,3.414213562373095
1886,125,2.5231325220201604,1700.2,232.8,79.09932353989771,4.743365517193277,1.3492529674978502,4.207106781186548
1887,25,1.1283791670955126,2188.0,232.0,45.00001609038752,0.0,0.0,0.0
1888,3975,14.228319915326999,2292.48427672956,246.61635220125785,-3.191902843135892,29.42322997639336,10.05219814530917,89.01219330881975
1889,100,2.256758334191025,2952.0,232.75,90.00003218077504,2.8284271247461903,1.7320508075688772,4.621320343559642
1890,25,1.1283791670955126,2964.0,232.0,45.00001609038752,0.0,0.0,0.0
1891,25,1.1283791670955126,3930.0,232.0,45.00001609038752,0.0,0.0,0.0
1892,225,3.385137501286538,3945.1111111111113,232.55555555555554,80.78255447347547,4.830144226708221,2.6626039577107594,8.621320343559642
1893,25,1.1283791670955126,4002.0,232.0,45.00001609038752,0.0,0.0,0.0
1894,75,1.9544100476116797,4003.6666666666665,232.66666666666666,45.00001609038752,2.3094010767585034,1.3333333333333333,3.414213562373095
1895,250,3.5682482323055424,4008.5,232.6,90.00003218077504,6.0,1.959591794226542,10.414213562373096
1896,25,1.1283791670955126,3928.0,233.0,45.00001609038752,0.0,0.0,0.0
1897,25,1.1283791670955126,8746.0,233.0,45.00001609038752,0.0,0.0,0.0
1898,25,1.1283791670955126,436.0,234.0,45.00001609038752,0.0,0.0,0.0
1899,50,1.5957691216057308,2963.5,234.0,90.00003218077504,2.0,0.0,0.0
1900,25,1.1283791670955126,5980.0,234.0,45.00001609038752,0.0,0.0,0.0
1901,25,1.1283791670955126,8750.0,234.0,45.00001609038752,0.0,0.0,0.0
1902,25,1.1283791670955126,559.0,235.0,45.00001609038752,0.0,0.0,0.0
1903,550,5.292567428401227,1708.3181818181818,237.95454545454547,-72.68050002161792,7.2571257124636785,4.772016651524192,19.071067811865476
1904,25,1.1283791670955126,2287.0,235.0,45.00001609038752,0.0,0.0,0.0
1905,25,1.1283791670955126,2297.0,235.0,45.00001609038752,0.0,0.0,0.0
1906,25,1.1283791670955126,2952.0,235.0,45.00001609038752,0.0,0.0,0.0
1907,25,1.1283791670955126,4010.0,235.0,45.00001609038752,0.0,0.0,0.0
1908,25,1.1283791670955126,5029.0,235.0,45.00001609038752,0.0,0.0,0.0
1909,275,3.742410318509555,10723.727272727272,236.8181818181818,21.41263559908345,4.971345321518555,3.1512463872869616,9.621320343559644
1910,25,1.1283791670955126,486.0,236.0,45.00001609038752,0.0,0.0,0.0
1911,100,2.256758334191025,1703.0,236.5,58.28254642828171,3.23606797749979,1.2360679774997898,4.414213562373095
1912,825,6.4820448144285745,1758.2424242424242,239.3939393939394,-4.275760620008469,8.480671939926683,5.639715812721285,21.692388155425117
1913,25,1.1283791670955126,1799.0,236.0,45.00001609038752,0.0,0.0,0.0
1914,25,1.1283791670955126,2947.0,236.0,45.00001609038752,0.0,0.0,0.0
1915,25,1.1283791670955126,2950.0,236.0,45.00001609038752,0.0,0.0,0.0
1916,50,1.5957691216057308,3962.5,236.0,90.00003218077504,2.0,0.0,0.0
1917,25,1.1283791670955126,4107.0,236.0,45.00001609038752,0.0,0.0,0.0
1918,2275,10.764051215546116,4290.43956043956,247.14285714285714,6.873945102296403,23.010147262518878,9.226979803083074,65.42031021678298
1919,25,1.1283791670955126,6618.0,236.0,45.00001609038752,0.0,0.0,0.0
1920,50,1.5957691216057308,1530.5,237.0,90.00003218077504,2.0,0.0,0.0
1921,7775,19.899183360445615,2954.469453376206,256.5530546623794,27.569118385849304,44.926255808281184,18.326509810152043,214.23149339882605
1922,850,6.579524642479541,4107.411764705882,240.47058823529412,31.75467469741916,9.45945489554889,5.680022686200675,24.14213562373095
1923,25,1.1283791670955126,4226.0,237.0,45.00001609038752,0.0,0.0,0.0
1924,25,1.1283791670955126,5014.0,237.0,45.00001609038752,0.0,0.0,0.0
1925,25,1.1283791670955126,8711.0,237.0,45.00001609038752,0.0,0.0,0.0
1926,50,1.5957691216057308,10623.5,237.0,90.00003218077504,2.0,0.0,0.0
1927,25,1.1283791670955126,541.0,238.0,45.00001609038752,0.0,0.0,0.0
1928,25,1.1283791670955126,1825.0,238.0,45.00001609038752,0.0,0.0,0.0
1929,25,1.1283791670955126,2991.0,238.0,45.00001609038752,0.0,0.0,0.0
1930,25,1.1283791670955126,3731.0,238.0,45.00001609038752,0.0,0.0,0.0
1931,25,1.1283791670955126,3941.0,238.0,45.00001609038752,0.0,0.0,0.0
1932,50,1.5957691216057308,4004.5,238.0,90.00003218077504,2.0,0.0,0.0
1933,25,1.1283791670955126,6617.0,238.0,45.00001609038752,0.0,0.0,0.0
1934,75,1.9544100476116797,8731.333333333334,238.33333333333334,45.00001609038752,2.3094010767585034,1.3333333333333333,3.414213562373095
1935,25,1.1283791670955126,9361.0,238.0,45.00001609038752,0.0,0.0,0.0
1936,25,1.1283791670955126,9364.0,238.0,45.00001609038752,0.0,0.0,0.0
1937,50,1.5957691216057308,9378.5,238.0,90.00003218077504,2.0,0.0,0.0
1938,25,1.1283791670955126,10628.0,238.0,45.00001609038752,0.0,0.0,0.0
1939,25,1.1283791670955126,1693.0,239.0,45.00001609038752,0.0,0.0,0.0
1940,25,1.1283791670955126,1774.0,239.0,45.00001609038752,0.0,0.0,0.0
1941,25,1.1283791670955126,2255.0,239.0,45.00001609038752,0.0,0.0,0.0
1942,25,1.1283791670955126,2288.0,239.0,45.00001609038752,0.0,0.0,0.0
1943,50,1.5957691216057308,2962.5,239.0,90.00003218077504,2.0,0.0,0.0
1944,25,1.1283791670955126,2992.0,239.0,45.00001609038752,0.0,0.0,0.0
1945,25,1.1283791670955126,3926.0,239.0,45.00001609038752,0.0,0.0,0.0
1946,50,1.5957691216057308,3996.0,239.5,0.0,2.0,0.0,0.0
1947,100,2.256758334191025,4141.0,239.75,90.00003218077504,2.8284271247461903,1.7320508075688772,4.621320343559642
1948,25,1.1283791670955126,5016.0,239.0,45.00001609038752,0.0,0.0,0.0
1949,25,1.1283791670955126,8712.0,239.0,45.00001609038752,0.0,0.0,0.0
1950,25,1.1283791670955126,9363.0,239.0,45.00001609038752,0.0,0.0,0.0
1951,75,1.9544100476116797,9381.0,239.0,90.00003218077504,3.265986323710904,0.0,1.0
1952,25,1.1283791670955126,10622.0,239.0,45.00001609038752,0.0,0.0,0.0
1953,25,1.1283791670955126,10630.0,239.0,45.00001609038752,0.0,0.0,0.0
1954,1550,8.884866446580956,505.5483870967742,245.46774193548387,13.128997227034478,13.148760141441658,7.090966287656365,35.970562748477136
1955,225,3.385137501286538,1704.0,241.66666666666666,35.78253838308795,4.25044367047193,2.612014068307059,7.621320343559642
1956,125,2.5231325220201604,1753.4,240.8,-18.43495541459913,3.098386676965933,1.7888543819998317,5.207106781186548
1957,50,1.5957691216057308,1811.5,240.0,90.00003218077504,2.0,0.0,0.0
1958,325,4.068428945128219,4007.6923076923076,242.23076923076923,20.592969946160338,5.92602607051387,3.602345009546278,12.035533905932738
1959,200,3.1915382432114616,4225.875,241.125,-45.00001609038752,3.4641016151377544,2.7386127875258306,7.414213562373095
1960,475,4.918490759365935,8712.0,245.21052631578948,24.11849687277781,14.232839116349679,1.9685131827626587,18.414213562373096
1961,75,1.9544100476116797,9365.333333333334,240.33333333333334,45.00001609038752,2.3094010767585034,1.3333333333333333,3.414213562373095
1962,2175,10.524820207108489,1714.7471264367816,247.02298850574712,80.02110472611895,23.256497409171146,9.192092073569368,62.66295090390226
1963,25,1.1283791670955126,1742.0,241.0,45.00001609038752,0.0,0.0,0.0
1964,75,1.9544100476116797,1791.3333333333333,241.66666666666666,-45.00001609038752,2.3094010767585034,1.3333333333333333,3.414213562373095
1965,50,1.5957691216057308,2180.5,241.0,90.00003218077504,2.0,0.0,0.0
1966,75,1.9544100476116797,2202.6666666666665,241.33333333333334,-45.00001609038752,2.3094010767585034,1.3333333333333333,3.414213562373095
1967,50,1.5957691216057308,2285.5,241.0,90.00003218077504,2.0,0.0,0.0
1968,25,1.1283791670955126,4143.0,241.0,45.00001609038752,0.0,0.0,0.0
1969,25,1.1283791670955126,4193.0,241.0,45.00001609038752,0.0,0.0,0.0
1970,50,1.5957691216057308,4882.0,241.5,0.0,2.0,0.0,0.0
1971,25,1.1283791670955126,5030.0,241.0,45.00001609038752,0.0,0.0,0.0
1972,100,2.256758334191025,5031.5,242.0,-31.71748575249332,3.23606797749979,1.2360679774997898,4.414213562373095
1973,25,1.1283791670955126,5042.0,241.0,45.00001609038752,0.0,0.0,0.0
1974,75,1.9544100476116797,6616.333333333333,241.66666666666666,-45.00001609038752,2.3094010767585034,1.3333333333333333,3.414213562373095
1975,25,1.1283791670955126,9377.0,241.0,45.00001609038752,0.0,0.0,0.0
1976,25,1.1283791670955126,10160.0,241.0,45.00001609038752,0.0,0.0,0.0
1977,1575,8.95623198216277,10618.412698412698,257.3968253968254,3.470279679365573,35.903064946034455,2.8859064568097006,59.62132034355964
1978,25,1.1283791670955126,10621.0,241.0,45.00001609038752,0.0,0.0,0.0
1979,25,1.1283791670955126,434.0,242.0,45.00001609038752,0.0,0.0,0.0
1980,25,1.1283791670955126,472.0,242.0,45.00001609038752,0.0,0.0,0.0
1981,425,4.652426491681278,499.8235294117647,245.47058823529412,-2.475137002165857,8.020395977278652,2.804820848815478,14.82842712474619
1982,25,1.1283791670955126,1693.0,242.0,45.00001609038752,0.0,0.0,0.0
1983,25,1.1283791670955126,1695.0,242.0,45.00001609038752,0.0,0.0,0.0
1984,25,1.1283791670955126,1712.0,242.0,45.00001609038752,0.0,0.0,0.0
1985,50,1.5957691216057308,1831.5,242.0,90.00003218077504,2.0,0.0,0.0
1986,50,1.5957691216057308,2182.5,242.0,90.00003218077504,2.0,0.0,0.0
1987,25,1.1283791670955126,2944.0,242.0,45.00001609038752,0.0,0.0,0.0
1988,25,1.1283791670955126,3971.0,242.0,45.00001609038752,0.0,0.0,0.0
1989,25,1.1283791670955126,4134.0,242.0,45.00001609038752,0.0,0.0,0.0
1990,25,1.1283791670955126,4221.0,242.0,45.00001609038752,0.0,0.0,0.0
1991,25,1.1283791670955126,4271.0,242.0,45.00001609038752,0.0,0.0,0.0
1992,25,1.1283791670955126,8714.0,242.0,45.00001609038752,0.0,0.0,0.0
1993,50375,50.65153188839754,8739.258560794045,344.3602977667494,8.156077217647354,205.66821717387296,33.46451084195752,831.5655839020935
1994,50,1.5957691216057308,8745.0,242.5,0.0,2.0,0.0,0.0
1995,25,1.1283791670955126,1719.0,243.0,45.00001609038752,0.0,0.0,0.0
1996,25,1.1283791670955126,1771.0,243.0,45.00001609038752,0.0,0.0,0.0
1997,25,1.1283791670955126,4132.0,243.0,45.00001609038752,0.0,0.0,0.0
1998,25,1.1283791670955126,4147.0,243.0,45.00001609038752,0.0,0.0,0.0
1999,25,1.1283791670955126,6618.0,243.0,45.00001609038752,0.0,0.0,0.0
2000,25,1.1283791670955126,9376.0,243.0,45.00001609038752,0.0,0.0,0.0
2001,2250,10.704744696916627,1689.2333333333333,252.03333333333333,-6.574897779249497,16.383676407499184,9.606573712071626,51.21320343559643
2002,750,6.180387232371033,2183.9333333333334,247.13333333333333,-35.630963607033195,8.532664231116021,5.504975225207133,21.899494936611664
2003,25,1.1283791670955126,2187.0,244.0,45.00001609038752,0.0,0.0,0.0
2004,125,2.5231325220201604,2942.6,245.2,-18.43495541459913,3.098386676965933,1.7888543819998317,5.207106781186548
2005,75,1.9544100476116797,2973.6666666666665,244.66666666666666,45.00001609038752,2.3094010767585034,1.3333333333333333,3.414213562373095
2006,25,1.1283791670955126,4131.0,244.0,45.00001609038752,0.0,0.0,0.0
2007,25,1.1283791670955126,4149.0,244.0,45.00001609038752,0.0,0.0,0.0
2008,25,1.1283791670955126,4885.0,244.0,45.00001609038752,0.0,0.0,0.0
2009,25,1.1283791670955126,5980.0,244.0,45.00001609038752,0.0,0.0,0.0
2010,25,1.1283791670955126,6616.0,244.0,45.00001609038752,0.0,0.0,0.0
2011,25,1.1283791670955126,8715.0,244.0,45.00001609038752,0.0,0.0,0.0
2012,25,1.1283791670955126,9375.0,244.0,45.00001609038752,0.0,0.0,0.0
2013,25,1.1283791670955126,11835.0,244.0,45.00001609038752,0.0,0.0,0.0
2014,25,1.1283791670955126,482.0,245.0,45.00001609038752,0.0,0.0,0.0
2015,125,2.5231325220201604,1683.8,245.4,-71.5650767661759,3.098386676965933,1.7888543819998317,5.207106781186548
2016,50,1.5957691216057308,1703.5,245.0,90.00003218077504,2.0,0.0,0.0
2017,50,1.5957691216057308,1728.5,245.0,90.00003218077504,2.0,0.0,0.0
2018,25,1.1283791670955126,1788.0,245.0,45.00001609038752,0.0,0.0,0.0
2019,75,1.9544100476116797,2207.6666666666665,245.33333333333334,-45.00001609038752,2.3094010767585034,1.3333333333333333,3.414213562373095
2020,100,2.256758334191025,2222.5,245.0,90.00003218077504,4.47213595499958,0.0,2.0
2021,125,2.5231325220201604,2904.2,245.4,71.5650767661759,3.098386676965933,1.7888543819998317,5.207106781186548
2022,75,1.9544100476116797,3995.6666666666665,245.66666666666666,45.00001609038752,2.3094010767585034,1.3333333333333333,3.414213562373095
2023,25,1.1283791670955126,4150.0,245.0,45.00001609038752,0.0,0.0,0.0
2024,50,1.5957691216057308,4227.5,245.0,90.00003218077504,2.0,0.0,0.0
2025,25,1.1283791670955126,6615.0,245.0,45.00001609038752,0.0,0.0,0.0
2026,75,1.9544100476116797,6617.333333333333,245.33333333333334,45.00001609038752,2.3094010767585034,1.3333333333333333,3.414213562373095
2027,50,1.5957691216057308,6975.5,245.0,90.00003218077504,2.0,0.0,0.0
2028,500,5.046265044040321,8745.75,248.05,35.97394689336967,7.135736286271663,4.103811356871305,16.035533905932738
2029,25,1.1283791670955126,8748.0,245.0,45.00001609038752,0.0,0.0,0.0
2030,75,1.9544100476116797,10725.333333333334,245.33333333333334,45.00001609038752,2.3094010767585034,1.3333333333333333,3.414213562373095
2031,25,1.1283791670955126,1694.0,246.0,45.00001609038752,0.0,0.0,0.0
2032,275,3.742410318509555,2976.4545454545455,247.8181818181818,35.39012594127943,5.991001117308387,2.316053531228736,9.82842712474619
2033,25,1.1283791670955126,2978.0,246.0,45.00001609038752,0.0,0.0,0.0
2034,25,1.1283791670955126,4130.0,246.0,45.00001609038752,0.0,0.0,0.0
2035,25,1.1283791670955126,4286.0,246.0,45.00001609038752,0.0,0.0,0.0
2036,25,1.1283791670955126,4870.0,246.0,45.00001609038752,0.0,0.0,0.0
2037,25,1.1283791670955126,5046.0,246.0,45.00001609038752,0.0,0.0,0.0
2038,25,1.1283791670955126,6966.0,246.0,45.00001609038752,0.0,0.0,0.0
2039,25,1.1283791670955126,6974.0,246.0,45.00001609038752,0.0,0.0,0.0
2040,25,1.1283791670955126,6977.0,246.0,45.00001609038752,0.0,0.0,0.0
2041,25,1.1283791670955126,8742.0,246.0,45.00001609038752,0.0,0.0,0.0
2042,1761425,299.5140040188528,10116.245028882864,467.85544374583077,-0.9180482242405695,407.84098510203387,276.17359002595236,3486.29386490095
2043,45625,48.20437914901168,893.1753424657534,288.82904109589043,6.078989748361883,82.8747086751575,36.28616988428715,485.10869375885125
2044,25,1.1283791670955126,4129.0,247.0,45.00001609038752,0.0,0.0,0.0
2045,25,1.1283791670955126,5981.0,247.0,45.00001609038752,0.0,0.0,0.0
2046,25,1.1283791670955126,6963.0,247.0,45.00001609038752,0.0,0.0,0.0
2047,25,1.1283791670955126,6978.0,247.0,45.00001609038752,0.0,0.0,0.0
2048,25,1.1283791670955126,8749.0,247.0,45.00001609038752,0.0,0.0,0.0
2049,125,2.5231325220201604,8788.0,249.0,0.0,5.656854249492381,0.0,3.0
2050,172075,93.6146771954704,11827.096905419148,309.32064506755773,46.75718384818059,146.74081667839292,72.19733973987965,764.3879143724298
2051,59250,54.93248329560876,11881.260337552743,293.6168776371308,26.158707905749775,116.24111350274839,35.66501622417296,386.82442251138934
2052,25,1.1283791670955126,1703.0,248.0,45.00001609038752,0.0,0.0,0.0
2053,25,1.1283791670955126,2209.0,248.0,45.00001609038752,0.0,0.0,0.0
2054,125,2.5231325220201604,2938.4,248.2,-84.84760710407011,4.093338188813542,1.563516060678838,4.414213562373095
2055,25,1.1283791670955126,2942.0,248.0,45.00001609038752,0.0,0.0,0.0
2056,225,3.385137501286538,3992.3333333333335,249.55555555555554,55.42724883858015,4.132908103676026,2.864091692640616,7.8639610306789285
2057,25,1.1283791670955126,4152.0,248.0,45.00001609038752,0.0,0.0,0.0
2058,25,1.1283791670955126,4229.0,248.0,45.00001609038752,0.0,0.0,0.0
2059,175,2.985410660720923,6618.285714285715,249.28571428571428,29.87179209931401,4.634736211286691,1.826347935745029,7.414213562373095
2060,25,1.1283791670955126,6961.0,248.0,45.00001609038752,0.0,0.0,0.0
2061,25,1.1283791670955126,6980.0,248.0,45.00001609038752,0.0,0.0,0.0
2062,25,1.1283791670955126,8737.0,248.0,45.00001609038752,0.0,0.0,0.0
2063,250,3.5682482323055424,8739.5,249.2,90.00003218077504,4.09878030638384,2.9933259094191533,8.82842712474619
2064,25,1.1283791670955126,8751.0,248.0,45.00001609038752,0.0,0.0,0.0
2065,25,1.1283791670955126,1683.0,249.0,45.00001609038752,0.0,0.0,0.0
2066,75,1.9544100476116797,1705.3333333333333,249.66666666666666,-45.00001609038752,2.3094010767585034,1.3333333333333333,3.414213562373095
2067,25,1.1283791670955126,1739.0,249.0,45.00001609038752,0.0,0.0,0.0
2068,25,1.1283791670955126,1777.0,249.0,45.00001609038752,0.0,0.0,0.0
2069,25,1.1283791670955126,2299.0,249.0,45.00001609038752,0.0,0.0,0.0
2070,25,1.1283791670955126,2964.0,249.0,45.00001609038752,0.0,0.0,0.0
2071,25,1.1283791670955126,4128.0,249.0,45.00001609038752,0.0,0.0,0.0
2072,25,1.1283791670955126,6606.0,249.0,45.00001609038752,0.0,0.0,0.0
2073,50,1.5957691216057308,6959.5,249.0,90.00003218077504,2.0,0.0,0.0
2074,25,1.1283791670955126,6981.0,249.0,45.00001609038752,0.0,0.0,0.0
2075,25,1.1283791670955126,1737.0,250.0,45.00001609038752,0.0,0.0,0.0
2076,25,1.1283791670955126,1775.0,250.0,45.00001609038752,0.0,0.0,0.0
2077,175,2.985410660720923,3788.1428571428573,252.28571428571428,-3.9415710677289364,6.679120530303047,1.325404044229481,6.414213562373096
2078,25,1.1283791670955126,4153.0,250.0,45.00001609038752,0.0,0.0,0.0
2079,25,1.1283791670955126,6958.0,250.0,45.00001609038752,0.0,0.0,0.0
2080,25,1.1283791670955126,6982.0,250.0,45.00001609038752,0.0,0.0,0.0
2081,25,1.1283791670955126,2979.0,251.0,45.00001609038752,0.0,0.0,0.0
2082,25,1.1283791670955126,3736.0,251.0,45.00001609038752,0.0,0.0,0.0
2083,25,1.1283791670955126,5983.0,251.0,45.00001609038752,0.0,0.0,0.0
2084,25,1.1283791670955126,6957.0,251.0,45.00001609038752,0.0,0.0,0.0
2085,25,1.1283791670955126,8742.0,251.0,45.00001609038752,0.0,0.0,0.0
2086,50,1.5957691216057308,856.0,252.5,0.0,2.0,0.0,0.0
2087,150,2.763953195770684,1704.5,253.0,50.30984562706919,4.8496611975202075,1.3468925727763872,6.414213562373095
2088,2125,10.403141895720198,1714.8117647058823,256.0235294117647,-81.04638032258197,12.785154895249713,9.510949132700603,39.14213562373095
2089,1375,8.368283871884005,1729.0181818181818,255.61818181818182,82.42799957710727,15.271288393116913,7.36174939264016,44.9350288425444
2090,100,2.256758334191025,1778.5,252.5,45.00001609038752,2.0,2.0,4.0
2091,1800,9.574614729634384,1791.4722222222222,257.65277777777777,-68.06038196552488,17.60876039890676,10.359707163937355,55.55634918610404
2092,425,4.652426491681278,2261.823529411765,254.7058823529412,-3.9960770816961473,6.977662992015562,3.1088840998543237,14.242640687119286
2093,25,1.1283791670955126,2935.0,252.0,45.00001609038752,0.0,0.0,0.0
2094,150,2.763953195770684,2941.1666666666665,253.0,-36.86991082919827,3.8297084310253524,1.8856180831641272,6.207106781186548
2095,650,5.753627391751592,3907.653846153846,254.96153846153845,-9.65167224629513,8.402236253242336,5.663654487847746,21.485281374238568
2096,25,1.1283791670955126,4127.0,252.0,45.00001609038752,0.0,0.0,0.0
2097,25,1.1283791670955126,5016.0,252.0,45.00001609038752,0.0,0.0,0.0
2098,25,1.1283791670955126,5984.0,252.0,45.00001609038752,0.0,0.0,0.0
2099,400,4.51351666838205,6576.0625,254.9375,-18.5979573539888,8.142507398773311,3.6843687737415594,15.035533905932738
2100,25,1.1283791670955126,6956.0,252.0,45.00001609038752,0.0,0.0,0.0
2101,825,6.4820448144285745,8739.878787878788,254.42424242424244,-70.51833158226866,10.481794553249827,5.94817914167061,23.106601717798213
2102,50,1.5957691216057308,10169.5,252.0,90.00003218077504,2.0,0.0,0.0
2103,5850,17.26088217525478,457.2649572649573,265.6709401709402,20.718138898260424,25.73568325442876,16.551863429817857,121.15432893255071
2104,200,3.1915382432114616,456.75,253.375,78.47437760137892,6.366269644280173,1.4901714050124566,7.207106781186548
2105,100,2.256758334191025,461.25,253.25,71.5650767661759,3.4641016151377544,1.4142135623730951,3.2071067811865475
2106,75,1.9544100476116797,851.0,253.0,90.00003218077504,3.265986323710904,0.0,1.0
2107,25,1.1283791670955126,886.0,253.0,45.00001609038752,0.0,0.0,0.0
2108,75,1.9544100476116797,1682.6666666666667,253.33333333333334,-45.00001609038752,2.3094010767585034,1.3333333333333333,3.414213562373095
2109,75,1.9544100476116797,1734.6666666666667,253.33333333333334,-45.00001609038752,2.3094010767585034,1.3333333333333333,3.414213562373095
2110,25,1.1283791670955126,1739.0,253.0,45.00001609038752,0.0,0.0,0.0
2111,50,1.5957691216057308,1743.5,253.0,90.00003218077504,2.0,0.0,0.0
2112,11400,24.095585330081406,1743.7105263157894,285.8421052631579,-9.985986368009726,58.650032108176745,16.786975384925757,217.37362902255703
2113,150,2.763953195770684,1818.8333333333333,253.33333333333334,77.06684915928662,4.363338213437162,1.65500979239906,5.0
2114,25,1.1283791670955126,2937.0,253.0,45.00001609038752,0.0,0.0,0.0
2115,25,1.1283791670955126,3991.0,253.0,45.00001609038752,0.0,0.0,0.0
2116,725,6.076507779746499,4875.206896551724,255.6206896551724,63.312582685958866,8.757058738929917,5.177814261895055,22.899494936611664
2117,25,1.1283791670955126,5014.0,253.0,45.00001609038752,0.0,0.0,0.0
2118,25,1.1283791670955126,5985.0,253.0,45.00001609038752,0.0,0.0,0.0
2119,25,1.1283791670955126,5996.0,253.0,45.00001609038752,0.0,0.0,0.0
2120,125,2.5231325220201604,8748.2,253.4,71.5650767661759,3.098386676965933,1.7888543819998317,5.207106781186548
2121,150,2.763953195770684,8788.666666666666,254.33333333333334,6.264406094502101,4.444176659884297,1.8331407275086025,6.621320343559642
2122,25,1.1283791670955126,849.0,254.0,45.00001609038752,0.0,0.0,0.0
2123,25,1.1283791670955126,1776.0,254.0,45.00001609038752,0.0,0.0,0.0
2124,25,1.1283791670955126,1786.0,254.0,45.00001609038752,0.0,0.0,0.0
2125,25,1.1283791670955126,2181.0,254.0,45.00001609038752,0.0,0.0,0.0
2126,25,1.1283791670955126,3738.0,254.0,45.00001609038752,0.0,0.0,0.0
2127,25,1.1283791670955126,3911.0,254.0,45.00001609038752,0.0,0.0,0.0
2128,75,1.9544100476116797,5989.0,254.0,90.00003218077504,3.265986323710904,0.0,1.0
2129,25,1.1283791670955126,6579.0,254.0,45.00001609038752,0.0,0.0,0.0
2130,25,1.1283791670955126,8753.0,254.0,45.00001609038752,0.0,0.0,0.0
2131,25,1.1283791670955126,1777.0,255.0,45.00001609038752,0.0,0.0,0.0
2132,25,1.1283791670955126,3739.0,255.0,45.00001609038752,0.0,0.0,0.0
2133,11450,24.148368712786887,4287.663755458515,275.6768558951965,23.759097874451918,46.841518239551284,24.619007001014147,239.58073580374355
2134,75,1.9544100476116797,5993.666666666667,255.33333333333334,-45.00001609038752,2.3094010767585034,1.3333333333333333,3.414213562373095
2135,25,1.1283791670955126,6578.0,255.0,45.00001609038752,0.0,0.0,0.0
2136,200,3.1915382432114616,6968.875,255.875,45.00001609038752,3.4641016151377544,2.7386127875258306,7.414213562373095
2137,25,1.1283791670955126,448.0,256.0,45.00001609038752,0.0,0.0,0.0
2138,400,4.51351666838205,1739.9375,258.6875,15.4198486021,7.677040288734026,3.0721413387333882,13.242640687119284
2139,25,1.1283791670955126,1743.0,256.0,45.00001609038752,0.0,0.0,0.0
2140,100,2.256758334191025,1778.5,256.5,45.00001609038752,2.0,2.0,4.0
2141,200,3.1915382432114616,1784.625,256.625,81.3230167600557,5.321869122843981,1.7826129808008924,7.0
2142,100,2.256758334191025,1816.5,256.5,45.00001609038752,2.0,2.0,4.0
2143,25,1.1283791670955126,3740.0,256.0,45.00001609038752,0.0,0.0,0.0
2144,25,1.1283791670955126,3992.0,256.0,45.00001609038752,0.0,0.0,0.0
2145,50,1.5957691216057308,4126.0,256.5,0.0,2.0,0.0,0.0
2146,325,4.068428945128219,8744.0,256.7692307692308,-81.243900971131,6.907754488423236,2.6106459557678185,11.035533905932738
2147,25,1.1283791670955126,10631.0,256.0,45.00001609038752,0.0,0.0,0.0
2148,275,3.742410318509555,11833.454545454546,256.90909090909093,-79.14975993144914,5.834920416843335,2.4803328076173194,9.82842712474619
2149,25,1.1283791670955126,311.0,257.0,45.00001609038752,0.0,0.0,0.0
2150,25,1.1283791670955126,873.0,257.0,45.00001609038752,0.0,0.0,0.0
2151,100,2.256758334191025,1761.0,257.25,90.00003218077504,2.8284271247461903,1.7320508075688772,4.621320343559642
2152,25,1.1283791670955126,3741.0,257.0,45.00001609038752,0.0,0.0,0.0
2153,25,1.1283791670955126,3912.0,257.0,45.00001609038752,0.0,0.0,0.0
2154,50,1.5957691216057308,3991.0,257.5,0.0,2.0,0.0,0.0
2155,1300,8.136857890256438,4143.307692307692,267.8269230769231,3.806522528117597,23.370012722590552,4.20649216709991,42.520815280171306
2156,25,1.1283791670955126,4198.0,257.0,45.00001609038752,0.0,0.0,0.0
2157,150,2.763953195770684,4295.5,258.5,18.43495541459913,3.9999999999999996,1.632993161855452,6.414213562373095
2158,25,1.1283791670955126,4610.0,257.0,45.00001609038752,0.0,0.0,0.0
2159,25,1.1283791670955126,4870.0,257.0,45.00001609038752,0.0,0.0,0.0
2160,25,1.1283791670955126,6596.0,257.0,45.00001609038752,0.0,0.0,0.0
2161,50,1.5957691216057308,8749.5,257.0,90.00003218077504,2.0,0.0,0.0
2162,25,1.1283791670955126,10632.0,257.0,45.00001609038752,0.0,0.0,0.0
2163,25,1.1283791670955126,875.0,258.0,45.00001609038752,0.0,0.0,0.0
2164,50,1.5957691216057308,885.5,258.0,90.00003218077504,2.0,0.0,0.0
2165,25,1.1283791670955126,3742.0,258.0,45.00001609038752,0.0,0.0,0.0
2166,25,1.1283791670955126,4291.0,258.0,45.00001609038752,0.0,0.0,0.0
2167,25,1.1283791670955126,6953.0,258.0,45.00001609038752,0.0,0.0,0.0
2168,25,1.1283791670955126,10633.0,258.0,45.00001609038752,0.0,0.0,0.0
2169,2792450,377.11843055972247,5408.338716897349,490.1572991459113,49.55428474980096,514.0820414128816,304.33688661623484,2850.5749980868322
2170,3250,12.865501965161373,6591.3538461538465,267.76153846153846,49.33517941181517,24.343963475561782,12.314962696079883,96.04163056034261
2171,25,1.1283791670955126,10634.0,259.0,45.00001609038752,0.0,0.0,0.0
2172,75,1.9544100476116797,468.6666666666667,260.3333333333333,-45.00001609038752,2.3094010767585034,1.3333333333333333,3.414213562373095
2173,75,1.9544100476116797,875.3333333333334,260.3333333333333,45.00001609038752,2.3094010767585034,1.3333333333333333,3.414213562373095
2174,450,4.787307364817192,885.9444444444445,260.44444444444446,87.9581315369172,10.712522354527785,1.9518621975719517,17.0
2175,75,1.9544100476116797,892.6666666666666,260.6666666666667,45.00001609038752,2.3094010767585034,1.3333333333333333,3.414213562373095
2176,25,1.1283791670955126,1682.0,260.0,45.00001609038752,0.0,0.0,0.0
2177,1350,8.291859587312052,1686.1851851851852,264.64814814814815,19.296306972086878,10.354513546665645,6.983772281154208,29.384776310850235
2178,25,1.1283791670955126,1689.0,260.0,45.00001609038752,0.0,0.0,0.0
2179,875,6.6755811781245455,1693.942857142857,265.65714285714284,-9.750970929484561,14.225260103602658,5.538983871775515,28.48528137423857
2180,4325,14.841510746523857,1708.5144508670521,271.8150289017341,22.903543537699175,31.083360330722705,10.116201075969515,93.66904755831214
2181,1275,8.058239062071396,1729.313725490196,261.5686274509804,81.4718754904976,24.7449928364798,5.537386201027208,44.621320343559645
2182,100,2.256758334191025,1799.0,260.5,58.28254642828171,3.23606797749979,1.2360679774997898,4.414213562373095
2183,150,2.763953195770684,2207.5,260.6666666666667,90.00003218077504,3.8297084310253524,1.8856180831641272,6.414213562373095
2184,25,1.1283791670955126,2252.0,260.0,45.00001609038752,0.0,0.0,0.0
2185,300,3.9088200952233594,2257.5833333333335,260.6666666666667,-84.16597828303142,10.17840995983472,1.5846393282537354,11.207106781186548
2186,475,4.918490759365935,2293.684210526316,260.6842105263158,88.94099083214455,13.801026734224212,1.8420523679048746,17.207106781186546
2187,200,3.1915382432114616,2923.5,260.5,90.00003218077504,4.47213595499958,2.0,8.0
2188,100,2.256758334191025,2966.5,260.5,45.00001609038752,2.0,2.0,4.0
2189,725,6.076507779746499,3906.344827586207,264.7241379310345,-9.221172462448678,17.30568648763894,4.427190601094992,27.035533905932738
2190,450,4.787307364817192,3927.4444444444443,260.8888888888889,79.4888019212154,8.025779997713562,3.2328088343057177,15.035533905932738
2191,75,1.9544100476116797,3962.6666666666665,260.6666666666667,45.00001609038752,2.3094010767585034,1.3333333333333333,3.414213562373095
2192,225,3.385137501286538,3967.6666666666665,260.6666666666667,-86.8299351743074,5.971098560847528,1.8593259767334247,8.207106781186548
2193,25,1.1283791670955126,4125.0,260.0,45.00001609038752,0.0,0.0,0.0
2194,75,1.9544100476116797,4483.666666666667,260.3333333333333,-45.00001609038752,2.3094010767585034,1.3333333333333333,3.414213562373095
2195,150,2.763953195770684,4487.166666666667,260.8333333333333,-45.000016090387525,3.1269438398822857,2.309401076758503,6.242640687119286
2196,25,1.1283791670955126,4611.0,260.0,45.00001609038752,0.0,0.0,0.0
2197,250,3.5682482323055424,6577.9,260.8,85.20346333432933,6.331008338827149,2.3491133250018184,9.207106781186548
2198,375,4.370193722368317,6594.733333333334,260.53333333333336,-88.41011655234627,8.701579641278252,1.9816549121722193,15.207106781186548
2199,2625,11.562445770562215,6605.5142857142855,269.6666666666667,-2.0117774084962226,31.525998396175503,10.993803498961261,78.2842712474619
2200,150,2.763953195770684,6614.0,260.5,90.00003218077504,3.265986323710904,2.0,6.0
2201,50,1.5957691216057308,6618.0,260.5,0.0,2.0,0.0,0.0
2202,350,4.222008245644752,8743.0,260.5,90.00003218077504,9.913915184512842,2.0,14.621320343559644
2203,25,1.1283791670955126,8790.0,260.0,45.00001609038752,0.0,0.0,0.0
2204,125,2.5231325220201604,11831.2,260.6,-71.5650767661759,3.098386676965933,1.7888543819998317,5.207106781186548
2205,25,1.1283791670955126,11841.0,260.0,45.00001609038752,0.0,0.0,0.0
2206,2175,10.524820207108489,11846.51724137931,268.2413793103448,-3.1994794577032555,15.559351132845148,9.865973273368185,44.21320343559643
2207,50,1.5957691216057308,445.5,261.0,90.00003218077504,2.0,0.0,0.0
2208,25,1.1283791670955126,1690.0,261.0,45.00001609038752,0.0,0.0,0.0
2209,25,1.1283791670955126,3746.0,261.0,45.00001609038752,0.0,0.0,0.0
2210,50,1.5957691216057308,4193.5,261.0,90.00003218077504,2.0,0.0,0.0
2211,75,1.9544100476116797,4297.0,262.0,0.0,3.265986323710904,0.0,1.0
2212,25,1.1283791670955126,5054.0,261.0,45.00001609038752,0.0,0.0,0.0
2213,25,1.1283791670955126,6611.0,261.0,45.00001609038752,0.0,0.0,0.0
2214,1025,7.225151993843567,6971.365853658536,265.7317073170732,-27.34604200031834,9.931556367241237,5.545614225922269,24.727922061357855
2215,25,1.1283791670955126,8751.0,261.0,45.00001609038752,0.0,0.0,0.0
2216,25,1.1283791670955126,4485.0,262.0,45.00001609038752,0.0,0.0,0.0
2217,25,1.1283791670955126,6952.0,262.0,45.00001609038752,0.0,0.0,0.0
2218,25,1.1283791670955126,8738.0,262.0,45.00001609038752,0.0,0.0,0.0
2219,75,1.9544100476116797,791.6666666666666,263.6666666666667,45.00001609038752,2.3094010767585034,1.3333333333333333,3.414213562373095
2220,100,2.256758334191025,1679.25,264.25,18.43495541459913,3.4641016151377544,1.4142135623730951,3.2071067811865475
2221,25,1.1283791670955126,1699.0,263.0,45.00001609038752,0.0,0.0,0.0
2222,3050,12.463355264843006,1720.5081967213114,267.8688524590164,-82.5323322124459,18.29884785218695,11.285729960497047,64.31980515339464
2223,1250,7.978845608028654,2289.74,271.3,2.9964294441120614,18.99323172198139,5.5077716687531435,41.55634918610404
2224,25,1.1283791670955126,2965.0,263.0,45.00001609038752,0.0,0.0,0.0
2225,500,5.046265044040321,3926.15,264.95,82.08549425645755,8.388613876694277,3.291072352248157,14.621320343559642
2226,550,5.292567428401227,3965.4545454545455,265.8181818181818,-46.386094974444944,9.129215715301077,4.523170714892579,18.449747468305834
2227,25,1.1283791670955126,4313.0,263.0,45.00001609038752,0.0,0.0,0.0
2228,25,1.1283791670955126,5025.0,263.0,45.00001609038752,0.0,0.0,0.0
2229,25,1.1283791670955126,6768.0,263.0,45.00001609038752,0.0,0.0,0.0
2230,50,1.5957691216057308,447.5,264.0,90.00003218077504,2.0,0.0,0.0
2231,125,2.5231325220201604,449.6,265.2,-18.43495541459913,3.098386676965933,1.7888543819998317,5.207106781186548
2232,4100,14.450303987687134,867.3353658536586,272.640243902439,16.827132881242704,26.606283545296908,10.676678237154086,81.07716446627535
2233,75,1.9544100476116797,1741.6666666666667,264.6666666666667,45.00001609038752,2.3094010767585034,1.3333333333333333,3.414213562373095
2234,50,1.5957691216057308,2239.0,264.5,0.0,2.0,0.0,0.0
2235,1400,8.444016491289505,2253.1071428571427,269.05357142857144,-10.28932505959119,10.656091687373394,7.382671088384694,31.31370849898476
2236,75,1.9544100476116797,2294.3333333333335,264.3333333333333,45.00001609038752,2.3094010767585034,1.3333333333333333,3.414213562373095
2237,275,3.742410318509555,2306.090909090909,266.45454545454544,-11.105919314300474,6.33623890832767,2.4225204688948287,10.82842712474619
2238,25,1.1283791670955126,2908.0,264.0,45.00001609038752,0.0,0.0,0.0
2239,275,3.742410318509555,2911.818181818182,265.0,74.80066288894412,5.4902348873663565,2.6733082650327535,10.449747468305834
2240,150,2.763953195770684,2944.1666666666665,264.6666666666667,-57.75695586557756,4.93861174764721,1.6496136266144523,5.207106781186548
2241,25,1.1283791670955126,4124.0,264.0,45.00001609038752,0.0,0.0,0.0
2242,150,2.763953195770684,4307.166666666667,264.6666666666667,26.565060675788384,3.0550504633038935,2.666666666666667,6.414213562373095
2243,1600,9.0270333367641,4317.40625,268.46875,79.01709672781595,17.104520072992916,8.959862893626354,42.66295090390226
2244,150,2.763953195770684,5053.666666666667,264.8333333333333,-66.57621867226437,3.9702144414365588,2.4525853841989633,5.414213562373095
2245,225,3.385137501286538,6751.444444444444,264.6666666666667,-83.95265147994313,4.277662731533559,2.643019518000728,7.621320343559642
2246,100,2.256758334191025,6771.25,264.75,-71.5650767661759,3.4641016151377544,1.4142135623730951,3.2071067811865475
2247,25,1.1283791670955126,446.0,265.0,45.00001609038752,0.0,0.0,0.0
2248,25,1.1283791670955126,890.0,265.0,45.00001609038752,0.0,0.0,0.0
2249,450,4.787307364817192,1676.5,267.1666666666667,-59.03626457717171,6.324555320336759,4.988876515698588,15.035533905932738
2250,25,1.1283791670955126,1700.0,265.0,45.00001609038752,0.0,0.0,0.0
2251,25,1.1283791670955126,2257.0,265.0,45.00001609038752,0.0,0.0,0.0
2252,25,1.1283791670955126,4295.0,265.0,45.00001609038752,0.0,0.0,0.0
2253,25,1.1283791670955126,6620.0,265.0,45.00001609038752,0.0,0.0,0.0
2254,25,1.1283791670955126,10084.0,265.0,45.00001609038752,0.0,0.0,0.0
2255,75,1.9544100476116797,10628.666666666666,265.6666666666667,45.00001609038752,2.3094010767585034,1.3333333333333333,3.414213562373095
2256,25,1.1283791670955126,2930.0,266.0,45.00001609038752,0.0,0.0,0.0
2257,25,1.1283791670955126,3753.0,266.0,45.00001609038752,0.0,0.0,0.0
2258,25,1.1283791670955126,6614.0,266.0,45.00001609038752,0.0,0.0,0.0
2259,50,1.5957691216057308,6617.5,266.0,90.00003218077504,2.0,0.0,0.0
2260,125,2.5231325220201604,887.0,268.0,-31.71748575249332,4.093338188813542,1.5635160606788385,5.414213562373095
2261,25,1.1283791670955126,893.0,267.0,45.00001609038752,0.0,0.0,0.0
2262,25,1.1283791670955126,1734.0,267.0,45.00001609038752,0.0,0.0,0.0
2263,75,1.9544100476116797,2908.6666666666665,267.3333333333333,-45.00001609038752,2.3094010767585034,1.3333333333333333,3.414213562373095
2264,25,1.1283791670955126,3754.0,267.0,45.00001609038752,0.0,0.0,0.0
2265,175,2.985410660720923,4309.714285714285,268.7142857142857,29.87179209931401,4.634736211286691,1.826347935745029,7.414213562373095
2266,25,1.1283791670955126,6749.0,267.0,45.00001609038752,0.0,0.0,0.0
2267,25,1.1283791670955126,10622.0,267.0,45.00001609038752,0.0,0.0,0.0
2268,25,1.1283791670955126,451.0,268.0,45.00001609038752,0.0,0.0,0.0
2269,25,1.1283791670955126,884.0,268.0,45.00001609038752,0.0,0.0,0.0
2270,2525,11.340070282773887,1697.5247524752476,277.41584158415844,8.92053544934977,17.189320312010267,11.539350816871393,64.07716446627535
2271,125,2.5231325220201604,1732.2,268.6,-71.5650767661759,3.098386676965933,1.7888543819998317,5.207106781186548
2272,175,2.985410660720923,1735.7142857142858,269.2857142857143,-29.87179209931401,4.634736211286691,1.826347935745029,7.414213562373095
2273,150,2.763953195770684,1740.5,268.3333333333333,90.00003218077504,3.8297084310253524,1.8856180831641272,6.414213562373095
2274,25,1.1283791670955126,1786.0,268.0,45.00001609038752,0.0,0.0,0.0
2275,25,1.1283791670955126,1814.0,268.0,45.00001609038752,0.0,0.0,0.0
2276,25,1.1283791670955126,2272.0,268.0,45.00001609038752,0.0,0.0,0.0
2277,75,1.9544100476116797,2762.0,269.0,0.0,3.265986323710904,0.0,1.0
2278,125,2.5231325220201604,2904.4,268.6,69.00641842630537,4.34169545110285,1.2765894445250698,4.207106781186548
2279,25,1.1283791670955126,2907.0,268.0,45.00001609038752,0.0,0.0,0.0
2280,100,2.256758334191025,2955.5,268.5,45.00001609038752,2.0,2.0,4.0
2281,225,3.385137501286538,3757.222222222222,269.77777777777777,-45.00001609038752,7.302967433402215,1.405456737852613,9.414213562373096
2282,175,2.985410660720923,3972.714285714286,268.57142857142856,-81.65040707825254,4.155374705678736,1.9054711331003737,7.207106781186548
2283,25,1.1283791670955126,5053.0,268.0,45.00001609038752,0.0,0.0,0.0
2284,175,2.985410660720923,6609.428571428572,268.57142857142856,-72.23118693128777,3.6857065455973044,2.822514422975452,6.621320343559642
2285,225,3.385137501286538,6752.888888888889,269.22222222222223,82.66183298817388,4.8159526410079625,2.4578787726010805,8.242640687119286
2286,25,1.1283791670955126,8864.0,268.0,45.00001609038752,0.0,0.0,0.0
2287,75,1.9544100476116797,10623.333333333334,268.3333333333333,45.00001609038752,2.3094010767585034,1.3333333333333333,3.414213562373095
2288,25,1.1283791670955126,1682.0,269.0,45.00001609038752,0.0,0.0,0.0
2289,25,1.1283791670955126,1710.0,269.0,45.00001609038752,0.0,0.0,0.0
2290,25,1.1283791670955126,1811.0,269.0,45.00001609038752,0.0,0.0,0.0
2291,50,1.5957691216057308,2258.5,269.0,90.00003218077504,2.0,0.0,0.0
2292,3725,13.773623058786647,3972.7046979865772,284.12080536912754,6.462605429759377,31.41054676193646,11.010236451677665,98.04772721475248
2293,25,1.1283791670955126,4870.0,269.0,45.00001609038752,0.0,0.0,0.0
2294,50,1.5957691216057308,5067.5,269.0,90.00003218077504,2.0,0.0,0.0
2295,50,1.5957691216057308,6614.5,269.0,90.00003218077504,2.0,0.0,0.0
2296,25,1.1283791670955126,10080.0,269.0,45.00001609038752,0.0,0.0,0.0
2297,25,1.1283791670955126,1679.0,270.0,45.00001609038752,0.0,0.0,0.0
2298,975,7.046725639945928,1687.3589743589744,273.94871794871796,46.031307464836324,9.152419673129057,6.978068333290154,24.27817459305202
2299,25,1.1283791670955126,1702.0,270.0,45.00001609038752,0.0,0.0,0.0
2300,25,1.1283791670955126,1815.0,270.0,45.00001609038752,0.0,0.0,0.0
2301,25,1.1283791670955126,2185.0,270.0,45.00001609038752,0.0,0.0,0.0
2302,50,1.5957691216057308,2270.5,270.0,90.00003218077504,2.0,0.0,0.0
2303,25,1.1283791670955126,2273.0,270.0,45.00001609038752,0.0,0.0,0.0
2304,25,1.1283791670955126,2307.0,270.0,45.00001609038752,0.0,0.0,0.0
2305,25,1.1283791670955126,3975.0,270.0,45.00001609038752,0.0,0.0,0.0
2306,275,3.742410318509555,4308.272727272727,272.54545454545456,20.592969946160338,6.044479299353277,2.9022315010419364,11.65685424949238
2307,25,1.1283791670955126,10079.0,270.0,45.00001609038752,0.0,0.0,0.0
2308,25,1.1283791670955126,10140.0,270.0,45.00001609038752,0.0,0.0,0.0
2309,25,1.1283791670955126,11890.0,270.0,45.00001609038752,0.0,0.0,0.0
2310,150,2.763953195770684,1521.6666666666667,272.5,0.0,3.8297084310253524,1.8856180831641272,6.414213562373095
2311,2500,11.283791670955125,1681.08,279.59,42.571935376647495,19.13533807702172,7.642436566834085,49.04163056034261
2312,50,1.5957691216057308,1680.5,271.0,90.00003218077504,2.0,0.0,0.0
2313,2175,10.524820207108489,1730.5862068965516,276.5057471264368,40.977960167732334,15.326186436737327,7.9495579325197205,43.42031021678297
2314,75,1.9544100476116797,2189.3333333333335,271.6666666666667,-45.00001609038752,2.3094010767585034,1.3333333333333333,3.414213562373095
2315,375,4.370193722368317,3962.133333333333,272.93333333333334,-64.43391179041011,7.748074404234749,3.3284311826374684,12.828427124746192
2316,550,5.292567428401227,4124.5,277.40909090909093,37.83338235928146,16.90471846586439,2.068835509827445,21.207106781186546
2317,12725,25.45739437315213,4484.722986247544,290.1493123772102,13.62668799550175,41.797763124155374,19.930306616614466,177.40306627407986
2318,25,1.1283791670955126,6592.0,271.0,45.00001609038752,0.0,0.0,0.0
2319,25,1.1283791670955126,8750.0,271.0,45.00001609038752,0.0,0.0,0.0
2320,25,1.1283791670955126,10078.0,271.0,45.00001609038752,0.0,0.0,0.0
2321,25,1.1283791670955126,11891.0,271.0,45.00001609038752,0.0,0.0,0.0
2322,25,1.1283791670955126,860.0,272.0,45.00001609038752,0.0,0.0,0.0
2323,25,1.1283791670955126,1674.0,272.0,45.00001609038752,0.0,0.0,0.0
2324,25,1.1283791670955126,1682.0,272.0,45.00001609038752,0.0,0.0,0.0
2325,250,3.5682482323055424,1739.0,272.9,-63.88786499698039,4.557247622989297,3.55970421562781,9.035533905932738
2326,50,1.5957691216057308,1811.5,272.0,90.00003218077504,2.0,0.0,0.0
2327,125,2.5231325220201604,2187.4,273.2,18.43495541459913,3.098386676965933,1.7888543819998317,5.207106781186548
2328,50,1.5957691216057308,2206.5,272.0,90.00003218077504,2.0,0.0,0.0
2329,75,1.9544100476116797,2271.3333333333335,272.3333333333333,45.00001609038752,2.3094010767585034,1.3333333333333333,3.414213562373095
2330,25,1.1283791670955126,2274.0,272.0,45.00001609038752,0.0,0.0,0.0
2331,25,1.1283791670955126,3978.0,272.0,45.00001609038752,0.0,0.0,0.0
2332,25,1.1283791670955126,4124.0,272.0,45.00001609038752,0.0,0.0,0.0
2333,125,2.5231325220201604,4208.0,272.8,34.0993074495102,3.335641688875783,2.0575457524521585,5.621320343559642
2334,25,1.1283791670955126,6607.0,272.0,45.00001609038752,0.0,0.0,0.0
2335,125,2.5231325220201604,6774.2,273.2,45.00001609038752,4.0,1.3856406460551023,5.414213562373095
2336,25,1.1283791670955126,8749.0,272.0,45.00001609038752,0.0,0.0,0.0
2337,25,1.1283791670955126,8753.0,272.0,45.00001609038752,0.0,0.0,0.0
2338,75,1.9544100476116797,8867.666666666666,272.3333333333333,-45.00001609038752,2.3094010767585034,1.3333333333333333,3.414213562373095
2339,50,1.5957691216057308,10279.0,272.5,0.0,2.0,0.0,0.0
2340,50,1.5957691216057308,10623.0,272.5,0.0,2.0,0.0,0.0
2341,50,1.5957691216057308,469.5,273.0,90.00003218077504,2.0,0.0,0.0
2342,25,1.1283791670955126,852.0,273.0,45.00001609038752,0.0,0.0,0.0
2343,7525,19.576646877473273,856.156146179402,287.1794019933555,2.7131931674764265,29.76485272177016,14.440816441506355,107.49747468305833
2344,25,1.1283791670955126,858.0,273.0,45.00001609038752,0.0,0.0,0.0
2345,25,1.1283791670955126,1673.0,273.0,45.00001609038752,0.0,0.0,0.0
2346,50,1.5957691216057308,1813.5,273.0,90.00003218077504,2.0,0.0,0.0
2347,25,1.1283791670955126,2762.0,273.0,45.00001609038752,0.0,0.0,0.0
2348,25,1.1283791670955126,2978.0,273.0,45.00001609038752,0.0,0.0,0.0
2349,25,1.1283791670955126,3760.0,273.0,45.00001609038752,0.0,0.0,0.0
2350,25,1.1283791670955126,3968.0,273.0,45.00001609038752,0.0,0.0,0.0
2351,50,1.5957691216057308,8747.5,273.0,90.00003218077504,2.0,0.0,0.0
2352,11700,24.410573670769317,11862.752136752137,295.0747863247863,39.7643747535192,45.776320699434656,18.717045470641015,160.58073580374355
2353,25,1.1283791670955126,471.0,274.0,45.00001609038752,0.0,0.0,0.0
2354,25,1.1283791670955126,2292.0,274.0,45.00001609038752,0.0,0.0,0.0
2355,25,1.1283791670955126,3761.0,274.0,45.00001609038752,0.0,0.0,0.0
2356,25,1.1283791670955126,3907.0,274.0,45.00001609038752,0.0,0.0,0.0
2357,50,1.5957691216057308,3976.5,274.0,90.00003218077504,2.0,0.0,0.0
2358,25,1.1283791670955126,3992.0,274.0,45.00001609038752,0.0,0.0,0.0
2359,25,1.1283791670955126,4125.0,274.0,45.00001609038752,0.0,0.0,0.0
2360,75,1.9544100476116797,4845.333333333333,274.3333333333333,45.00001609038752,2.3094010767585034,1.3333333333333333,3.414213562373095
2361,25,1.1283791670955126,8738.0,274.0,45.00001609038752,0.0,0.0,0.0
2362,25,1.1283791670955126,8864.0,274.0,45.00001609038752,0.0,0.0,0.0
2363,25,1.1283791670955126,10621.0,274.0,45.00001609038752,0.0,0.0,0.0
2364,50,1.5957691216057308,10624.0,274.5,0.0,2.0,0.0,0.0
2365,25,1.1283791670955126,10633.0,274.0,45.00001609038752,0.0,0.0,0.0
2366,50,1.5957691216057308,872.5,275.0,90.00003218077504,2.0,0.0,0.0
2367,25,1.1283791670955126,1670.0,275.0,45.00001609038752,0.0,0.0,0.0
2368,25,1.1283791670955126,1724.0,275.0,45.00001609038752,0.0,0.0,0.0
2369,400,4.51351666838205,2271.25,276.375,63.96665801397608,6.25714439570043,4.195014184881227,13.242640687119284
2370,25,1.1283791670955126,2762.0,275.0,45.00001609038752,0.0,0.0,0.0
2371,400,4.51351666838205,3764.375,279.75,21.687289140992224,12.660034764924388,2.1150696799173994,16.207106781186546
2372,50,1.5957691216057308,3909.0,275.5,0.0,2.0,0.0,0.0
2373,1900,9.83698151873187,3962.842105263158,281.42105263157896,-31.142226052989187,13.511309238715361,8.09799275405483,43.66295090390226
2374,25,1.1283791670955126,4297.0,275.0,45.00001609038752,0.0,0.0,0.0
2375,50,1.5957691216057308,4322.0,275.5,0.0,2.0,0.0,0.0
2376,25,1.1283791670955126,4488.0,275.0,45.00001609038752,0.0,0.0,0.0
2377,25,1.1283791670955126,4834.0,275.0,45.00001609038752,0.0,0.0,0.0
2378,25,1.1283791670955126,6600.0,275.0,45.00001609038752,0.0,0.0,0.0
2379,125,2.5231325220201604,8746.4,276.2,18.43495541459913,3.098386676965933,1.7888543819998317,5.207106781186548
2380,50,1.5957691216057308,8750.5,275.0,90.00003218077504,2.0,0.0,0.0
2381,25,1.1283791670955126,10632.0,275.0,45.00001609038752,0.0,0.0,0.0
2382,25,1.1283791670955126,11850.0,275.0,45.00001609038752,0.0,0.0,0.0
2383,25,1.1283791670955126,11894.0,275.0,45.00001609038752,0.0,0.0,0.0
2384,25,1.1283791670955126,886.0,276.0,45.00001609038752,0.0,0.0,0.0
2385,25,1.1283791670955126,1723.0,276.0,45.00001609038752,0.0,0.0,0.0
2386,75,1.9544100476116797,1739.6666666666667,276.6666666666667,45.00001609038752,2.3094010767585034,1.3333333333333333,3.414213562373095
2387,75,1.9544100476116797,2228.0,276.0,90.00003218077504,3.265986323710904,0.0,1.0
2388,50,1.5957691216057308,2969.5,276.0,90.00003218077504,2.0,0.0,0.0
2389,50,1.5957691216057308,4209.5,276.0,90.00003218077504,2.0,0.0,0.0
2390,150,2.763953195770684,6608.833333333333,277.5,30.963767603603337,4.320493798938573,1.885618083164126,6.621320343559642
2391,75,1.9544100476116797,6771.666666666667,276.3333333333333,-45.00001609038752,2.3094010767585034,1.3333333333333333,3.414213562373095
2392,25,1.1283791670955126,6775.0,276.0,45.00001609038752,0.0,0.0,0.0
2393,25,1.1283791670955126,8749.0,276.0,45.00001609038752,0.0,0.0,0.0
2394,25,1.1283791670955126,8752.0,276.0,45.00001609038752,0.0,0.0,0.0
2395,25,1.1283791670955126,10074.0,276.0,45.00001609038752,0.0,0.0,0.0
2396,75,1.9544100476116797,10625.666666666666,276.3333333333333,-45.00001609038752,2.3094010767585034,1.3333333333333333,3.414213562373095
2397,25,1.1283791670955126,10631.0,276.0,45.00001609038752,0.0,0.0,0.0
2398,50,1.5957691216057308,11851.5,276.0,90.00003218077504,2.0,0.0,0.0
2399,50,1.5957691216057308,885.0,277.5,0.0,2.0,0.0,0.0
2400,28775,38.28183271462029,1716.1911381407472,317.5855777584709,-25.399508889314053,67.73613069469484,44.23157239571552,411.1614716074871
2401,25,1.1283791670955126,2919.0,277.0,45.00001609038752,0.0,0.0,0.0
2402,25,1.1283791670955126,2977.0,277.0,45.00001609038752,0.0,0.0,0.0
2403,25,1.1283791670955126,3977.0,277.0,45.00001609038752,0.0,0.0,0.0
2404,25,1.1283791670955126,4127.0,277.0,45.00001609038752,0.0,0.0,0.0
2405,50,1.5957691216057308,6597.5,277.0,90.00003218077504,2.0,0.0,0.0
2406,75,1.9544100476116797,6600.666666666667,277.6666666666667,45.00001609038752,2.3094010767585034,1.3333333333333333,3.414213562373095
2407,25,1.1283791670955126,6756.0,277.0,45.00001609038752,0.0,0.0,0.0
2408,25,1.1283791670955126,8865.0,277.0,45.00001609038752,0.0,0.0,0.0
2409,25,1.1283791670955126,10073.0,277.0,45.00001609038752,0.0,0.0,0.0
2410,25,1.1283791670955126,10629.0,277.0,45.00001609038752,0.0,0.0,0.0
2411,50,1.5957691216057308,458.0,278.5,0.0,2.0,0.0,0.0
2412,25,1.1283791670955126,863.0,278.0,45.00001609038752,0.0,0.0,0.0
2413,25,1.1283791670955126,865.0,278.0,45.00001609038752,0.0,0.0,0.0
2414,25,1.1283791670955126,876.0,278.0,45.00001609038752,0.0,0.0,0.0
2415,50,1.5957691216057308,1743.5,278.0,90.00003218077504,2.0,0.0,0.0
2416,25,1.1283791670955126,1783.0,278.0,45.00001609038752,0.0,0.0,0.0
2417,25,1.1283791670955126,1812.0,278.0,45.00001609038752,0.0,0.0,0.0
2418,25,1.1283791670955126,1815.0,278.0,45.00001609038752,0.0,0.0,0.0
2419,25,1.1283791670955126,2217.0,278.0,45.00001609038752,0.0,0.0,0.0
2420,25,1.1283791670955126,2283.0,278.0,45.00001609038752,0.0,0.0,0.0
2421,25,1.1283791670955126,2287.0,278.0,45.00001609038752,0.0,0.0,0.0
2422,25,1.1283791670955126,2762.0,278.0,45.00001609038752,0.0,0.0,0.0
2423,25,1.1283791670955126,3960.0,278.0,45.00001609038752,0.0,0.0,0.0
2424,25,1.1283791670955126,4128.0,278.0,45.00001609038752,0.0,0.0,0.0
2425,25,1.1283791670955126,4479.0,278.0,45.00001609038752,0.0,0.0,0.0
2426,25,1.1283791670955126,6618.0,278.0,45.00001609038752,0.0,0.0,0.0
2427,100,2.256758334191025,8796.5,279.0,31.71748575249332,3.23606797749979,1.2360679774997898,4.414213562373095
2428,75,1.9544100476116797,10627.333333333334,278.3333333333333,45.00001609038752,2.3094010767585034,1.3333333333333333,3.414213562373095
2429,50,1.5957691216057308,461.5,279.0,90.00003218077504,2.0,0.0,0.0
2430,175,2.985410660720923,1706.5714285714287,280.42857142857144,66.7044537155166,6.04557726857934,1.8132099115972014,6.207106781186548
2431,275,3.742410318509555,3953.2727272727275,280.1818181818182,-73.10174357116938,6.657769815411072,2.2054894535293808,11.207106781186548
2432,25,1.1283791670955126,4129.0,279.0,45.00001609038752,0.0,0.0,0.0
2433,75,1.9544100476116797,4472.666666666667,279.3333333333333,-45.00001609038752,2.3094010767585034,1.3333333333333333,3.414213562373095
2434,25,1.1283791670955126,6597.0,279.0,45.00001609038752,0.0,0.0,0.0
2435,50,1.5957691216057308,8749.5,279.0,90.00003218077504,2.0,0.0,0.0
2436,200,3.1915382432114616,2188.0,280.625,90.00003218077504,4.898979485566356,1.9364916731037085,8.414213562373096
2437,100,2.256758334191025,2192.0,280.5,58.28254642828171,3.23606797749979,1.2360679774997898,4.414213562373095
2438,175,2.985410660720923,2287.285714285714,281.0,56.599315494703966,4.796702691401646,1.7646790841090736,7.207106781186548
2439,25,1.1283791670955126,4130.0,280.0,45.00001609038752,0.0,0.0,0.0
2440,75,1.9544100476116797,6757.333333333333,280.6666666666667,-45.00001609038752,2.3094010767585034,1.3333333333333333,3.414213562373095
2441,25,1.1283791670955126,8746.0,280.0,45.00001609038752,0.0,0.0,0.0
2442,25,1.1283791670955126,1695.0,281.0,45.00001609038752,0.0,0.0,0.0
2443,450,4.787307364817192,1800.7777777777778,284.05555555555554,36.1158664613099,6.522591398892749,4.441554500550672,15.485281374238571
2444,25,1.1283791670955126,1811.0,281.0,45.00001609038752,0.0,0.0,0.0
2445,25,1.1283791670955126,2230.0,281.0,45.00001609038752,0.0,0.0,0.0
2446,50,1.5957691216057308,2762.0,281.5,0.0,2.0,0.0,0.0
2447,25,1.1283791670955126,2939.0,281.0,45.00001609038752,0.0,0.0,0.0
2448,25,1.1283791670955126,3957.0,281.0,45.00001609038752,0.0,0.0,0.0
2449,25,1.1283791670955126,4131.0,281.0,45.00001609038752,0.0,0.0,0.0
2450,1075,7.399277020331919,6600.813953488372,288.90697674418607,-15.393897862312926,18.07836567856168,6.154329950501041,35.86396103067892
2451,100,2.256758334191025,6626.5,281.5,45.00001609038752,2.0,2.0,4.0
2452,25,1.1283791670955126,6953.0,281.0,45.00001609038752,0.0,0.0,0.0
2453,75,1.9544100476116797,8744.0,281.0,90.00003218077504,3.265986323710904,0.0,1.0
2454,25,1.1283791670955126,8748.0,281.0,45.00001609038752,0.0,0.0,0.0
2455,25,1.1283791670955126,8798.0,281.0,45.00001609038752,0.0,0.0,0.0
2456,25,1.1283791670955126,8866.0,281.0,45.00001609038752,0.0,0.0,0.0
2457,75,1.9544100476116797,10269.666666666666,281.3333333333333,-45.00001609038752,2.3094010767585034,1.3333333333333333,3.414213562373095
2458,25,1.1283791670955126,11849.0,281.0,45.00001609038752,0.0,0.0,0.0
2459,25,1.1283791670955126,11898.0,281.0,45.00001609038752,0.0,0.0,0.0
2460,25,1.1283791670955126,1787.0,282.0,45.00001609038752,0.0,0.0,0.0
2461,25,1.1283791670955126,2185.0,282.0,45.00001609038752,0.0,0.0,0.0
2462,50,1.5957691216057308,2215.5,282.0,90.00003218077504,2.0,0.0,0.0
2463,25,1.1283791670955126,2229.0,282.0,45.00001609038752,0.0,0.0,0.0
2464,25,1.1283791670955126,4132.0,282.0,45.00001609038752,0.0,0.0,0.0
2465,25,1.1283791670955126,4151.0,282.0,45.00001609038752,0.0,0.0,0.0
2466,25,1.1283791670955126,4286.0,282.0,45.00001609038752,0.0,0.0,0.0
2467,25,1.1283791670955126,6756.0,282.0,45.00001609038752,0.0,0.0,0.0
2468,25,1.1283791670955126,8750.0,282.0,45.00001609038752,0.0,0.0,0.0
2469,3925,14.138550439257221,1705.4203821656051,300.4649681528662,2.1418712648111105,32.464968499259996,10.040379438193803,94.08326112068522
2470,325,4.068428945128219,1730.1538461538462,285.2307692307692,-49.19956491592139,6.234968417916617,3.218064334091471,11.242640687119284
2471,25,1.1283791670955126,2293.0,283.0,45.00001609038752,0.0,0.0,0.0
2472,25,1.1283791670955126,4133.0,283.0,45.00001609038752,0.0,0.0,0.0
2473,25,1.1283791670955126,4150.0,283.0,45.00001609038752,0.0,0.0,0.0
2474,150,2.763953195770684,8738.5,284.1666666666667,59.03626457717169,4.320493798938573,1.8856180831641272,6.621320343559642
2475,8750,21.11004122822376,8747.174285714285,301.2685714285714,15.055239494611254,39.23987735160518,14.652856826779026,144.78174593052023
2476,75,1.9544100476116797,11718.333333333334,283.6666666666667,-45.00001609038752,2.3094010767585034,1.3333333333333333,3.414213562373095
2477,25,1.1283791670955126,866.0,284.0,45.00001609038752,0.0,0.0,0.0
2478,25,1.1283791670955126,923.0,284.0,45.00001609038752,0.0,0.0,0.0
2479,325,4.068428945128219,1692.8461538461538,285.6923076923077,-78.43217941585897,6.509857667773039,4.441650821606332,12.621320343559642
2480,175,2.985410660720923,2288.0,285.42857142857144,62.76886133987478,4.6706019644765675,2.227327432935998,5.207106781186548
2481,25,1.1283791670955126,2292.0,284.0,45.00001609038752,0.0,0.0,0.0
2482,325,4.068428945128219,3952.0,285.0,75.12758621445207,5.327693424801688,2.9221156196156555,10.82842712474619
2483,50,1.5957691216057308,3955.5,284.0,90.00003218077504,2.0,0.0,0.0
2484,25,1.1283791670955126,3978.0,284.0,45.00001609038752,0.0,0.0,0.0
2485,25,1.1283791670955126,4131.0,284.0,45.00001609038752,0.0,0.0,0.0
2486,25,1.1283791670955126,4134.0,284.0,45.00001609038752,0.0,0.0,0.0
2487,75,1.9544100476116797,4284.666666666667,284.3333333333333,-45.00001609038752,2.3094010767585034,1.3333333333333333,3.414213562373095
2488,25,1.1283791670955126,4289.0,284.0,45.00001609038752,0.0,0.0,0.0
2489,50,1.5957691216057308,4292.0,284.5,0.0,2.0,0.0,0.0
2490,25,1.1283791670955126,5080.0,284.0,45.00001609038752,0.0,0.0,0.0
2491,175,2.985410660720923,6628.0,285.0,-45.00001609038752,3.7032803990902057,2.138089935299395,6.82842712474619
2492,25,1.1283791670955126,8735.0,284.0,45.00001609038752,0.0,0.0,0.0
2493,150,2.763953195770684,10279.5,285.0,0.0,3.265986323710904,2.0,6.0
2494,175,2.985410660720923,11850.0,284.85714285714283,-33.40071668607108,3.5509480472921324,2.7632708742748817,6.414213562373095
2495,25,1.1283791670955126,873.0,285.0,45.00001609038752,0.0,0.0,0.0
2496,25,1.1283791670955126,1678.0,285.0,45.00001609038752,0.0,0.0,0.0
2497,25,1.1283791670955126,1735.0,285.0,45.00001609038752,0.0,0.0,0.0
2498,75,1.9544100476116797,2204.6666666666665,285.3333333333333,-45.00001609038752,2.3094010767585034,1.3333333333333333,3.414213562373095
2499,25,1.1283791670955126,2291.0,285.0,45.00001609038752,0.0,0.0,0.0
2500,25,1.1283791670955126,3764.0,285.0,45.00001609038752,0.0,0.0,0.0
2501,25,1.1283791670955126,3767.0,285.0,45.00001609038752,0.0,0.0,0.0
2502,50,1.5957691216057308,3957.0,285.5,0.0,2.0,0.0,0.0
2503,25,1.1283791670955126,3969.0,285.0,45.00001609038752,0.0,0.0,0.0
2504,25,1.1283791670955126,4132.0,285.0,45.00001609038752,0.0,0.0,0.0
2505,200,3.1915382432114616,4137.0,286.375,52.2283963750238,6.033090789065154,1.8307964198395186,8.621320343559642
2506,25,1.1283791670955126,4288.0,285.0,45.00001609038752,0.0,0.0,0.0
2507,25,1.1283791670955126,5006.0,285.0,45.00001609038752,0.0,0.0,0.0
2508,25,1.1283791670955126,5081.0,285.0,45.00001609038752,0.0,0.0,0.0
2509,25,1.1283791670955126,6632.0,285.0,45.00001609038752,0.0,0.0,0.0
2510,25,1.1283791670955126,8736.0,285.0,45.00001609038752,0.0,0.0,0.0
2511,100,2.256758334191025,1679.5,286.5,45.00001609038752,2.0,2.0,4.0
2512,50,1.5957691216057308,1689.5,286.0,90.00003218077504,2.0,0.0,0.0
2513,50,1.5957691216057308,1733.5,286.0,90.00003218077504,2.0,0.0,0.0
2514,25,1.1283791670955126,1737.0,286.0,45.00001609038752,0.0,0.0,0.0
2515,100,2.256758334191025,4141.5,286.0,90.00003218077504,4.47213595499958,0.0,2.0
2516,25,1.1283791670955126,4286.0,286.0,45.00001609038752,0.0,0.0,0.0
2517,25,1.1283791670955126,4289.0,286.0,45.00001609038752,0.0,0.0,0.0
2518,25,1.1283791670955126,6955.0,286.0,45.00001609038752,0.0,0.0,0.0
2519,25,1.1283791670955126,8738.0,286.0,45.00001609038752,0.0,0.0,0.0
2520,50,1.5957691216057308,8742.5,286.0,90.00003218077504,2.0,0.0,0.0
2521,25,1.1283791670955126,8870.0,286.0,45.00001609038752,0.0,0.0,0.0
2522,25,1.1283791670955126,1682.0,287.0,45.00001609038752,0.0,0.0,0.0
2523,25,1.1283791670955126,3970.0,287.0,45.00001609038752,0.0,0.0,0.0
2524,50,1.5957691216057308,6630.0,287.5,0.0,2.0,0.0,0.0
2525,50,1.5957691216057308,8737.0,287.5,0.0,2.0,0.0,0.0
2526,25,1.1283791670955126,8757.0,287.0,45.00001609038752,0.0,0.0,0.0
2527,2025,10.155412503859614,8761.098765432098,293.61728395061726,12.178046263246571,15.85246862945252,8.823487993948524,54.59188309203678
2528,525,5.170882945826411,870.047619047619,290.0,66.61290937431845,9.994901199238374,3.473567163353118,18.242640687119284
2529,725,6.076507779746499,916.551724137931,291.86206896551727,-11.247346423573214,8.42292300596737,5.039525523347246,18.899494936611664
2530,25,1.1283791670955126,1687.0,288.0,45.00001609038752,0.0,0.0,0.0
2531,25,1.1283791670955126,1699.0,288.0,45.00001609038752,0.0,0.0,0.0
2532,275,3.742410318509555,1701.2727272727273,289.45454545454544,-22.801553750205922,5.196042559255064,3.0385106024313573,9.242640687119284
2533,75,1.9544100476116797,1736.3333333333333,288.3333333333333,45.00001609038752,2.3094010767585034,1.3333333333333333,3.414213562373095
2534,3250,12.865501965161373,3954.507692307692,298.44615384615383,-29.72656226878515,22.253915590404816,10.2450991924522,76.94112549695429
2535,175,2.985410660720923,4204.857142857143,289.85714285714283,17.768845249487267,5.187403929950302,2.106603722356525,6.414213562373096
2536,150,2.763953195770684,6597.5,289.0,0.0,3.265986323710904,2.0,6.0
2537,575,5.4115163798060095,6618.304347826087,291.95652173913044,1.1969050719158667,11.15972757549002,3.803936413334065,18.242640687119284
2538,25,1.1283791670955126,6956.0,288.0,45.00001609038752,0.0,0.0,0.0
2539,50,1.5957691216057308,6986.0,288.5,0.0,2.0,0.0,0.0
2540,25,1.1283791670955126,922.0,289.0,45.00001609038752,0.0,0.0,0.0
2541,100,2.256758334191025,1684.25,289.25,71.5650767661759,3.4641016151377544,1.4142135623730951,3.2071067811865475
2542,4825,15.67594437773643,1689.2020725388602,302.66321243523316,-13.129937406126762,32.30761453361019,9.668529686563474,89.84062043356595
2543,25,1.1283791670955126,1693.0,289.0,45.00001609038752,0.0,0.0,0.0
2544,25,1.1283791670955126,1697.0,289.0,45.00001609038752,0.0,0.0,0.0
2545,325,4.068428945128219,1730.1538461538462,290.3076923076923,85.55970101781217,4.670321955693954,3.959699116159968,11.65685424949238
2546,100,2.256758334191025,3783.5,289.5,45.00001609038752,2.0,2.0,4.0
2547,75,1.9544100476116797,3953.3333333333335,289.3333333333333,45.00001609038752,2.3094010767585034,1.3333333333333333,3.414213562373095
2548,75,1.9544100476116797,6629.333333333333,289.6666666666667,-45.00001609038752,2.3094010767585034,1.3333333333333333,3.414213562373095
2549,25,1.1283791670955126,8736.0,289.0,45.00001609038752,0.0,0.0,0.0
2550,25,1.1283791670955126,11719.0,289.0,45.00001609038752,0.0,0.0,0.0
2551,25,1.1283791670955126,11834.0,289.0,45.00001609038752,0.0,0.0,0.0
2552,25,1.1283791670955126,3951.0,290.0,45.00001609038752,0.0,0.0,0.0
2553,50,1.5957691216057308,6985.0,290.5,0.0,2.0,0.0,0.0
2554,25,1.1283791670955126,8751.0,290.0,45.00001609038752,0.0,0.0,0.0
2555,100,2.256758334191025,866.5,291.5,45.00001609038752,2.0,2.0,4.0
2556,100,2.256758334191025,3950.75,291.75,71.5650767661759,3.4641016151377544,1.4142135623730951,3.2071067811865475
2557,25,1.1283791670955126,10139.0,291.0,45.00001609038752,0.0,0.0,0.0
2558,25,1.1283791670955126,848.0,292.0,45.00001609038752,0.0,0.0,0.0
2559,100,2.256758334191025,1727.75,293.25,-18.43495541459913,3.4641016151377544,1.4142135623730951,3.2071067811865475
2560,275,3.742410318509555,2761.0,297.0,0.0,12.649110640673518,0.0,9.0
2561,125,2.5231325220201604,3962.6,292.8,18.43495541459913,3.098386676965933,1.7888543819998317,5.207106781186548
2562,475,4.918490759365935,4878.421052631579,294.4736842105263,32.73114746519241,8.223115517692897,4.7745034975432,15.449747468305834
2563,25,1.1283791670955126,6984.0,292.0,45.00001609038752,0.0,0.0,0.0
2564,25,1.1283791670955126,8752.0,292.0,45.00001609038752,0.0,0.0,0.0
2565,25,1.1283791670955126,11848.0,292.0,45.00001609038752,0.0,0.0,0.0
2566,25,1.1283791670955126,865.0,293.0,45.00001609038752,0.0,0.0,0.0
2567,100,2.256758334191025,868.25,293.75,-18.43495541459913,3.4641016151377544,1.4142135623730951,3.2071067811865475
2568,25,1.1283791670955126,1726.0,293.0,45.00001609038752,0.0,0.0,0.0
2569,25,1.1283791670955126,873.0,294.0,45.00001609038752,0.0,0.0,0.0
2570,25,1.1283791670955126,920.0,294.0,45.00001609038752,0.0,0.0,0.0
2571,50,1.5957691216057308,4205.5,294.0,90.00003218077504,2.0,0.0,0.0
2572,25,1.1283791670955126,4847.0,294.0,45.00001609038752,0.0,0.0,0.0
2573,25,1.1283791670955126,5026.0,294.0,45.00001609038752,0.0,0.0,0.0
2574,25,1.1283791670955126,5290.0,294.0,45.00001609038752,0.0,0.0,0.0
2575,25,1.1283791670955126,6959.0,294.0,45.00001609038752,0.0,0.0,0.0
2576,25,1.1283791670955126,871.0,295.0,45.00001609038752,0.0,0.0,0.0
2577,25,1.1283791670955126,919.0,295.0,45.00001609038752,0.0,0.0,0.0
2578,100,2.256758334191025,1685.5,295.5,45.00001609038752,2.0,2.0,4.0
2579,25,1.1283791670955126,3938.0,295.0,45.00001609038752,0.0,0.0,0.0
2580,3400,13.159049284959082,3963.323529411765,306.0147058823529,-14.504269889736221,23.666518784708135,9.259972985150725,76.76955262170047
2581,25,1.1283791670955126,4209.0,295.0,45.00001609038752,0.0,0.0,0.0
2582,25,1.1283791670955126,5283.0,295.0,45.00001609038752,0.0,0.0,0.0
2583,25,1.1283791670955126,5298.0,295.0,45.00001609038752,0.0,0.0,0.0
2584,25,1.1283791670955126,861.0,296.0,45.00001609038752,0.0,0.0,0.0
2585,25,1.1283791670955126,865.0,296.0,45.00001609038752,0.0,0.0,0.0
2586,125,2.5231325220201604,877.8,296.8,45.00001609038752,4.0,1.3856406460551023,5.414213562373095
2587,25,1.1283791670955126,1721.0,296.0,45.00001609038752,0.0,0.0,0.0
2588,25,1.1283791670955126,5281.0,296.0,45.00001609038752,0.0,0.0,0.0
2589,25,1.1283791670955126,5300.0,296.0,45.00001609038752,0.0,0.0,0.0
2590,25,1.1283791670955126,10138.0,296.0,45.00001609038752,0.0,0.0,0.0
2591,2350,10.940041919714261,10277.851063829787,301.51063829787233,61.583922593065914,13.557808686836266,11.1888696140378,52.21320343559643
2592,100,2.256758334191025,874.5,297.5,45.00001609038752,2.0,2.0,4.0
2593,25,1.1283791670955126,912.0,297.0,45.00001609038752,0.0,0.0,0.0
2594,25,1.1283791670955126,915.0,297.0,45.00001609038752,0.0,0.0,0.0
2595,125,2.5231325220201604,1710.8,297.6,71.5650767661759,3.098386676965933,1.7888543819998317,5.207106781186548
2596,25,1.1283791670955126,1714.0,297.0,45.00001609038752,0.0,0.0,0.0
2597,75,1.9544100476116797,1719.3333333333333,297.3333333333333,45.00001609038752,2.3094010767585034,1.3333333333333333,3.414213562373095
2598,25,1.1283791670955126,1741.0,297.0,45.00001609038752,0.0,0.0,0.0
2599,25,1.1283791670955126,3903.0,297.0,45.00001609038752,0.0,0.0,0.0
2600,25,1.1283791670955126,3978.0,297.0,45.00001609038752,0.0,0.0,0.0
2601,25,1.1283791670955126,5279.0,297.0,45.00001609038752,0.0,0.0,0.0
2602,25,1.1283791670955126,6615.0,297.0,45.00001609038752,0.0,0.0,0.0
2603,25,1.1283791670955126,6961.0,297.0,45.00001609038752,0.0,0.0,0.0
2604,25,1.1283791670955126,6982.0,297.0,45.00001609038752,0.0,0.0,0.0
2605,25,1.1283791670955126,8736.0,297.0,45.00001609038752,0.0,0.0,0.0
2606,25,1.1283791670955126,8865.0,297.0,45.00001609038752,0.0,0.0,0.0
2607,50,1.5957691216057308,10133.5,297.0,90.00003218077504,2.0,0.0,0.0
2608,150,2.763953195770684,10270.166666666666,297.3333333333333,-77.06684915928662,4.363338213437162,1.65500979239906,5.0
2609,50,1.5957691216057308,871.0,298.5,0.0,2.0,0.0,0.0
2610,50,1.5957691216057308,1677.5,298.0,90.00003218077504,2.0,0.0,0.0
2611,25,1.1283791670955126,2904.0,298.0,45.00001609038752,0.0,0.0,0.0
2612,25,1.1283791670955126,3970.0,298.0,45.00001609038752,0.0,0.0,0.0
2613,25,1.1283791670955126,4119.0,298.0,45.00001609038752,0.0,0.0,0.0
2614,50,1.5957691216057308,4845.0,298.5,0.0,2.0,0.0,0.0
2615,25,1.1283791670955126,5278.0,298.0,45.00001609038752,0.0,0.0,0.0
2616,25,1.1283791670955126,5301.0,298.0,45.00001609038752,0.0,0.0,0.0
2617,50,1.5957691216057308,6962.5,298.0,90.00003218077504,2.0,0.0,0.0
2618,25,1.1283791670955126,8851.0,298.0,45.00001609038752,0.0,0.0,0.0
2619,25,1.1283791670955126,9581.0,298.0,45.00001609038752,0.0,0.0,0.0
2620,3414300,416.9998454478978,257.52435345458804,612.7167208505404,-12.233012449650763,690.8005422208217,287.1142681217921,2447.2470042379746
2621,25,1.1283791670955126,916.0,299.0,45.00001609038752,0.0,0.0,0.0
2622,1975,10.02925341359355,1678.4050632911392,305.126582278481,-13.858683065562046,12.70421360815175,8.30890021638186,36.62741699796952
2623,25,1.1283791670955126,1752.0,299.0,45.00001609038752,0.0,0.0,0.0
2624,500,5.046265044040321,2245.1,303.2,-6.277395393090555,9.223622602420251,2.9197236321477837,15.82842712474619
2625,25,1.1283791670955126,3898.0,299.0,45.00001609038752,0.0,0.0,0.0
2626,25,1.1283791670955126,5302.0,299.0,45.00001609038752,0.0,0.0,0.0
2627,100,2.256758334191025,6616.5,300.0,31.71748575249332,3.23606797749979,1.2360679774997898,4.414213562373095
2628,25,1.1283791670955126,6964.0,299.0,45.00001609038752,0.0,0.0,0.0
2629,25,1.1283791670955126,8738.0,299.0,45.00001609038752,0.0,0.0,0.0
2630,75,1.9544100476116797,912.3333333333334,300.6666666666667,-45.00001609038752,2.3094010767585034,1.3333333333333333,3.414213562373095
2631,150,2.763953195770684,2961.5,300.8333333333333,-59.03626457717171,4.320493798938573,1.885618083164126,6.621320343559642
2632,25,1.1283791670955126,3970.0,300.0,45.00001609038752,0.0,0.0,0.0
2633,25,1.1283791670955126,5276.0,300.0,45.00001609038752,0.0,0.0,0.0
2634,25,1.1283791670955126,6966.0,300.0,45.00001609038752,0.0,0.0,0.0
2635,125,2.5231325220201604,8758.8,301.2,-45.00001609038752,4.0,1.3856406460551023,5.414213562373095
2636,25,1.1283791670955126,1803.0,301.0,45.00001609038752,0.0,0.0,0.0
2637,25,1.1283791670955126,2274.0,301.0,45.00001609038752,0.0,0.0,0.0
2638,25,1.1283791670955126,5457.0,301.0,45.00001609038752,0.0,0.0,0.0
2639,25,1.1283791670955126,5463.0,301.0,45.00001609038752,0.0,0.0,0.0
2640,25,1.1283791670955126,5467.0,301.0,45.00001609038752,0.0,0.0,0.0
2641,25,1.1283791670955126,6968.0,301.0,45.00001609038752,0.0,0.0,0.0
2642,175,2.985410660720923,6978.857142857143,301.85714285714283,-75.12758621445208,4.0456382356289255,2.415966245432733,6.035533905932738
2643,175,2.985410660720923,9580.714285714286,302.2857142857143,-29.87179209931401,4.634736211286691,1.826347935745029,7.414213562373095
2644,25,1.1283791670955126,10033.0,301.0,45.00001609038752,0.0,0.0,0.0
2645,25,1.1283791670955126,862.0,302.0,45.00001609038752,0.0,0.0,0.0
2646,25,1.1283791670955126,1693.0,302.0,45.00001609038752,0.0,0.0,0.0
2647,25,1.1283791670955126,1697.0,302.0,45.00001609038752,0.0,0.0,0.0
2648,1000,7.136496464611085,1698.775,306.05,-7.327597706749265,9.162960516870188,5.898317943810593,23.31370849898476
2649,25,1.1283791670955126,1795.0,302.0,45.00001609038752,0.0,0.0,0.0
2650,100,2.256758334191025,1797.75,303.0,0.0,2.8284271247461903,1.7320508075688772,4.621320343559642
2651,25,1.1283791670955126,5455.0,302.0,45.00001609038752,0.0,0.0,0.0
2652,25,1.1283791670955126,5470.0,302.0,45.00001609038752,0.0,0.0,0.0
2653,100,2.256758334191025,6972.5,302.0,90.00003218077504,4.47213595499958,0.0,2.0
2654,25,1.1283791670955126,10285.0,302.0,45.00001609038752,0.0,0.0,0.0
2655,375,4.370193722368317,11858.933333333332,304.1333333333333,-66.69325438066883,5.56464389296586,4.08401552261034,11.863961030678928
2656,200,3.1915382432114616,1827.5,305.125,35.9979320686093,6.0537018124127835,2.2589144221041626,8.621320343559642
2657,25,1.1283791670955126,5453.0,303.0,45.00001609038752,0.0,0.0,0.0
2658,25,1.1283791670955126,5472.0,303.0,45.00001609038752,0.0,0.0,0.0
2659,50,1.5957691216057308,305.0,304.5,0.0,2.0,0.0,0.0
2660,25,1.1283791670955126,850.0,304.0,45.00001609038752,0.0,0.0,0.0
2661,1750,9.440697438826296,855.1857142857143,308.42857142857144,7.343518510969889,11.201382199973859,8.509397930326177,33.520815280171306
2662,25,1.1283791670955126,877.0,304.0,45.00001609038752,0.0,0.0,0.0
2663,325,4.068428945128219,1800.0,306.0769230769231,-43.79871092635097,6.022646168111448,3.028451768805474,13.071067811865476
2664,2600,11.507254783503184,1819.3846153846155,310.74038461538464,5.240521516491034,18.303041092348074,9.257821917355859,56.62741699796952
2665,25,1.1283791670955126,5474.0,304.0,45.00001609038752,0.0,0.0,0.0
2666,25,1.1283791670955126,8722.0,304.0,45.00001609038752,0.0,0.0,0.0
2667,375,4.370193722368317,8739.666666666666,306.93333333333334,34.62297672053171,6.505708372541848,3.6642693245106868,14.242640687119284
2668,25,1.1283791670955126,8754.0,304.0,45.00001609038752,0.0,0.0,0.0
2669,25,1.1283791670955126,8855.0,304.0,45.00001609038752,0.0,0.0,0.0
2670,50,1.5957691216057308,9578.0,304.5,0.0,2.0,0.0,0.0
2671,25,1.1283791670955126,859.0,305.0,45.00001609038752,0.0,0.0,0.0
2672,25,1.1283791670955126,862.0,305.0,45.00001609038752,0.0,0.0,0.0
2673,25,1.1283791670955126,878.0,305.0,45.00001609038752,0.0,0.0,0.0
2674,25,1.1283791670955126,1672.0,305.0,45.00001609038752,0.0,0.0,0.0
2675,25,1.1283791670955126,1714.0,305.0,45.00001609038752,0.0,0.0,0.0
2676,250,3.5682482323055424,4889.5,307.5,-7.018124243392092,6.040895836088439,1.8728527698485424,10.414213562373096
2677,325,4.068428945128219,5290.7692307692305,307.2307692307692,-19.794072501490003,4.898746818435677,3.349808131835155,11.071067811865476
2678,25,1.1283791670955126,5475.0,305.0,45.00001609038752,0.0,0.0,0.0
2679,50,1.5957691216057308,8724.5,305.0,90.00003218077504,2.0,0.0,0.0
2680,25,1.1283791670955126,8734.0,305.0,45.00001609038752,0.0,0.0,0.0
2681,25,1.1283791670955126,8863.0,305.0,45.00001609038752,0.0,0.0,0.0
2682,25,1.1283791670955126,9582.0,305.0,45.00001609038752,0.0,0.0,0.0
2683,175,2.985410660720923,10030.285714285714,305.7142857142857,-60.12824008146103,4.634736211286691,1.826347935745029,7.414213562373095
2684,25,1.1283791670955126,11757.0,305.0,45.00001609038752,0.0,0.0,0.0
2685,100,2.256758334191025,11863.0,305.5,-58.28254642828171,3.23606797749979,1.2360679774997898,4.414213562373095
2686,25,1.1283791670955126,865.0,306.0,45.00001609038752,0.0,0.0,0.0
2687,50,1.5957691216057308,923.5,306.0,90.00003218077504,2.0,0.0,0.0
2688,25,1.1283791670955126,5451.0,306.0,45.00001609038752,0.0,0.0,0.0
2689,25,1.1283791670955126,5476.0,306.0,45.00001609038752,0.0,0.0,0.0
2690,25,1.1283791670955126,8737.0,306.0,45.00001609038752,0.0,0.0,0.0
2691,25,1.1283791670955126,11756.0,306.0,45.00001609038752,0.0,0.0,0.0
2692,25,1.1283791670955126,927.0,307.0,45.00001609038752,0.0,0.0,0.0
2693,175,2.985410660720923,1671.4285714285713,308.7142857142857,8.349625102522488,4.155374705678736,1.9054711331003737,7.207106781186548
2694,25,1.1283791670955126,8736.0,307.0,45.00001609038752,0.0,0.0,0.0
2695,25,1.1283791670955126,11860.0,307.0,45.00001609038752,0.0,0.0,0.0
2696,25,1.1283791670955126,3959.0,308.0,45.00001609038752,0.0,0.0,0.0
2697,75,1.9544100476116797,4622.0,309.0,0.0,3.265986323710904,0.0,1.0
2698,575,5.4115163798060095,10031.347826086956,311.2173913043478,-52.46044784656714,10.090167377038028,4.151599846151307,18.242640687119284
2699,25,1.1283791670955126,866.0,309.0,45.00001609038752,0.0,0.0,0.0
2700,25,1.1283791670955126,906.0,309.0,45.00001609038752,0.0,0.0,0.0
2701,25,1.1283791670955126,928.0,309.0,45.00001609038752,0.0,0.0,0.0
2702,25,1.1283791670955126,1712.0,309.0,45.00001609038752,0.0,0.0,0.0
2703,750,6.180387232371033,1740.0333333333333,312.6,62.74489557454716,11.833652700564956,4.3573944031535525,24.692388155425117
2704,25,1.1283791670955126,1740.0,309.0,45.00001609038752,0.0,0.0,0.0
2705,25,1.1283791670955126,1802.0,309.0,45.00001609038752,0.0,0.0,0.0
2706,150,2.763953195770684,3956.3333333333335,309.5,-80.53770658936206,4.47213595499958,1.8856180831641267,6.414213562373095
2707,25,1.1283791670955126,5461.0,309.0,45.00001609038752,0.0,0.0,0.0
2708,50,1.5957691216057308,5465.5,309.0,90.00003218077504,2.0,0.0,0.0
2709,1925,9.901487006738307,8736.311688311689,314.7922077922078,4.9359425981918665,12.55848433020915,9.60723562235439,46.42031021678297
2710,50,1.5957691216057308,8814.0,309.5,0.0,2.0,0.0,0.0
2711,25,1.1283791670955126,10053.0,309.0,45.00001609038752,0.0,0.0,0.0
2712,75,1.9544100476116797,10129.666666666666,309.6666666666667,45.00001609038752,2.3094010767585034,1.3333333333333333,3.414213562373095
2713,50,1.5957691216057308,11747.5,309.0,90.00003218077504,2.0,0.0,0.0
2714,25,1.1283791670955126,11768.0,309.0,45.00001609038752,0.0,0.0,0.0
2715,25,1.1283791670955126,861.0,310.0,45.00001609038752,0.0,0.0,0.0
2716,200,3.1915382432114616,3952.75,311.5,39.937678452578716,5.632180985491135,1.8106731750020786,8.207106781186548
2717,25,1.1283791670955126,5301.0,310.0,45.00001609038752,0.0,0.0,0.0
2718,25,1.1283791670955126,5460.0,310.0,45.00001609038752,0.0,0.0,0.0
2719,25,1.1283791670955126,5467.0,310.0,45.00001609038752,0.0,0.0,0.0
2720,25,1.1283791670955126,10044.0,310.0,45.00001609038752,0.0,0.0,0.0
2721,75,1.9544100476116797,10134.333333333334,310.3333333333333,45.00001609038752,2.3094010767585034,1.3333333333333333,3.414213562373095
2722,25,1.1283791670955126,11746.0,310.0,45.00001609038752,0.0,0.0,0.0
2723,25,1.1283791670955126,11772.0,310.0,45.00001609038752,0.0,0.0,0.0
2724,25,1.1283791670955126,11778.0,310.0,45.00001609038752,0.0,0.0,0.0
2725,250,3.5682482323055424,1799.5,312.2,90.00003218077504,4.09878030638384,2.9933259094191533,8.82842712474619
2726,25,1.1283791670955126,4115.0,311.0,45.00001609038752,0.0,0.0,0.0
2727,125,2.5231325220201604,4623.4,312.6,20.993613754469656,4.34169545110285,1.27658944452507,4.207106781186548
2728,25,1.1283791670955126,5459.0,311.0,45.00001609038752,0.0,0.0,0.0
2729,350,4.222008245644752,5463.5,312.7142857142857,90.00003218077502,4.20883424647321,4.120630029101703,10.82842712474619
2730,25,1.1283791670955126,5468.0,311.0,45.00001609038752,0.0,0.0,0.0
2731,25,1.1283791670955126,10043.0,311.0,45.00001609038752,0.0,0.0,0.0
2732,25,1.1283791670955126,11745.0,311.0,45.00001609038752,0.0,0.0,0.0
2733,100,2.256758334191025,911.0,312.5,-58.28254642828171,3.23606797749979,1.2360679774997898,4.414213562373095
2734,1450,8.593479713983122,1675.0172413793102,316.7068965517241,61.54556395221275,9.666005462890272,8.762147849876738,34.55634918610404
2735,25,1.1283791670955126,1694.0,312.0,45.00001609038752,0.0,0.0,0.0
2736,25,1.1283791670955126,1699.0,312.0,45.00001609038752,0.0,0.0,0.0
2737,50,1.5957691216057308,3001.5,312.0,90.00003218077504,2.0,0.0,0.0
2738,25,1.1283791670955126,5300.0,312.0,45.00001609038752,0.0,0.0,0.0
2739,75,1.9544100476116797,8760.666666666666,312.3333333333333,-45.00001609038752,2.3094010767585034,1.3333333333333333,3.414213562373095
2740,8400,20.683531783305643,10025.544642857143,331.2172619047619,-48.62716674043324,36.70237894660123,21.500955915578857,199.47413408594534
2741,275,3.742410318509555,10137.454545454546,312.54545454545456,89.51176298830674,7.107445206631943,1.990869528045431,11.0
2742,125,2.5231325220201604,11166.4,312.8,-18.43495541459913,3.098386676965933,1.7888543819998317,5.207106781186548
2743,25,1.1283791670955126,11744.0,312.0,45.00001609038752,0.0,0.0,0.0
2744,25,1.1283791670955126,11776.0,312.0,45.00001609038752,0.0,0.0,0.0
2745,75,1.9544100476116797,878.3333333333334,313.6666666666667,-45.00001609038752,2.3094010767585034,1.3333333333333333,3.414213562373095
2746,25,1.1283791670955126,913.0,313.0,45.00001609038752,0.0,0.0,0.0
2747,25,1.1283791670955126,1693.0,313.0,45.00001609038752,0.0,0.0,0.0
2748,50,1.5957691216057308,1710.5,313.0,90.00003218077504,2.0,0.0,0.0
2749,25,1.1283791670955126,5299.0,313.0,45.00001609038752,0.0,0.0,0.0
2750,50,1.5957691216057308,5459.0,313.5,0.0,2.0,0.0,0.0
2751,75,1.9544100476116797,10131.333333333334,313.6666666666667,-45.00001609038752,2.3094010767585034,1.3333333333333333,3.414213562373095
2752,25,1.1283791670955126,11778.0,313.0,45.00001609038752,0.0,0.0,0.0
2753,25,1.1283791670955126,852.0,314.0,45.00001609038752,0.0,0.0,0.0
2754,25,1.1283791670955126,909.0,314.0,45.00001609038752,0.0,0.0,0.0
2755,25,1.1283791670955126,1700.0,314.0,45.00001609038752,0.0,0.0,0.0
2756,25,1.1283791670955126,2250.0,314.0,45.00001609038752,0.0,0.0,0.0
2757,25,1.1283791670955126,2956.0,314.0,45.00001609038752,0.0,0.0,0.0
2758,150,2.763953195770684,5277.666666666667,315.1666666666667,63.434971504986684,3.0550504633038935,2.6666666666666665,6.414213562373095
2759,25,1.1283791670955126,5298.0,314.0,45.00001609038752,0.0,0.0,0.0
2760,25,1.1283791670955126,10624.0,314.0,45.00001609038752,0.0,0.0,0.0
2761,25,1.1283791670955126,11743.0,314.0,45.00001609038752,0.0,0.0,0.0
2762,25,1.1283791670955126,11780.0,314.0,45.00001609038752,0.0,0.0,0.0
2763,25,1.1283791670955126,3745.0,315.0,45.00001609038752,0.0,0.0,0.0
2764,225,3.385137501286538,3954.1111111111113,316.44444444444446,-53.701371267357366,5.712692538958764,2.212692512044034,8.621320343559642
2765,1737475,297.4707970869562,5081.098202851839,486.03005798644585,-16.036094892599543,342.2364690649849,267.0091353645273,2247.4185771132284
2766,25,1.1283791670955126,5297.0,315.0,45.00001609038752,0.0,0.0,0.0
2767,125,2.5231325220201604,5460.8,316.2,-45.00001609038752,4.0,1.3856406460551023,5.414213562373095
2768,25,1.1283791670955126,5468.0,315.0,45.00001609038752,0.0,0.0,0.0
2769,25,1.1283791670955126,8777.0,315.0,45.00001609038752,0.0,0.0,0.0
2770,50,1.5957691216057308,10617.5,315.0,90.00003218077504,2.0,0.0,0.0
2771,350,4.222008245644752,11166.642857142857,319.0,0.0,8.94427190999916,1.9166296949998178,12.0
2772,25,1.1283791670955126,11742.0,315.0,45.00001609038752,0.0,0.0,0.0
2773,25,1.1283791670955126,11782.0,315.0,45.00001609038752,0.0,0.0,0.0
2774,75,1.9544100476116797,853.0,316.0,90.00003218077504,3.265986323710904,0.0,1.0
2775,100,2.256758334191025,856.0,316.75,90.00003218077504,2.8284271247461903,1.7320508075688772,4.621320343559642
2776,2150,10.464157913908982,915.9767441860465,320.6744186046512,-33.64876773679245,12.735697042216243,9.807667350528328,42.970562748477136
2777,25,1.1283791670955126,1740.0,316.0,45.00001609038752,0.0,0.0,0.0
2778,25,1.1283791670955126,1802.0,316.0,45.00001609038752,0.0,0.0,0.0
2779,25,1.1283791670955126,2913.0,316.0,45.00001609038752,0.0,0.0,0.0
2780,25,1.1283791670955126,2971.0,316.0,45.00001609038752,0.0,0.0,0.0
2781,400,4.51351666838205,3957.375,318.5625,-29.69862972013445,6.9790224287086025,3.6028802283148798,13.242640687119286
2782,325,4.068428945128219,3965.230769230769,318.0,-41.49176396360126,6.588290649077636,2.4907616864922035,10.242640687119286
2783,100,2.256758334191025,5072.5,317.0,31.71748575249332,3.23606797749979,1.2360679774997898,4.414213562373095
2784,25,1.1283791670955126,5281.0,316.0,45.00001609038752,0.0,0.0,0.0
2785,25,1.1283791670955126,5295.0,316.0,45.00001609038752,0.0,0.0,0.0
2786,25,1.1283791670955126,5467.0,316.0,45.00001609038752,0.0,0.0,0.0
2787,25,1.1283791670955126,6718.0,316.0,45.00001609038752,0.0,0.0,0.0
2788,25,1.1283791670955126,8732.0,316.0,45.00001609038752,0.0,0.0,0.0
2789,25,1.1283791670955126,8780.0,316.0,45.00001609038752,0.0,0.0,0.0
2790,325,4.068428945128219,10028.692307692309,318.15384615384613,-44.31805208074025,7.410668263640135,2.681138706224758,13.242640687119286
2791,25,1.1283791670955126,10616.0,316.0,45.00001609038752,0.0,0.0,0.0
2792,50,1.5957691216057308,10619.5,316.0,90.00003218077504,2.0,0.0,0.0
2793,25,1.1283791670955126,10625.0,316.0,45.00001609038752,0.0,0.0,0.0
2794,25,1.1283791670955126,11783.0,316.0,45.00001609038752,0.0,0.0,0.0
2795,25,1.1283791670955126,851.0,317.0,45.00001609038752,0.0,0.0,0.0
2796,75,1.9544100476116797,879.0,317.0,90.00003218077504,3.265986323710904,0.0,1.0
2797,225,3.385137501286538,1684.5555555555557,318.6666666666667,49.73117888609401,5.311578320742264,2.045042168517769,9.242640687119284
2798,50,1.5957691216057308,1690.5,317.0,90.00003218077504,2.0,0.0,0.0
2799,125,2.5231325220201604,1707.6,317.8,18.43495541459913,3.098386676965933,1.7888543819998317,5.207106781186548
2800,25,1.1283791670955126,1803.0,317.0,45.00001609038752,0.0,0.0,0.0
2801,25,1.1283791670955126,1825.0,317.0,45.00001609038752,0.0,0.0,0.0
2802,1000,7.136496464611085,2248.475,322.8,41.82669752407689,11.395869072218911,6.440820451529796,31.14213562373095
2803,25,1.1283791670955126,2249.0,317.0,45.00001609038752,0.0,0.0,0.0
2804,25,1.1283791670955126,2972.0,317.0,45.00001609038752,0.0,0.0,0.0
2805,50,1.5957691216057308,3745.0,317.5,0.0,2.0,0.0,0.0
2806,150,2.763953195770684,3978.5,318.5,18.43495541459913,3.9999999999999996,1.632993161855452,6.414213562373095
2807,45550,48.164742815751296,4121.997255762898,353.31888035126235,40.66642815562203,99.99758778132163,32.18711135751854,382.43964620053913
2808,25,1.1283791670955126,5075.0,317.0,45.00001609038752,0.0,0.0,0.0
2809,50,1.5957691216057308,5285.5,317.0,90.00003218077504,2.0,0.0,0.0
2810,50,1.5957691216057308,5291.5,317.0,90.00003218077504,2.0,0.0,0.0
2811,50,1.5957691216057308,5465.5,317.0,90.00003218077504,2.0,0.0,0.0
2812,25,1.1283791670955126,6626.0,317.0,45.00001609038752,0.0,0.0,0.0
2813,3075,12.514330345744634,8745.552845528455,329.5609756097561,4.600500247277673,23.379532307162098,10.370014500451894,83.8050865276332
2814,25,1.1283791670955126,8778.0,317.0,45.00001609038752,0.0,0.0,0.0
2815,25,1.1283791670955126,9665.0,317.0,45.00001609038752,0.0,0.0,0.0
2816,50,1.5957691216057308,10025.5,317.0,90.00003218077504,2.0,0.0,0.0
2817,200,3.1915382432114616,10137.875,319.125,26.986322956786836,5.09422250020075,2.3556097126749194,7.207106781186548
2818,25,1.1283791670955126,10618.0,317.0,45.00001609038752,0.0,0.0,0.0
2819,25,1.1283791670955126,10621.0,317.0,45.00001609038752,0.0,0.0,0.0
2820,25,1.1283791670955126,11741.0,317.0,45.00001609038752,0.0,0.0,0.0
2821,25,1.1283791670955126,11785.0,317.0,45.00001609038752,0.0,0.0,0.0
2822,25,1.1283791670955126,5280.0,318.0,45.00001609038752,0.0,0.0,0.0
2823,50,1.5957691216057308,8758.0,318.5,0.0,2.0,0.0,0.0
2824,2700,11.726460285670077,8777.75925925926,324.69444444444446,2.9175527980033618,15.708071574907924,9.896791079948521,52.2842712474619
2825,50,1.5957691216057308,10615.0,318.5,0.0,2.0,0.0,0.0
2826,25,1.1283791670955126,10617.0,318.0,45.00001609038752,0.0,0.0,0.0
2827,25,1.1283791670955126,10622.0,318.0,45.00001609038752,0.0,0.0,0.0
2828,25,1.1283791670955126,11787.0,318.0,45.00001609038752,0.0,0.0,0.0
2829,125,2.5231325220201604,11878.2,319.2,45.00001609038752,4.0,1.3856406460551023,5.414213562373095
2830,25,1.1283791670955126,1689.0,319.0,45.00001609038752,0.0,0.0,0.0
2831,25,1.1283791670955126,1737.0,319.0,45.00001609038752,0.0,0.0,0.0
2832,25,1.1283791670955126,1823.0,319.0,45.00001609038752,0.0,0.0,0.0
2833,25,1.1283791670955126,1826.0,319.0,45.00001609038752,0.0,0.0,0.0
2834,25,1.1283791670955126,5451.0,319.0,45.00001609038752,0.0,0.0,0.0
2835,225,3.385137501286538,10619.444444444445,320.77777777777777,-4.731162795706488,5.274258481434536,1.946056459258261,9.207106781186548
2836,25,1.1283791670955126,11788.0,319.0,45.00001609038752,0.0,0.0,0.0
2837,25,1.1283791670955126,879.0,320.0,45.00001609038752,0.0,0.0,0.0
2838,25,1.1283791670955126,883.0,320.0,45.00001609038752,0.0,0.0,0.0
2839,450,4.787307364817192,925.1111111111111,322.94444444444446,-65.65083128857547,5.928289957928713,5.093309133344255,15.278174593052022
2840,25,1.1283791670955126,1690.0,320.0,45.00001609038752,0.0,0.0,0.0
2841,25,1.1283791670955126,1825.0,320.0,45.00001609038752,0.0,0.0,0.0
2842,25,1.1283791670955126,2194.0,320.0,45.00001609038752,0.0,0.0,0.0
2843,25,1.1283791670955126,2250.0,320.0,45.00001609038752,0.0,0.0,0.0
2844,25,1.1283791670955126,3954.0,320.0,45.00001609038752,0.0,0.0,0.0
2845,75,1.9544100476116797,3976.6666666666665,320.6666666666667,45.00001609038752,2.3094010767585034,1.3333333333333333,3.414213562373095
2846,25,1.1283791670955126,8730.0,320.0,45.00001609038752,0.0,0.0,0.0
2847,25,1.1283791670955126,8759.0,320.0,45.00001609038752,0.0,0.0,0.0
2848,75,1.9544100476116797,8785.666666666666,320.3333333333333,-45.00001609038752,2.3094010767585034,1.3333333333333333,3.414213562373095
2849,25,1.1283791670955126,10001.0,320.0,45.00001609038752,0.0,0.0,0.0
2850,25,1.1283791670955126,11739.0,320.0,45.00001609038752,0.0,0.0,0.0
2851,25,1.1283791670955126,11790.0,320.0,45.00001609038752,0.0,0.0,0.0
2852,25,1.1283791670955126,1687.0,321.0,45.00001609038752,0.0,0.0,0.0
2853,25,1.1283791670955126,2253.0,321.0,45.00001609038752,0.0,0.0,0.0
2854,25,1.1283791670955126,3953.0,321.0,45.00001609038752,0.0,0.0,0.0
2855,25,1.1283791670955126,5452.0,321.0,45.00001609038752,0.0,0.0,0.0
2856,25,1.1283791670955126,5478.0,321.0,45.00001609038752,0.0,0.0,0.0
2857,25,1.1283791670955126,6644.0,321.0,45.00001609038752,0.0,0.0,0.0
2858,25,1.1283791670955126,8760.0,321.0,45.00001609038752,0.0,0.0,0.0
2859,25,1.1283791670955126,8788.0,321.0,45.00001609038752,0.0,0.0,0.0
2860,25,1.1283791670955126,10042.0,321.0,45.00001609038752,0.0,0.0,0.0
2861,25,1.1283791670955126,11738.0,321.0,45.00001609038752,0.0,0.0,0.0
2862,25,1.1283791670955126,11791.0,321.0,45.00001609038752,0.0,0.0,0.0
2863,25,1.1283791670955126,1711.0,322.0,45.00001609038752,0.0,0.0,0.0
2864,375,4.370193722368317,1734.7333333333333,325.8,-2.953071612797463,9.156187192922816,2.2479156961605757,14.414213562373096
2865,25,1.1283791670955126,2995.0,322.0,45.00001609038752,0.0,0.0,0.0
2866,225,3.385137501286538,5451.777777777777,324.22222222222223,-45.00001609038752,7.302967433402214,1.4054567378526148,9.414213562373096
2867,25,1.1283791670955126,5453.0,322.0,45.00001609038752,0.0,0.0,0.0
2868,25,1.1283791670955126,5477.0,322.0,45.00001609038752,0.0,0.0,0.0
2869,1250,7.978845608028654,8735.86,326.06,26.61604103073106,10.285463411246695,7.636625067129164,28.97056274847714
2870,25,1.1283791670955126,10024.0,322.0,45.00001609038752,0.0,0.0,0.0
2871,25,1.1283791670955126,10054.0,322.0,45.00001609038752,0.0,0.0,0.0
2872,25,1.1283791670955126,10665.0,322.0,45.00001609038752,0.0,0.0,0.0
2873,25,1.1283791670955126,859.0,323.0,45.00001609038752,0.0,0.0,0.0
2874,25,1.1283791670955126,5055.0,323.0,45.00001609038752,0.0,0.0,0.0
2875,25,1.1283791670955126,5454.0,323.0,45.00001609038752,0.0,0.0,0.0
2876,25,1.1283791670955126,5476.0,323.0,45.00001609038752,0.0,0.0,0.0
2877,125,2.5231325220201604,10013.4,323.8,-18.43495541459913,3.098386676965933,1.7888543819998317,5.207106781186548
2878,25,1.1283791670955126,10043.0,323.0,45.00001609038752,0.0,0.0,0.0
2879,25,1.1283791670955126,10053.0,323.0,45.00001609038752,0.0,0.0,0.0
2880,25,1.1283791670955126,10137.0,323.0,45.00001609038752,0.0,0.0,0.0
2881,125,2.5231325220201604,10139.8,323.6,71.5650767661759,3.098386676965933,1.7888543819998317,5.207106781186548
2882,25,1.1283791670955126,10615.0,323.0,45.00001609038752,0.0,0.0,0.0
2883,25,1.1283791670955126,11794.0,323.0,45.00001609038752,0.0,0.0,0.0
2884,25,1.1283791670955126,865.0,324.0,45.00001609038752,0.0,0.0,0.0
2885,25,1.1283791670955126,891.0,324.0,45.00001609038752,0.0,0.0,0.0
2886,150,2.763953195770684,1700.1666666666667,325.3333333333333,-26.56506067578838,3.0550504633038935,2.666666666666667,6.414213562373095
2887,200,3.1915382432114616,1821.0,324.75,-68.36787674035835,5.212736088651405,1.9563697171218042,8.621320343559642
2888,25,1.1283791670955126,2244.0,324.0,45.00001609038752,0.0,0.0,0.0
2889,25,1.1283791670955126,4873.0,324.0,45.00001609038752,0.0,0.0,0.0
2890,2750,11.834540545406394,5036.681818181818,328.91818181818184,-56.49897371708551,18.51384754188412,11.169013863518773,67.04163056034261
2891,1075,7.399277020331919,5049.581395348837,327.6511627906977,-62.310834342142236,13.897963063934347,6.87788113869342,33.44974746830583
2892,25,1.1283791670955126,5456.0,324.0,45.00001609038752,0.0,0.0,0.0
2893,25,1.1283791670955126,5475.0,324.0,45.00001609038752,0.0,0.0,0.0
2894,50,1.5957691216057308,8786.5,324.0,90.00003218077504,2.0,0.0,0.0
2895,25,1.1283791670955126,10017.0,324.0,45.00001609038752,0.0,0.0,0.0
2896,25,1.1283791670955126,10052.0,324.0,45.00001609038752,0.0,0.0,0.0
2897,75,1.9544100476116797,10143.333333333334,324.6666666666667,-45.00001609038752,2.3094010767585034,1.3333333333333333,3.414213562373095
2898,25,1.1283791670955126,10617.0,324.0,45.00001609038752,0.0,0.0,0.0
2899,25,1.1283791670955126,10621.0,324.0,45.00001609038752,0.0,0.0,0.0
2900,25,1.1283791670955126,11736.0,324.0,45.00001609038752,0.0,0.0,0.0
2901,25,1.1283791670955126,11796.0,324.0,45.00001609038752,0.0,0.0,0.0
2902,50,1.5957691216057308,11879.5,324.0,90.00003218077504,2.0,0.0,0.0
2903,75,1.9544100476116797,5056.666666666667,325.6666666666667,45.00001609038752,2.3094010767585034,1.3333333333333333,3.414213562373095
2904,25,1.1283791670955126,5457.0,325.0,45.00001609038752,0.0,0.0,0.0
2905,25,1.1283791670955126,5474.0,325.0,45.00001609038752,0.0,0.0,0.0
2906,25,1.1283791670955126,6643.0,325.0,45.00001609038752,0.0,0.0,0.0
2907,25,1.1283791670955126,8729.0,325.0,45.00001609038752,0.0,0.0,0.0
2908,100,2.256758334191025,10044.25,326.0,0.0,2.8284271247461903,1.7320508075688772,4.621320343559642
2909,50,1.5957691216057308,10050.5,325.0,90.00003218077504,2.0,0.0,0.0
2910,25,1.1283791670955126,10618.0,325.0,45.00001609038752,0.0,0.0,0.0
2911,25,1.1283791670955126,10620.0,325.0,45.00001609038752,0.0,0.0,0.0
2912,25,1.1283791670955126,11798.0,325.0,45.00001609038752,0.0,0.0,0.0
2913,25,1.1283791670955126,11803.0,325.0,45.00001609038752,0.0,0.0,0.0
2914,25,1.1283791670955126,890.0,326.0,45.00001609038752,0.0,0.0,0.0
2915,25,1.1283791670955126,2900.0,326.0,45.00001609038752,0.0,0.0,0.0
2916,1350,8.291859587312052,5020.888888888889,329.0740740740741,-85.77666331778133,10.127873655400338,7.480352109069876,30.727922061357855
2917,50,1.5957691216057308,5025.5,326.0,90.00003218077504,2.0,0.0,0.0
2918,25,1.1283791670955126,5460.0,326.0,45.00001609038752,0.0,0.0,0.0
2919,25,1.1283791670955126,5472.0,326.0,45.00001609038752,0.0,0.0,0.0
2920,38975,44.55311942212485,6602.987812700449,357.15651058370753,24.824816369874114,60.783233033924255,34.996028978359895,174.95331880577402
2921,25,1.1283791670955126,8751.0,326.0,45.00001609038752,0.0,0.0,0.0
2922,25,1.1283791670955126,8769.0,326.0,45.00001609038752,0.0,0.0,0.0
2923,25,1.1283791670955126,10142.0,326.0,45.00001609038752,0.0,0.0,0.0
2924,25,1.1283791670955126,11735.0,326.0,45.00001609038752,0.0,0.0,0.0
2925,25,1.1283791670955126,11799.0,326.0,45.00001609038752,0.0,0.0,0.0
2926,550,5.292567428401227,921.8636363636364,328.90909090909093,82.75620596337687,8.865931607590356,3.228010241303468,18.035533905932738
2927,25,1.1283791670955126,1708.0,327.0,45.00001609038752,0.0,0.0,0.0
2928,425,4.652426491681278,1799.8823529411766,329.47058823529414,-43.39740755184559,7.2008747631980174,3.2039116254293636,14.449747468305834
2929,50,1.5957691216057308,5463.5,327.0,90.00003218077504,2.0,0.0,0.0
2930,75,1.9544100476116797,5469.0,327.0,90.00003218077504,3.265986323710904,0.0,1.0
2931,150,2.763953195770684,8741.166666666666,328.5,30.963767603603344,4.320493798938573,1.8856180831641272,6.621320343559642
2932,25,1.1283791670955126,8750.0,327.0,45.00001609038752,0.0,0.0,0.0
2933,25,1.1283791670955126,10145.0,327.0,45.00001609038752,0.0,0.0,0.0
2934,25,1.1283791670955126,10624.0,327.0,45.00001609038752,0.0,0.0,0.0
2935,100,2.256758334191025,11167.0,328.5,0.0,4.47213595499958,0.0,2.0
2936,2725,11.780624362746345,1705.0550458715597,336.39449541284404,14.189923328996068,16.61563278240478,12.133305516878103,67.24873734152916
2937,25,1.1283791670955126,4122.0,328.0,45.00001609038752,0.0,0.0,0.0
2938,25,1.1283791670955126,5029.0,328.0,45.00001609038752,0.0,0.0,0.0
2939,50,1.5957691216057308,5076.0,328.5,0.0,2.0,0.0,0.0
2940,75,1.9544100476116797,5078.0,329.0,0.0,3.265986323710904,0.0,1.0
2941,150,2.763953195770684,8770.166666666666,328.8333333333333,-45.000016090387525,3.1269438398822857,2.309401076758503,6.242640687119286
2942,75,1.9544100476116797,10143.666666666666,328.6666666666667,45.00001609038752,2.3094010767585034,1.3333333333333333,3.414213562373095
2943,150,2.763953195770684,10619.666666666666,328.1666666666667,-82.53432092223639,6.011486661777879,1.2805490592103137,5.207106781186548
2944,25,1.1283791670955126,11802.0,328.0,45.00001609038752,0.0,0.0,0.0
2945,50,1.5957691216057308,11807.5,328.0,90.00003218077504,2.0,0.0,0.0
2946,225,3.385137501286538,11811.0,329.0,76.71750184288084,4.708788181923399,2.504347879633133,8.82842712474619
2947,25,1.1283791670955126,3746.0,329.0,45.00001609038752,0.0,0.0,0.0
2948,200,3.1915382432114616,3986.5,329.5,90.00003218077504,4.47213595499958,2.0,8.0
2949,75,1.9544100476116797,8731.333333333334,329.3333333333333,45.00001609038752,2.3094010767585034,1.3333333333333333,3.414213562373095
2950,25,1.1283791670955126,11734.0,329.0,45.00001609038752,0.0,0.0,0.0
2951,25,1.1283791670955126,11804.0,329.0,45.00001609038752,0.0,0.0,0.0
2952,25,1.1283791670955126,1687.0,330.0,45.00001609038752,0.0,0.0,0.0
2953,25,1.1283791670955126,5031.0,330.0,45.00001609038752,0.0,0.0,0.0
2954,25,1.1283791670955126,8752.0,330.0,45.00001609038752,0.0,0.0,0.0
2955,25,1.1283791670955126,10617.0,330.0,45.00001609038752,0.0,0.0,0.0
2956,25,1.1283791670955126,11806.0,330.0,45.00001609038752,0.0,0.0,0.0
2957,25,1.1283791670955126,879.0,331.0,45.00001609038752,0.0,0.0,0.0
2958,25,1.1283791670955126,5077.0,331.0,45.00001609038752,0.0,0.0,0.0
2959,25,1.1283791670955126,8774.0,331.0,45.00001609038752,0.0,0.0,0.0
2960,50,1.5957691216057308,916.5,332.0,90.00003218077504,2.0,0.0,0.0
2961,700,5.970821321441846,921.3571428571429,334.7857142857143,29.28522766392501,6.5726088767312465,6.02586231465226,19.899494936611664
2962,75,1.9544100476116797,1712.3333333333333,332.6666666666667,-45.00001609038752,2.3094010767585034,1.3333333333333333,3.414213562373095
2963,150,2.763953195770684,1796.3333333333333,333.1666666666667,60.76741768083746,5.00274675656753,1.443480516239888,6.414213562373095
2964,25,1.1283791670955126,1803.0,332.0,45.00001609038752,0.0,0.0,0.0
2965,25,1.1283791670955126,2236.0,332.0,45.00001609038752,0.0,0.0,0.0
2966,25,1.1283791670955126,2961.0,332.0,45.00001609038752,0.0,0.0,0.0
2967,325,4.068428945128219,4357.0,334.0,-14.872445966322967,5.327693424801688,2.9221156196156555,10.82842712474619
2968,100,2.256758334191025,4428.25,332.75,-71.5650767661759,3.4641016151377544,1.4142135623730951,3.2071067811865475
2969,1700,9.304852983362556,4462.89705882353,336.80882352941177,-25.46359935726455,12.72779366868185,8.236332822443757,37.14213562373095
2970,1150,7.653039857325812,4472.173913043478,336.69565217391306,-11.157367004593324,11.849557486956169,5.426610432385128,28.727922061357855
2971,75,1.9544100476116797,4495.666666666667,332.3333333333333,-45.00001609038752,2.3094010767585034,1.3333333333333333,3.414213562373095
2972,25,1.1283791670955126,4887.0,332.0,45.00001609038752,0.0,0.0,0.0
2973,25,1.1283791670955126,5028.0,332.0,45.00001609038752,0.0,0.0,0.0
2974,75,1.9544100476116797,5047.666666666667,332.3333333333333,-45.00001609038752,2.3094010767585034,1.3333333333333333,3.414213562373095
2975,25,1.1283791670955126,5061.0,332.0,45.00001609038752,0.0,0.0,0.0
2976,25,1.1283791670955126,5074.0,332.0,45.00001609038752,0.0,0.0,0.0
2977,50,1.5957691216057308,8752.5,332.0,90.00003218077504,2.0,0.0,0.0
2978,25,1.1283791670955126,8761.0,332.0,45.00001609038752,0.0,0.0,0.0
2979,100,2.256758334191025,8781.5,333.0,31.71748575249332,3.23606797749979,1.2360679774997898,4.414213562373095
2980,175,2.985410660720923,10010.857142857143,333.14285714285717,75.12758621445207,4.0456382356289255,2.415966245432733,6.035533905932738
2981,175,2.985410660720923,11780.714285714286,332.7142857142857,60.12824008146103,4.634736211286691,1.826347935745029,7.414213562373095
2982,25,1.1283791670955126,11809.0,332.0,45.00001609038752,0.0,0.0,0.0
2983,25,1.1283791670955126,11892.0,332.0,45.00001609038752,0.0,0.0,0.0
2984,25,1.1283791670955126,2904.0,333.0,45.00001609038752,0.0,0.0,0.0
2985,25,1.1283791670955126,2962.0,333.0,45.00001609038752,0.0,0.0,0.0
2986,25,1.1283791670955126,2980.0,333.0,45.00001609038752,0.0,0.0,0.0
2987,25,1.1283791670955126,4125.0,333.0,45.00001609038752,0.0,0.0,0.0
2988,50,1.5957691216057308,5025.5,333.0,90.00003218077504,2.0,0.0,0.0
2989,25,1.1283791670955126,5044.0,333.0,45.00001609038752,0.0,0.0,0.0
2990,25,1.1283791670955126,8760.0,333.0,45.00001609038752,0.0,0.0,0.0
2991,75,1.9544100476116797,10145.333333333334,333.3333333333333,45.00001609038752,2.3094010767585034,1.3333333333333333,3.414213562373095
2992,25,1.1283791670955126,11772.0,333.0,45.00001609038752,0.0,0.0,0.0
2993,50,1.5957691216057308,11811.5,333.0,90.00003218077504,2.0,0.0,0.0
2994,50,1.5957691216057308,11819.0,333.5,0.0,2.0,0.0,0.0
2995,25,1.1283791670955126,323.0,334.0,45.00001609038752,0.0,0.0,0.0
2996,25,1.1283791670955126,1802.0,334.0,45.00001609038752,0.0,0.0,0.0
2997,25,1.1283791670955126,3766.0,334.0,45.00001609038752,0.0,0.0,0.0
2998,25,1.1283791670955126,4126.0,334.0,45.00001609038752,0.0,0.0,0.0
2999,25,1.1283791670955126,4890.0,334.0,45.00001609038752,0.0,0.0,0.0
3000,1150,7.653039857325812,8755.478260869566,338.2826086956522,11.14909839132973,8.995334834184144,7.081407563010715,29.520815280171306
3001,25,1.1283791670955126,11771.0,334.0,45.00001609038752,0.0,0.0,0.0
3002,25,1.1283791670955126,11813.0,334.0,45.00001609038752,0.0,0.0,0.0
3003,25,1.1283791670955126,1714.0,335.0,45.00001609038752,0.0,0.0,0.0
3004,25,1.1283791670955126,1748.0,335.0,45.00001609038752,0.0,0.0,0.0
3005,50,1.5957691216057308,1796.0,335.5,0.0,2.0,0.0,0.0
3006,275,3.742410318509555,1801.5454545454545,337.1818181818182,23.645313476033063,5.685522051694131,2.988484121893102,9.621320343559642
3007,1418525,268.7840862250179,3993.333427327682,478.2334114661356,17.623028518248542,294.58637815712234,253.79655844577232,1059.3300858899106
3008,25,1.1283791670955126,4090.0,335.0,45.00001609038752,0.0,0.0,0.0
3009,75,1.9544100476116797,4496.333333333333,335.6666666666667,-45.00001609038752,2.3094010767585034,1.3333333333333333,3.414213562373095
3010,25,1.1283791670955126,4891.0,335.0,45.00001609038752,0.0,0.0,0.0
3011,50,1.5957691216057308,5028.0,335.5,0.0,2.0,0.0,0.0
3012,75,1.9544100476116797,5045.666666666667,335.3333333333333,-45.00001609038752,2.3094010767585034,1.3333333333333333,3.414213562373095
3013,25,1.1283791670955126,8761.0,335.0,45.00001609038752,0.0,0.0,0.0
3014,25,1.1283791670955126,8783.0,335.0,45.00001609038752,0.0,0.0,0.0
3015,25,1.1283791670955126,10010.0,335.0,45.00001609038752,0.0,0.0,0.0
3016,200,3.1915382432114616,11733.125,337.25,15.356419348482758,5.749757141069713,1.921013487385717,8.414213562373096
3017,450,4.787307364817192,11774.611111111111,336.8333333333333,46.83831769109252,6.200412278954441,3.715077543098921,13.899494936611665
3018,25,1.1283791670955126,11815.0,335.0,45.00001609038752,0.0,0.0,0.0
3019,275,3.742410318509555,11823.272727272728,336.90909090909093,49.63631863676274,8.278170690615113,1.6961275585069828,11.207106781186548
3020,25,1.1283791670955126,916.0,336.0,45.00001609038752,0.0,0.0,0.0
3021,25,1.1283791670955126,1792.0,336.0,45.00001609038752,0.0,0.0,0.0
3022,25,1.1283791670955126,1794.0,336.0,45.00001609038752,0.0,0.0,0.0
3023,25,1.1283791670955126,4127.0,336.0,45.00001609038752,0.0,0.0,0.0
3024,50,1.5957691216057308,4887.0,336.5,0.0,2.0,0.0,0.0
3025,250,3.5682482323055424,5139.5,338.5,-7.018124243392092,6.040895836088439,1.8728527698485424,10.414213562373096
3026,50,1.5957691216057308,8767.5,336.0,90.00003218077504,2.0,0.0,0.0
3027,25,1.1283791670955126,9794.0,336.0,45.00001609038752,0.0,0.0,0.0
3028,75,1.9544100476116797,911.3333333333334,337.6666666666667,-45.00001609038752,2.3094010767585034,1.3333333333333333,3.414213562373095
3029,200,3.1915382432114616,1734.375,338.875,-2.746163260492947,5.459849621244983,1.9209482328764156,8.414213562373096
3030,175,2.985410660720923,1747.2857142857142,338.7142857142857,-29.87179209931401,4.634736211286691,1.826347935745029,7.414213562373095
3031,25,1.1283791670955126,1791.0,337.0,45.00001609038752,0.0,0.0,0.0
3032,25,1.1283791670955126,1793.0,337.0,45.00001609038752,0.0,0.0,0.0
3033,25,1.1283791670955126,4128.0,337.0,45.00001609038752,0.0,0.0,0.0
3034,25,1.1283791670955126,4495.0,337.0,45.00001609038752,0.0,0.0,0.0
3035,25,1.1283791670955126,5030.0,337.0,45.00001609038752,0.0,0.0,0.0
3036,50,1.5957691216057308,5255.0,337.5,0.0,2.0,0.0,0.0
3037,25,1.1283791670955126,11770.0,337.0,45.00001609038752,0.0,0.0,0.0
3038,25,1.1283791670955126,11819.0,337.0,45.00001609038752,0.0,0.0,0.0
3039,25,1.1283791670955126,856.0,338.0,45.00001609038752,0.0,0.0,0.0
3040,75,1.9544100476116797,915.3333333333334,338.3333333333333,45.00001609038752,2.3094010767585034,1.3333333333333333,3.414213562373095
3041,25,1.1283791670955126,4129.0,338.0,45.00001609038752,0.0,0.0,0.0
3042,25,1.1283791670955126,5031.0,338.0,45.00001609038752,0.0,0.0,0.0
3043,250,3.5682482323055424,8761.5,340.5,7.018124243392092,6.040895836088439,1.8728527698485424,10.414213562373096
3044,75,1.9544100476116797,9795.333333333334,338.6666666666667,-45.00001609038752,2.3094010767585034,1.3333333333333333,3.414213562373095
3045,7275,19.248706645328987,10652.98969072165,365.3780068728522,-1.5629524059471134,54.16977339419276,10.065453716864393,169.9827560572969
3046,25,1.1283791670955126,11769.0,338.0,45.00001609038752,0.0,0.0,0.0
3047,25,1.1283791670955126,11820.0,338.0,45.00001609038752,0.0,0.0,0.0
3048,100,2.256758334191025,857.75,340.25,-18.43495541459913,3.4641016151377544,1.4142135623730951,3.2071067811865475
3049,25,1.1283791670955126,1762.0,339.0,45.00001609038752,0.0,0.0,0.0
3050,700,5.970821321441846,5249.285714285715,340.5357142857143,-79.89048444183737,11.15217070955036,3.7818722681764587,22.071067811865476
3051,25,1.1283791670955126,8749.0,339.0,45.00001609038752,0.0,0.0,0.0
3052,25,1.1283791670955126,9791.0,339.0,45.00001609038752,0.0,0.0,0.0
3053,25,1.1283791670955126,10029.0,339.0,45.00001609038752,0.0,0.0,0.0
3054,50,1.5957691216057308,10611.5,339.0,90.00003218077504,2.0,0.0,0.0
3055,500,5.046265044040321,11771.15,341.7,26.011992149031283,5.556341125566584,4.574611819197062,13.899494936611665
3056,25,1.1283791670955126,11822.0,339.0,45.00001609038752,0.0,0.0,0.0
3057,75,1.9544100476116797,1789.6666666666667,340.6666666666667,45.00001609038752,2.3094010767585034,1.3333333333333333,3.414213562373095
3058,25,1.1283791670955126,4130.0,340.0,45.00001609038752,0.0,0.0,0.0
3059,250,3.5682482323055424,8743.3,341.3,45.00001609038752,4.0,3.149603149604724,9.071067811865476
3060,125,2.5231325220201604,8765.0,341.2,-34.0993074495102,3.335641688875783,2.0575457524521585,5.621320343559642
3061,25,1.1283791670955126,10025.0,340.0,45.00001609038752,0.0,0.0,0.0
3062,25,1.1283791670955126,10610.0,340.0,45.00001609038752,0.0,0.0,0.0
3063,25,1.1283791670955126,10613.0,340.0,45.00001609038752,0.0,0.0,0.0
3064,25,1.1283791670955126,10666.0,340.0,45.00001609038752,0.0,0.0,0.0
3065,25,1.1283791670955126,11823.0,340.0,45.00001609038752,0.0,0.0,0.0
3066,50,1.5957691216057308,853.0,341.5,0.0,2.0,0.0,0.0
3067,25,1.1283791670955126,889.0,341.0,45.00001609038752,0.0,0.0,0.0
3068,50,1.5957691216057308,8740.0,341.5,0.0,2.0,0.0,0.0
3069,6075,17.58969042850512,8756.62962962963,354.40329218106996,35.061023832885276,34.39169640295929,14.368551425842641,115.94722215136414
3070,25,1.1283791670955126,10024.0,341.0,45.00001609038752,0.0,0.0,0.0
3071,25,1.1283791670955126,10607.0,341.0,45.00001609038752,0.0,0.0,0.0
3072,25,1.1283791670955126,10614.0,341.0,45.00001609038752,0.0,0.0,0.0
3073,475,4.918490759365935,11729.78947368421,346.63157894736844,-5.82129241033031,14.711775128166678,1.9597655187561729,19.207106781186546
3074,1050,7.312732791431452,11779.57142857143,347.35714285714283,40.48437887583047,16.590912206360503,4.423976054820726,30.727922061357855
3075,25,1.1283791670955126,11824.0,341.0,45.00001609038752,0.0,0.0,0.0
3076,25,1.1283791670955126,3749.0,342.0,45.00001609038752,0.0,0.0,0.0
3077,25,1.1283791670955126,5036.0,342.0,45.00001609038752,0.0,0.0,0.0
3078,25,1.1283791670955126,10605.0,342.0,45.00001609038752,0.0,0.0,0.0
3079,25,1.1283791670955126,11825.0,342.0,45.00001609038752,0.0,0.0,0.0
3080,50,1.5957691216057308,856.0,343.5,0.0,2.0,0.0,0.0
3081,350,4.222008245644752,1734.9285714285713,345.92857142857144,8.740524424383123,7.7085338400954235,2.5886202919114143,13.035533905932738
3082,25,1.1283791670955126,4469.0,343.0,45.00001609038752,0.0,0.0,0.0
3083,350,4.222008245644752,8759.42857142857,344.92857142857144,76.33881915666419,7.538112502044084,3.1417729799505087,13.242640687119284
3084,50,1.5957691216057308,8766.0,343.5,0.0,2.0,0.0,0.0
3085,25,1.1283791670955126,11826.0,343.0,45.00001609038752,0.0,0.0,0.0
3086,50,1.5957691216057308,888.5,344.0,90.00003218077504,2.0,0.0,0.0
3087,600,5.527906391541368,927.9166666666666,347.2916666666667,-41.93034004455697,9.05748951053744,5.015608458696584,20.82842712474619
3088,25,1.1283791670955126,945.0,344.0,45.00001609038752,0.0,0.0,0.0
3089,25,1.1283791670955126,1707.0,344.0,45.00001609038752,0.0,0.0,0.0
3090,175,2.985410660720923,2244.5714285714284,344.85714285714283,79.09932353989771,3.648665604076859,2.505808461219716,7.242640687119286
3091,50,1.5957691216057308,3750.0,344.5,0.0,2.0,0.0,0.0
3092,50,1.5957691216057308,4459.5,344.0,90.00003218077504,2.0,0.0,0.0
3093,725,6.076507779746499,4463.689655172414,346.6896551724138,-79.82007940468893,7.413176780669965,5.498965984909964,18.863961030678926
3094,475,4.918490759365935,4471.9473684210525,345.2631578947368,-84.72338186486378,10.379696039777654,3.0007153136031133,15.82842712474619
3095,675,5.863230142835039,4918.185185185185,346.51851851851853,76.05634977740796,7.489570752583494,5.45183606677358,22.31370849898476
3096,375,4.370193722368317,5032.8,345.8,51.69626736160171,6.285204913803562,4.591608199549067,12.035533905932738
3097,50,1.5957691216057308,5038.0,344.5,0.0,2.0,0.0,0.0
3098,175,2.985410660720923,6957.285714285715,345.7142857142857,24.04703762781446,6.031273328889182,1.4677718750296198,6.207106781186548
3099,25,1.1283791670955126,10603.0,344.0,45.00001609038752,0.0,0.0,0.0
3100,25,1.1283791670955126,858.0,345.0,45.00001609038752,0.0,0.0,0.0
3101,75,1.9544100476116797,891.3333333333334,345.3333333333333,45.00001609038752,2.3094010767585034,1.3333333333333333,3.414213562373095
3102,25,1.1283791670955126,939.0,345.0,45.00001609038752,0.0,0.0,0.0
3103,50,1.5957691216057308,943.5,345.0,90.00003218077504,2.0,0.0,0.0
3104,25,1.1283791670955126,947.0,345.0,45.00001609038752,0.0,0.0,0.0
3105,575,5.4115163798060095,1707.304347826087,346.69565217391306,77.39308518979786,9.429615476599492,4.0792165814169135,19.071067811865476
3106,300,3.9088200952233594,4455.416666666667,345.5833333333333,87.61821048375816,6.425130604157222,2.5486220781630258,11.414213562373096
3107,50,1.5957691216057308,4922.5,345.0,90.00003218077504,2.0,0.0,0.0
3108,650,5.753627391751592,5010.692307692308,346.8076923076923,79.62923452333204,9.111854027231667,4.343685912987082,18.82842712474619
3109,25,1.1283791670955126,5015.0,345.0,45.00001609038752,0.0,0.0,0.0
3110,150,2.763953195770684,9799.833333333334,345.8333333333333,-45.00001609038752,3.126943839882286,2.309401076758503,6.242640687119286
3111,25,1.1283791670955126,10013.0,345.0,45.00001609038752,0.0,0.0,0.0
3112,75,1.9544100476116797,10666.333333333334,345.3333333333333,45.00001609038752,2.3094010767585034,1.3333333333333333,3.414213562373095
3113,25,1.1283791670955126,887.0,346.0,45.00001609038752,0.0,0.0,0.0
3114,50,1.5957691216057308,941.5,346.0,90.00003218077504,2.0,0.0,0.0
3115,25,1.1283791670955126,959.0,346.0,45.00001609038752,0.0,0.0,0.0
3116,450,4.787307364817192,4925.777777777777,349.05555555555554,-2.341040413555317,8.27623126506945,2.828042292396062,14.82842712474619
3117,75,1.9544100476116797,5027.666666666667,346.3333333333333,-45.00001609038752,2.3094010767585034,1.3333333333333333,3.414213562373095
3118,400,4.51351666838205,8766.9375,350.25,11.762366991227553,9.065066882793037,2.400429630397217,12.621320343559642
3119,25,1.1283791670955126,10012.0,346.0,45.00001609038752,0.0,0.0,0.0
3120,525,5.170882945826411,10608.57142857143,348.3809523809524,-7.202500780496949,6.258173505705088,4.157977767102647,14.242640687119284
3121,25,1.1283791670955126,11900.0,346.0,45.00001609038752,0.0,0.0,0.0
3122,25,1.1283791670955126,958.0,347.0,45.00001609038752,0.0,0.0,0.0
3123,75,1.9544100476116797,2243.6666666666665,347.6666666666667,45.00001609038752,2.3094010767585034,1.3333333333333333,3.414213562373095
3124,50,1.5957691216057308,3751.0,347.5,0.0,2.0,0.0,0.0
3125,150,2.763953195770684,8723.666666666666,348.1666666666667,63.434971504986684,3.0550504633038935,2.6666666666666665,6.414213562373095
3126,100,2.256758334191025,8742.5,348.0,31.71748575249332,3.23606797749979,1.2360679774997898,4.414213562373095
3127,25,1.1283791670955126,9804.0,347.0,45.00001609038752,0.0,0.0,0.0
3128,25,1.1283791670955126,883.0,348.0,45.00001609038752,0.0,0.0,0.0
3129,350,4.222008245644752,1788.2857142857142,350.5,46.846973881770936,8.087570692256886,2.420021987544009,13.035533905932738
3130,75,1.9544100476116797,2904.3333333333335,348.3333333333333,45.00001609038752,2.3094010767585034,1.3333333333333333,3.414213562373095
3131,75,1.9544100476116797,4455.666666666667,348.3333333333333,-45.00001609038752,2.3094010767585034,1.3333333333333333,3.414213562373095
3132,25,1.1283791670955126,4469.0,348.0,45.00001609038752,0.0,0.0,0.0
3133,50,1.5957691216057308,5029.5,348.0,90.00003218077504,2.0,0.0,0.0
3134,25,1.1283791670955126,5039.0,348.0,45.00001609038752,0.0,0.0,0.0
3135,50,1.5957691216057308,8720.5,348.0,90.00003218077504,2.0,0.0,0.0
3136,25,1.1283791670955126,8761.0,348.0,45.00001609038752,0.0,0.0,0.0
3137,25,1.1283791670955126,9792.0,348.0,45.00001609038752,0.0,0.0,0.0
3138,50,1.5957691216057308,9796.0,348.5,0.0,2.0,0.0,0.0
3139,50,1.5957691216057308,9802.5,348.0,90.00003218077504,2.0,0.0,0.0
3140,75,1.9544100476116797,1700.3333333333333,349.3333333333333,45.00001609038752,2.3094010767585034,1.3333333333333333,3.414213562373095
3141,25,1.1283791670955126,1808.0,349.0,45.00001609038752,0.0,0.0,0.0
3142,25,1.1283791670955126,1811.0,349.0,45.00001609038752,0.0,0.0,0.0
3143,25,1.1283791670955126,9794.0,349.0,45.00001609038752,0.0,0.0,0.0
3144,2150,10.464157913908982,9802.918604651162,356.3255813953488,11.98542057555507,15.184108262603951,8.584131448928037,47.834523779156065
3145,25,1.1283791670955126,3752.0,350.0,45.00001609038752,0.0,0.0,0.0
3146,25,1.1283791670955126,8734.0,350.0,45.00001609038752,0.0,0.0,0.0
3147,150,2.763953195770684,893.5,352.0,0.0,3.265986323710904,2.0,6.0
3148,25,1.1283791670955126,951.0,351.0,45.00001609038752,0.0,0.0,0.0
3149,25,1.1283791670955126,957.0,351.0,45.00001609038752,0.0,0.0,0.0
3150,225,3.385137501286538,1695.3333333333333,352.6666666666667,52.97271689160005,7.3708398168954075,1.599877896140251,8.207106781186548
3151,350,4.222008245644752,1702.0,352.7142857142857,-75.21110755215675,6.37710432073265,3.5893677563961366,11.82842712474619
3152,100,2.256758334191025,1706.5,352.0,31.71748575249332,3.23606797749979,1.2360679774997898,4.414213562373095
3153,25,1.1283791670955126,1785.0,351.0,45.00001609038752,0.0,0.0,0.0
3154,25,1.1283791670955126,1793.0,351.0,45.00001609038752,0.0,0.0,0.0
3155,25,1.1283791670955126,2903.0,351.0,45.00001609038752,0.0,0.0,0.0
3156,50,1.5957691216057308,2907.0,351.5,0.0,2.0,0.0,0.0
3157,75,1.9544100476116797,4134.666666666667,351.6666666666667,45.00001609038752,2.3094010767585034,1.3333333333333333,3.414213562373095
3158,25,1.1283791670955126,4143.0,351.0,45.00001609038752,0.0,0.0,0.0
3159,200,3.1915382432114616,4920.625,352.0,67.19847843056911,4.719359937060768,2.3404362380688313,8.449747468305832
3160,50,1.5957691216057308,5240.5,351.0,90.00003218077504,2.0,0.0,0.0
3161,25,1.1283791670955126,10023.0,351.0,45.00001609038752,0.0,0.0,0.0
3162,25,1.1283791670955126,940.0,352.0,45.00001609038752,0.0,0.0,0.0
3163,25,1.1283791670955126,958.0,352.0,45.00001609038752,0.0,0.0,0.0
3164,25,1.1283791670955126,1698.0,352.0,45.00001609038752,0.0,0.0,0.0
3165,25,1.1283791670955126,2905.0,352.0,45.00001609038752,0.0,0.0,0.0
3166,25,1.1283791670955126,3753.0,352.0,45.00001609038752,0.0,0.0,0.0
3167,25,1.1283791670955126,3944.0,352.0,45.00001609038752,0.0,0.0,0.0
3168,750,6.180387232371033,4139.633333333333,356.8,-21.682804626202042,8.505707166430826,7.307199725007489,22.692388155425117
3169,50,1.5957691216057308,6959.0,352.5,0.0,2.0,0.0,0.0
3170,1550,8.884866446580956,7706.112903225807,358.80645161290323,-17.204505154930526,17.395407313415323,6.802491741302685,46.00609665440987
3171,25,1.1283791670955126,8735.0,352.0,45.00001609038752,0.0,0.0,0.0
3172,100,2.256758334191025,8744.25,353.0,0.0,2.8284271247461903,1.7320508075688772,4.621320343559642
3173,25,1.1283791670955126,9823.0,352.0,45.00001609038752,0.0,0.0,0.0
3174,25,1.1283791670955126,10035.0,352.0,45.00001609038752,0.0,0.0,0.0
3175,25,1.1283791670955126,941.0,353.0,45.00001609038752,0.0,0.0,0.0
3176,4050,14.361922094451577,951.1481481481482,360.6358024691358,82.69052367897883,24.729983506671953,12.718371808173357,88.39087296526012
3177,75,1.9544100476116797,952.6666666666666,353.3333333333333,-45.00001609038752,2.3094010767585034,1.3333333333333333,3.414213562373095
3178,75,1.9544100476116797,1781.3333333333333,353.3333333333333,45.00001609038752,2.3094010767585034,1.3333333333333333,3.414213562373095
3179,25,1.1283791670955126,1809.0,353.0,45.00001609038752,0.0,0.0,0.0
3180,25,1.1283791670955126,2906.0,353.0,45.00001609038752,0.0,0.0,0.0
3181,25,1.1283791670955126,4924.0,353.0,45.00001609038752,0.0,0.0,0.0
3182,25,1.1283791670955126,9810.0,353.0,45.00001609038752,0.0,0.0,0.0
3183,25,1.1283791670955126,9824.0,353.0,45.00001609038752,0.0,0.0,0.0
3184,50,1.5957691216057308,10021.0,353.5,0.0,2.0,0.0,0.0
3185,25,1.1283791670955126,1691.0,354.0,45.00001609038752,0.0,0.0,0.0
3186,25,1.1283791670955126,1745.0,354.0,45.00001609038752,0.0,0.0,0.0
3187,25,1.1283791670955126,1794.0,354.0,45.00001609038752,0.0,0.0,0.0
3188,25,1.1283791670955126,8755.0,354.0,45.00001609038752,0.0,0.0,0.0
3189,25,1.1283791670955126,9809.0,354.0,45.00001609038752,0.0,0.0,0.0
3190,75,1.9544100476116797,10023.666666666666,354.6666666666667,45.00001609038752,2.3094010767585034,1.3333333333333333,3.414213562373095
3191,50,1.5957691216057308,10033.5,354.0,90.00003218077504,2.0,0.0,0.0
3192,25,1.1283791670955126,10603.0,354.0,45.00001609038752,0.0,0.0,0.0
3193,25,1.1283791670955126,10615.0,354.0,45.00001609038752,0.0,0.0,0.0
3194,25,1.1283791670955126,3754.0,355.0,45.00001609038752,0.0,0.0,0.0
3195,75,1.9544100476116797,10030.0,355.0,90.00003218077504,3.265986323710904,0.0,1.0
3196,250,3.5682482323055424,10058.4,356.7,54.56263252002883,5.1864750841708815,2.4290895828014762,8.82842712474619
3197,25,1.1283791670955126,11894.0,355.0,45.00001609038752,0.0,0.0,0.0
3198,25,1.1283791670955126,1749.0,356.0,45.00001609038752,0.0,0.0,0.0
3199,50,1.5957691216057308,1782.5,356.0,90.00003218077504,2.0,0.0,0.0
3200,225,3.385137501286538,4439.222222222223,356.55555555555554,-85.26886938506854,5.274258481434536,1.946056459258261,9.207106781186548
3201,25,1.1283791670955126,4635.0,356.0,45.00001609038752,0.0,0.0,0.0
3202,175,2.985410660720923,4924.571428571428,356.7142857142857,59.03626457717171,4.0,2.2131333406899527,7.65685424949238
3203,25,1.1283791670955126,6959.0,356.0,45.00001609038752,0.0,0.0,0.0
3204,50,1.5957691216057308,8752.5,356.0,90.00003218077504,2.0,0.0,0.0
3205,125,2.5231325220201604,9116.6,356.8,-84.84760710407011,4.093338188813542,1.563516060678838,4.414213562373095
3206,650,5.753627391751592,9816.0,356.8076923076923,87.8970566285259,13.275013040783415,2.9005313343365446,21.27817459305202
3207,175,2.985410660720923,9824.714285714286,356.57142857142856,-81.65040707825254,4.155374705678736,1.9054711331003737,7.207106781186548
3208,25,1.1283791670955126,10022.0,356.0,45.00001609038752,0.0,0.0,0.0
3209,75,1.9544100476116797,10605.0,356.0,90.00003218077504,3.265986323710904,0.0,1.0
3210,50,1.5957691216057308,10613.5,356.0,90.00003218077504,2.0,0.0,0.0
3211,100,2.256758334191025,10661.5,356.5,45.00001609038752,2.0,2.0,4.0
3212,25,1.1283791670955126,11168.0,356.0,45.00001609038752,0.0,0.0,0.0
3213,75,1.9544100476116797,11791.666666666666,356.6666666666667,45.00001609038752,2.3094010767585034,1.3333333333333333,3.414213562373095
3214,225,3.385137501286538,11849.555555555555,356.6666666666667,83.95265147994313,4.277662731533559,2.643019518000728,7.621320343559642
3215,25,1.1283791670955126,4095.0,357.0,45.00001609038752,0.0,0.0,0.0
3216,25,1.1283791670955126,8756.0,357.0,45.00001609038752,0.0,0.0,0.0
3217,25,1.1283791670955126,10021.0,357.0,45.00001609038752,0.0,0.0,0.0
3218,150,2.763953195770684,10609.5,357.0,90.00003218077504,6.831300510639732,0.0,4.0
3219,25,1.1283791670955126,3755.0,358.0,45.00001609038752,0.0,0.0,0.0
3220,25,1.1283791670955126,4094.0,358.0,45.00001609038752,0.0,0.0,0.0
3221,25,1.1283791670955126,4135.0,358.0,45.00001609038752,0.0,0.0,0.0
3222,25,1.1283791670955126,11853.0,358.0,45.00001609038752,0.0,0.0,0.0
3223,25,1.1283791670955126,4099.0,359.0,45.00001609038752,0.0,0.0,0.0
3224,25,1.1283791670955126,4136.0,359.0,45.00001609038752,0.0,0.0,0.0
3225,375,4.370193722368317,4439.333333333333,360.93333333333334,-60.4818998921892,6.93368731244415,3.7516784729454287,12.414213562373096
3226,2475,11.227230955528665,10067.29292929293,368.0808080808081,56.99771122878508,21.840566376237966,12.625816805215193,81.97056274847714
3227,25,1.1283791670955126,1773.0,360.0,45.00001609038752,0.0,0.0,0.0
3228,25,1.1283791670955126,1787.0,360.0,45.00001609038752,0.0,0.0,0.0
3229,25,1.1283791670955126,1796.0,360.0,45.00001609038752,0.0,0.0,0.0
3230,75,1.9544100476116797,3649.0,360.0,90.00003218077504,3.265986323710904,0.0,1.0
3231,50,1.5957691216057308,3756.0,360.5,0.0,2.0,0.0,0.0
3232,25,1.1283791670955126,4093.0,360.0,45.00001609038752,0.0,0.0,0.0
3233,25,1.1283791670955126,4100.0,360.0,45.00001609038752,0.0,0.0,0.0
3234,25,1.1283791670955126,4133.0,360.0,45.00001609038752,0.0,0.0,0.0
3235,25,1.1283791670955126,4318.0,360.0,45.00001609038752,0.0,0.0,0.0
3236,25,1.1283791670955126,4925.0,360.0,45.00001609038752,0.0,0.0,0.0
3237,25,1.1283791670955126,7698.0,360.0,45.00001609038752,0.0,0.0,0.0
3238,125,2.5231325220201604,8752.6,361.0,0.0,3.5777087639996634,1.9595917942265426,5.414213562373095
3239,25,1.1283791670955126,8756.0,360.0,45.00001609038752,0.0,0.0,0.0
3240,50,1.5957691216057308,9120.5,360.0,90.00003218077504,2.0,0.0,0.0
3241,25,1.1283791670955126,9810.0,360.0,45.00001609038752,0.0,0.0,0.0
3242,75,1.9544100476116797,9814.0,360.0,90.00003218077504,3.265986323710904,0.0,1.0
3243,25,1.1283791670955126,9818.0,360.0,45.00001609038752,0.0,0.0,0.0
3244,25,1.1283791670955126,9822.0,360.0,45.00001609038752,0.0,0.0,0.0
3245,5125,16.15593100600236,9823.156097560975,373.86829268292684,-34.65745281858634,29.19010551398521,17.93517013657244,120.04772721475251
3246,50,1.5957691216057308,9828.0,360.5,0.0,2.0,0.0,0.0
3247,50,1.5957691216057308,10026.0,360.5,0.0,2.0,0.0,0.0
3248,50,1.5957691216057308,10067.5,360.0,90.00003218077504,2.0,0.0,0.0
3249,25,1.1283791670955126,10071.0,360.0,45.00001609038752,0.0,0.0,0.0
3250,25,1.1283791670955126,10647.0,360.0,45.00001609038752,0.0,0.0,0.0
3251,75,1.9544100476116797,10658.333333333334,360.3333333333333,45.00001609038752,2.3094010767585034,1.3333333333333333,3.414213562373095
3252,50,1.5957691216057308,10661.5,360.0,90.00003218077504,2.0,0.0,0.0
3253,25,1.1283791670955126,1788.0,361.0,45.00001609038752,0.0,0.0,0.0
3254,25,1.1283791670955126,3647.0,361.0,45.00001609038752,0.0,0.0,0.0
3255,25,1.1283791670955126,4101.0,361.0,45.00001609038752,0.0,0.0,0.0
3256,50,1.5957691216057308,4142.5,361.0,90.00003218077504,2.0,0.0,0.0
3257,150,2.763953195770684,4319.666666666667,362.1666666666667,63.434971504986684,3.0550504633038935,2.6666666666666665,6.414213562373095
3258,25,1.1283791670955126,6968.0,361.0,45.00001609038752,0.0,0.0,0.0
3259,25,1.1283791670955126,7710.0,361.0,45.00001609038752,0.0,0.0,0.0
3260,25,1.1283791670955126,9820.0,361.0,45.00001609038752,0.0,0.0,0.0
3261,25,1.1283791670955126,9840.0,361.0,45.00001609038752,0.0,0.0,0.0
3262,25,1.1283791670955126,3646.0,362.0,45.00001609038752,0.0,0.0,0.0
3263,50,1.5957691216057308,3757.0,362.5,0.0,2.0,0.0,0.0
3264,50,1.5957691216057308,4102.5,362.0,90.00003218077504,2.0,0.0,0.0
3265,25,1.1283791670955126,4926.0,362.0,45.00001609038752,0.0,0.0,0.0
3266,25,1.1283791670955126,6967.0,362.0,45.00001609038752,0.0,0.0,0.0
3267,1675,9.23618154310838,9811.89552238806,366.32835820895525,-78.12384615459932,13.208815477713507,7.7334690273361515,42.42031021678297
3268,25,1.1283791670955126,9819.0,362.0,45.00001609038752,0.0,0.0,0.0
3269,50,1.5957691216057308,10648.5,362.0,90.00003218077504,2.0,0.0,0.0
3270,25,1.1283791670955126,10660.0,362.0,45.00001609038752,0.0,0.0,0.0
3271,25,1.1283791670955126,10663.0,362.0,45.00001609038752,0.0,0.0,0.0
3272,875,6.6755811781245455,11770.342857142858,368.14285714285717,-26.602466235707073,14.098061762530303,3.2702370645334486,26.31370849898476
3273,25,1.1283791670955126,11822.0,362.0,45.00001609038752,0.0,0.0,0.0
3274,125,2.5231325220201604,890.2,364.2,45.00001609038752,4.0,1.3856406460551023,5.414213562373095
3275,75,1.9544100476116797,4106.0,363.0,90.00003218077504,3.265986323710904,0.0,1.0
3276,25,1.1283791670955126,7670.0,363.0,45.00001609038752,0.0,0.0,0.0
3277,25,1.1283791670955126,9805.0,363.0,45.00001609038752,0.0,0.0,0.0
3278,25,1.1283791670955126,9822.0,363.0,45.00001609038752,0.0,0.0,0.0
3279,25,1.1283791670955126,9834.0,363.0,45.00001609038752,0.0,0.0,0.0
3280,125,2.5231325220201604,10657.4,364.6,20.993613754469656,4.34169545110285,1.27658944452507,4.207106781186548
3281,25,1.1283791670955126,3646.0,364.0,45.00001609038752,0.0,0.0,0.0
3282,150,2.763953195770684,4636.0,366.5,0.0,6.831300510639732,0.0,4.0
3283,25,1.1283791670955126,5182.0,364.0,45.00001609038752,0.0,0.0,0.0
3284,25,1.1283791670955126,6584.0,364.0,45.00001609038752,0.0,0.0,0.0
3285,25,1.1283791670955126,6694.0,364.0,45.00001609038752,0.0,0.0,0.0
3286,575,5.4115163798060095,7674.521739130435,367.1304347826087,26.77454798382487,8.586491038671412,3.763816086021474,18.86396103067893
3287,8825,21.200319792199185,9802.906515580737,386.38526912181305,34.83265185216829,48.56684987283441,20.050747274948435,215.30256121069152
3288,50,1.5957691216057308,9821.0,364.5,0.0,2.0,0.0,0.0
3289,75,1.9544100476116797,9835.666666666666,364.6666666666667,45.00001609038752,2.3094010767585034,1.3333333333333333,3.414213562373095
3290,100,2.256758334191025,10040.0,364.5,58.28254642828171,3.23606797749979,1.2360679774997898,4.414213562373095
3291,50,1.5957691216057308,10059.0,364.5,0.0,2.0,0.0,0.0
3292,125,2.5231325220201604,934.6,365.2,84.84760710407011,4.093338188813542,1.563516060678838,4.414213562373095
3293,25,1.1283791670955126,3621.0,365.0,45.00001609038752,0.0,0.0,0.0
3294,25,1.1283791670955126,4114.0,365.0,45.00001609038752,0.0,0.0,0.0
3295,25,1.1283791670955126,4486.0,365.0,45.00001609038752,0.0,0.0,0.0
3296,50,1.5957691216057308,4909.5,365.0,90.00003218077504,2.0,0.0,0.0
3297,25,1.1283791670955126,6695.0,365.0,45.00001609038752,0.0,0.0,0.0
3298,50,1.5957691216057308,6960.0,365.5,0.0,2.0,0.0,0.0
3299,25,1.1283791670955126,7679.0,365.0,45.00001609038752,0.0,0.0,0.0
3300,25,1.1283791670955126,8751.0,365.0,45.00001609038752,0.0,0.0,0.0
3301,25,1.1283791670955126,9803.0,365.0,45.00001609038752,0.0,0.0,0.0
3302,50,1.5957691216057308,10021.5,365.0,90.00003218077504,2.0,0.0,0.0
3303,25,1.1283791670955126,10080.0,365.0,45.00001609038752,0.0,0.0,0.0
3304,250,3.5682482323055424,11812.6,367.2,-21.60505242106678,5.9404222258203045,2.5122467591739746,10.242640687119284
3305,25,1.1283791670955126,4092.0,366.0,45.00001609038752,0.0,0.0,0.0
3306,25,1.1283791670955126,4321.0,366.0,45.00001609038752,0.0,0.0,0.0
3307,25,1.1283791670955126,10024.0,366.0,45.00001609038752,0.0,0.0,0.0
3308,25,1.1283791670955126,10646.0,366.0,45.00001609038752,0.0,0.0,0.0
3309,900,6.770275002573076,964.4722222222222,372.5,1.8420143782256537,12.601117453493671,6.4186831394176815,28.899494936611667
3310,25,1.1283791670955126,4091.0,367.0,45.00001609038752,0.0,0.0,0.0
3311,25,1.1283791670955126,4118.0,367.0,45.00001609038752,0.0,0.0,0.0
3312,250,3.5682482323055424,9820.1,368.2,-69.37930265027968,4.750431047344971,2.65205672345464,9.65685424949238
3313,25,1.1283791670955126,9846.0,367.0,45.00001609038752,0.0,0.0,0.0
3314,4125,14.494292838262302,10023.539393939394,376.3454545454546,14.143832097887584,21.80296553414748,11.939471837746577,77.04772721475248
3315,125,2.5231325220201604,888.8,368.4,-71.5650767661759,3.098386676965933,1.7888543819998317,5.207106781186548
3316,25,1.1283791670955126,970.0,368.0,45.00001609038752,0.0,0.0,0.0
3317,25,1.1283791670955126,1739.0,368.0,45.00001609038752,0.0,0.0,0.0
3318,450,4.787307364817192,1775.6666666666667,371.1666666666667,21.915438172218877,6.45764743716621,5.128234547801093,14.82842712474619
3319,25,1.1283791670955126,4120.0,368.0,45.00001609038752,0.0,0.0,0.0
3320,975,7.046725639945928,8765.846153846154,371.15384615384613,-21.746289896303757,8.4946713940847,7.197298810995951,29.313708498984763
3321,25,1.1283791670955126,9833.0,368.0,45.00001609038752,0.0,0.0,0.0
3322,25,1.1283791670955126,9847.0,368.0,45.00001609038752,0.0,0.0,0.0
3323,25,1.1283791670955126,9859.0,368.0,45.00001609038752,0.0,0.0,0.0
3324,50,1.5957691216057308,10059.5,368.0,90.00003218077504,2.0,0.0,0.0
3325,25,1.1283791670955126,10645.0,368.0,45.00001609038752,0.0,0.0,0.0
3326,350,4.222008245644752,11727.785714285714,372.42857142857144,2.6983953140507513,12.454480393947241,1.5347005805321912,13.207106781186548
3327,25,1.1283791670955126,11835.0,368.0,45.00001609038752,0.0,0.0,0.0
3328,25,1.1283791670955126,11879.0,368.0,45.00001609038752,0.0,0.0,0.0
3329,50,1.5957691216057308,968.5,369.0,90.00003218077504,2.0,0.0,0.0
3330,50,1.5957691216057308,4121.5,369.0,90.00003218077504,2.0,0.0,0.0
3331,50,1.5957691216057308,5253.5,369.0,90.00003218077504,2.0,0.0,0.0
3332,25,1.1283791670955126,9846.0,369.0,45.00001609038752,0.0,0.0,0.0
3333,25,1.1283791670955126,10045.0,369.0,45.00001609038752,0.0,0.0,0.0
3334,25,1.1283791670955126,11836.0,369.0,45.00001609038752,0.0,0.0,0.0
3335,158450,89.83202232239604,11847.621962764279,428.6192805301357,-15.313715597083283,128.28466318715022,65.03970334805486,376.6761902332485
3336,25,1.1283791670955126,4089.0,370.0,45.00001609038752,0.0,0.0,0.0
3337,25,1.1283791670955126,4123.0,370.0,45.00001609038752,0.0,0.0,0.0
3338,25,1.1283791670955126,9817.0,370.0,45.00001609038752,0.0,0.0,0.0
3339,25,1.1283791670955126,4124.0,371.0,45.00001609038752,0.0,0.0,0.0
3340,100,2.256758334191025,8721.25,372.25,18.43495541459913,3.4641016151377544,1.4142135623730951,3.2071067811865475
3341,25,1.1283791670955126,10030.0,371.0,45.00001609038752,0.0,0.0,0.0
3342,75,1.9544100476116797,888.3333333333334,372.3333333333333,45.00001609038752,2.3094010767585034,1.3333333333333333,3.414213562373095
3343,25,1.1283791670955126,3761.0,372.0,45.00001609038752,0.0,0.0,0.0
3344,25,1.1283791670955126,4088.0,372.0,45.00001609038752,0.0,0.0,0.0
3345,25,1.1283791670955126,4125.0,372.0,45.00001609038752,0.0,0.0,0.0
3346,50,1.5957691216057308,4129.0,372.5,0.0,2.0,0.0,0.0
3347,283300,120.11806908595752,4474.070243558066,443.51032474408754,-8.72596632953336,164.90677611938435,90.33492210839334,515.7827919510468
3348,175,2.985410660720923,4637.0,375.0,0.0,8.0,0.0,5.0
3349,75,1.9544100476116797,9111.333333333334,372.3333333333333,45.00001609038752,2.3094010767585034,1.3333333333333333,3.414213562373095
3350,3854675,443.07672663330055,9171.013665224695,627.1264049498336,85.64825362195161,479.7245839691631,442.7138835667097,3869.0907627331203
3351,100,2.256758334191025,9797.5,373.0,-31.71748575249332,3.23606797749979,1.2360679774997898,4.414213562373095
3352,1050,7.312732791431452,9848.380952380952,375.76190476190476,-44.892877134249225,14.657408122060737,6.341693502981008,35.970562748477136
3353,25,1.1283791670955126,1797.0,373.0,45.00001609038752,0.0,0.0,0.0
3354,25,1.1283791670955126,4126.0,373.0,45.00001609038752,0.0,0.0,0.0
3355,25,1.1283791670955126,6548.0,373.0,45.00001609038752,0.0,0.0,0.0
3356,65000,57.53627391751592,9140.467307692308,424.00384615384615,-7.8398543086584365,100.34602156278788,38.085088996322185,353.31475451951127
3357,25,1.1283791670955126,10015.0,373.0,45.00001609038752,0.0,0.0,0.0
3358,25,1.1283791670955126,10114.0,373.0,45.00001609038752,0.0,0.0,0.0
3359,25,1.1283791670955126,10647.0,373.0,45.00001609038752,0.0,0.0,0.0
3360,75,1.9544100476116797,11751.666666666666,373.3333333333333,-45.00001609038752,2.3094010767585034,1.3333333333333333,3.414213562373095
3361,25,1.1283791670955126,4087.0,374.0,45.00001609038752,0.0,0.0,0.0
3362,25,1.1283791670955126,6549.0,374.0,45.00001609038752,0.0,0.0,0.0
3363,25,1.1283791670955126,9856.0,374.0,45.00001609038752,0.0,0.0,0.0
3364,25,1.1283791670955126,10048.0,374.0,45.00001609038752,0.0,0.0,0.0
3365,6600,18.333991376950163,10085.98106060606,389.0037878787879,13.523202271264205,36.14227603173168,15.335724955865729,154.12489168102786
3366,25,1.1283791670955126,10115.0,374.0,45.00001609038752,0.0,0.0,0.0
3367,25,1.1283791670955126,4131.0,375.0,45.00001609038752,0.0,0.0,0.0
3368,25,1.1283791670955126,9829.0,375.0,45.00001609038752,0.0,0.0,0.0
3369,11800,24.514670406003766,10050.502118644068,390.9851694915254,58.0557630688437,53.053407077918266,22.60966194533223,272.92997820866105
3370,600,5.527906391541368,10074.25,376.875,86.42171263476621,6.460621014079462,4.796913185834705,16.485281374238568
3371,25,1.1283791670955126,11701.0,375.0,45.00001609038752,0.0,0.0,0.0
3372,125,2.5231325220201604,893.2,376.8,-45.00001609038752,4.0,1.3856406460551023,5.414213562373095
3373,50,1.5957691216057308,1775.0,376.5,0.0,2.0,0.0,0.0
3374,100,2.256758334191025,4132.5,377.0,31.71748575249332,3.23606797749979,1.2360679774997898,4.414213562373095
3375,25,1.1283791670955126,4646.0,376.0,45.00001609038752,0.0,0.0,0.0
3376,25,1.1283791670955126,4934.0,376.0,45.00001609038752,0.0,0.0,0.0
3377,50,1.5957691216057308,5209.0,376.5,0.0,2.0,0.0,0.0
3378,25,1.1283791670955126,5251.0,376.0,45.00001609038752,0.0,0.0,0.0
3379,1350,8.291859587312052,6553.5,380.462962962963,35.62581621034728,12.976985705015181,7.233023909733234,38.384776310850235
3380,25,1.1283791670955126,8728.0,376.0,45.00001609038752,0.0,0.0,0.0
3381,75,1.9544100476116797,8775.333333333334,376.3333333333333,45.00001609038752,2.3094010767585034,1.3333333333333333,3.414213562373095
3382,25,1.1283791670955126,9112.0,376.0,45.00001609038752,0.0,0.0,0.0
3383,25,1.1283791670955126,9775.0,376.0,45.00001609038752,0.0,0.0,0.0
3384,400,4.51351666838205,9810.9375,378.4375,23.846096471260065,6.3679681660459195,3.5105528676015925,13.035533905932738
3385,50,1.5957691216057308,9813.5,376.0,90.00003218077504,2.0,0.0,0.0
3386,2850,12.047792665040703,9838.482456140351,384.6140350877193,9.35355909754601,17.38570540449789,10.38122695114696,67.97665940288701
3387,25,1.1283791670955126,9842.0,376.0,45.00001609038752,0.0,0.0,0.0
3388,50,1.5957691216057308,9853.0,376.5,0.0,2.0,0.0,0.0
3389,400,4.51351666838205,10044.25,377.75,-78.69009566272824,6.324555320336759,3.7416573867739413,14.242640687119286
3390,25,1.1283791670955126,10060.0,376.0,45.00001609038752,0.0,0.0,0.0
3391,1250,7.978845608028654,10065.62,380.96,16.462109496861952,12.741281595598165,6.102765217642856,32.55634918610404
3392,50,1.5957691216057308,10068.5,376.0,90.00003218077504,2.0,0.0,0.0
3393,725,6.076507779746499,10096.862068965518,378.2068965517241,87.76245970009064,13.326071736370407,4.945805938520973,25.656854249492383
3394,25,1.1283791670955126,10103.0,376.0,45.00001609038752,0.0,0.0,0.0
3395,25,1.1283791670955126,10116.0,376.0,45.00001609038752,0.0,0.0,0.0
3396,100,2.256758334191025,11704.5,377.0,31.71748575249332,3.23606797749979,1.2360679774997898,4.414213562373095
3397,50,1.5957691216057308,11800.5,376.0,90.00003218077504,2.0,0.0,0.0
3398,25,1.1283791670955126,4129.0,377.0,45.00001609038752,0.0,0.0,0.0
3399,25,1.1283791670955126,4647.0,377.0,45.00001609038752,0.0,0.0,0.0
3400,25,1.1283791670955126,9113.0,377.0,45.00001609038752,0.0,0.0,0.0
3401,50,1.5957691216057308,9778.5,377.0,90.00003218077504,2.0,0.0,0.0
3402,25,1.1283791670955126,9794.0,377.0,45.00001609038752,0.0,0.0,0.0
3403,25,1.1283791670955126,9867.0,377.0,45.00001609038752,0.0,0.0,0.0
3404,25,1.1283791670955126,9995.0,377.0,45.00001609038752,0.0,0.0,0.0
3405,750,6.180387232371033,11699.566666666668,379.1,88.68652033587959,7.707882528650854,5.399762570095819,20.14213562373095
3406,75,1.9544100476116797,11797.333333333334,377.6666666666667,-45.00001609038752,2.3094010767585034,1.3333333333333333,3.414213562373095
3407,25,1.1283791670955126,961.0,378.0,45.00001609038752,0.0,0.0,0.0
3408,25,1.1283791670955126,4130.0,378.0,45.00001609038752,0.0,0.0,0.0
3409,125,2.5231325220201604,9114.0,379.0,-31.71748575249332,4.093338188813542,1.5635160606788385,5.414213562373095
3410,100,2.256758334191025,9870.75,379.25,-18.43495541459913,3.4641016151377544,1.4142135623730951,3.2071067811865475
3411,25,1.1283791670955126,9994.0,378.0,45.00001609038752,0.0,0.0,0.0
3412,50,1.5957691216057308,11731.0,378.5,0.0,2.0,0.0,0.0
3413,175,2.985410660720923,11812.57142857143,379.2857142857143,8.34962510252249,4.155374705678736,1.9054711331003737,7.207106781186548
3414,25,1.1283791670955126,896.0,379.0,45.00001609038752,0.0,0.0,0.0
3415,50,1.5957691216057308,959.0,379.5,0.0,2.0,0.0,0.0
3416,25,1.1283791670955126,7674.0,379.0,45.00001609038752,0.0,0.0,0.0
3417,50,1.5957691216057308,8728.0,379.5,0.0,2.0,0.0,0.0
3418,18475,30.67448489476694,9107.752368064952,424.25033829499324,0.7228201659714282,90.69424257062549,17.987275901758526,326.73506473629425
3419,125,2.5231325220201604,9815.4,380.2,18.43495541459913,3.098386676965933,1.7888543819998317,5.207106781186548
3420,400,4.51351666838205,9991.5,381.25,-37.98189184699543,5.261621274704831,3.91348202520128,12.621320343559642
3421,25,1.1283791670955126,10071.0,379.0,45.00001609038752,0.0,0.0,0.0
3422,550,5.292567428401227,11692.772727272728,383.1818181818182,-27.476018725013652,9.491852292447815,6.339221702534967,21.449747468305834
3423,25,1.1283791670955126,11800.0,379.0,45.00001609038752,0.0,0.0,0.0
3424,325,4.068428945128219,964.3846153846154,380.84615384615387,-81.22118061934906,7.527520130665754,2.4128091062107515,11.828427124746192
3425,25,1.1283791670955126,5054.0,380.0,45.00001609038752,0.0,0.0,0.0
3426,25,1.1283791670955126,7671.0,380.0,45.00001609038752,0.0,0.0,0.0
3427,200,3.1915382432114616,9778.75,381.125,-54.64504264869654,4.507893913753563,2.104493398028036,8.242640687119284
3428,100,2.256758334191025,9807.0,380.5,58.28254642828171,3.23606797749979,1.2360679774997898,4.414213562373095
3429,100,2.256758334191025,9830.5,380.5,45.00001609038752,2.0,2.0,4.0
3430,400,4.51351666838205,9849.875,383.375,-15.315004718505296,7.268481097640107,2.944347556462799,13.863961030678926
3431,25,1.1283791670955126,10048.0,380.0,45.00001609038752,0.0,0.0,0.0
3432,75,1.9544100476116797,10056.666666666666,380.6666666666667,45.00001609038752,2.3094010767585034,1.3333333333333333,3.414213562373095
3433,25,1.1283791670955126,10060.0,380.0,45.00001609038752,0.0,0.0,0.0
3434,800,6.383076486422923,10098.15625,383.5625,58.51329626543248,9.571966140884161,5.236825297617553,17.863961030678926
3435,25,1.1283791670955126,958.0,381.0,45.00001609038752,0.0,0.0,0.0
3436,50,1.5957691216057308,1769.0,381.5,0.0,2.0,0.0,0.0
3437,50,1.5957691216057308,5056.5,381.0,90.00003218077504,2.0,0.0,0.0
3438,50,1.5957691216057308,8730.5,381.0,90.00003218077504,2.0,0.0,0.0
3439,25,1.1283791670955126,9785.0,381.0,45.00001609038752,0.0,0.0,0.0
3440,50,1.5957691216057308,9789.0,381.5,0.0,2.0,0.0,0.0
3441,25,1.1283791670955126,9872.0,381.0,45.00001609038752,0.0,0.0,0.0
3442,25,1.1283791670955126,10031.0,381.0,45.00001609038752,0.0,0.0,0.0
3443,25,1.1283791670955126,10063.0,381.0,45.00001609038752,0.0,0.0,0.0
3444,25,1.1283791670955126,11704.0,381.0,45.00001609038752,0.0,0.0,0.0
3445,25,1.1283791670955126,5055.0,382.0,45.00001609038752,0.0,0.0,0.0
3446,25,1.1283791670955126,9814.0,382.0,45.00001609038752,0.0,0.0,0.0
3447,25,1.1283791670955126,9829.0,382.0,45.00001609038752,0.0,0.0,0.0
3448,375,4.370193722368317,11776.866666666667,383.8,-80.1005904638282,5.281633700418866,3.5748987412450277,12.242640687119286
3449,75,1.9544100476116797,11787.333333333334,382.3333333333333,45.00001609038752,2.3094010767585034,1.3333333333333333,3.414213562373095
3450,250,3.5682482323055424,962.9,384.4,-88.5979901818941,6.801727436520976,2.648868414866578,10.414213562373096
3451,25,1.1283791670955126,4083.0,383.0,45.00001609038752,0.0,0.0,0.0
3452,100,2.256758334191025,6592.75,383.75,71.5650767661759,3.4641016151377544,1.4142135623730951,3.2071067811865475
3453,25,1.1283791670955126,6596.0,383.0,45.00001609038752,0.0,0.0,0.0
3454,500,5.046265044040321,6629.0,385.65,58.096578606770365,8.54006886297229,3.5081653062093836,14.69238815542512
3455,25,1.1283791670955126,6959.0,383.0,45.00001609038752,0.0,0.0,0.0
3456,1525,8.812923024107548,9134.622950819672,387.21311475409834,24.42094582945522,12.258987837930146,8.864802644373539,37.97056274847714
3457,50,1.5957691216057308,9790.0,383.5,0.0,2.0,0.0,0.0
3458,475,4.918490759365935,9809.315789473685,384.42105263157896,-82.15837157958906,9.972842354395162,2.992054089342464,16.65685424949238
3459,2550,11.396070970426017,9827.509803921568,391.1078431372549,57.165914728222155,20.149131692977733,12.007406591325754,66.8700576850888
3460,225,3.385137501286538,9871.333333333334,384.55555555555554,-40.26885329468103,5.311578320742263,2.04504216851777,9.242640687119284
3461,25,1.1283791670955126,10059.0,383.0,45.00001609038752,0.0,0.0,0.0
3462,25,1.1283791670955126,10094.0,383.0,45.00001609038752,0.0,0.0,0.0
3463,1100,7.48482063701911,11707.84090909091,384.59090909090907,-88.9529074419968,23.326749154995138,3.083407524007683,38.520815280171306
3464,200,3.1915382432114616,1770.75,384.875,54.64504264869654,4.507893913753563,2.104493398028036,8.242640687119284
3465,175,2.985410660720923,3626.285714285714,384.85714285714283,67.50002413558127,4.375345285424217,2.089630999709931,7.414213562373096
3466,25,1.1283791670955126,6623.0,384.0,45.00001609038752,0.0,0.0,0.0
3467,25,1.1283791670955126,9802.0,384.0,45.00001609038752,0.0,0.0,0.0
3468,25,1.1283791670955126,9874.0,384.0,45.00001609038752,0.0,0.0,0.0
3469,75,1.9544100476116797,10061.333333333334,384.3333333333333,45.00001609038752,2.3094010767585034,1.3333333333333333,3.414213562373095
3470,25,1.1283791670955126,10071.0,384.0,45.00001609038752,0.0,0.0,0.0
3471,25,1.1283791670955126,10115.0,384.0,45.00001609038752,0.0,0.0,0.0
3472,150,2.763953195770684,11790.666666666666,385.5,0.0,3.8297084310253524,1.8856180831641272,6.414213562373095
3473,25,1.1283791670955126,6591.0,385.0,45.00001609038752,0.0,0.0,0.0
3474,25,1.1283791670955126,7721.0,385.0,45.00001609038752,0.0,0.0,0.0
3475,75,1.9544100476116797,9779.333333333334,385.6666666666667,-45.00001609038752,2.3094010767585034,1.3333333333333333,3.414213562373095
3476,50,1.5957691216057308,10113.5,385.0,90.00003218077504,2.0,0.0,0.0
3477,50,1.5957691216057308,11783.0,385.5,0.0,2.0,0.0,0.0
3478,50,1.5957691216057308,959.5,386.0,90.00003218077504,2.0,0.0,0.0
3479,25,1.1283791670955126,3624.0,386.0,45.00001609038752,0.0,0.0,0.0
3480,25,1.1283791670955126,6590.0,386.0,45.00001609038752,0.0,0.0,0.0
3481,750,6.180387232371033,11785.033333333333,390.9,-8.832548598456277,12.142133500532307,4.210005892015669,25.106601717798213
3482,25,1.1283791670955126,6589.0,387.0,45.00001609038752,0.0,0.0,0.0
3483,5725,17.075475271404667,9854.344978165938,400.27947598253274,-30.2484787772211,29.599054945754567,15.070422157761058,134.18986283848346
3484,25,1.1283791670955126,959.0,388.0,45.00001609038752,0.0,0.0,0.0
3485,1500,8.740387444736633,3591.15,392.1333333333333,-3.938305813637694,11.453219984050232,8.712786057619072,39.7634559672906
3486,25,1.1283791670955126,3623.0,388.0,45.00001609038752,0.0,0.0,0.0
3487,25,1.1283791670955126,4191.0,388.0,45.00001609038752,0.0,0.0,0.0
3488,25,1.1283791670955126,4201.0,388.0,45.00001609038752,0.0,0.0,0.0
3489,650,5.753627391751592,6554.461538461538,389.11538461538464,-89.18914035745604,9.02922216102056,4.616642053844516,19.242640687119284
3490,50,1.5957691216057308,7660.0,388.5,0.0,2.0,0.0,0.0
3491,50,1.5957691216057308,7679.0,388.5,0.0,2.0,0.0,0.0
3492,25,1.1283791670955126,8753.0,388.0,45.00001609038752,0.0,0.0,0.0
3493,1175,7.735777827895049,8756.72340425532,392.70212765957444,11.791606103996822,10.922013870695464,7.021390557921501,33.520815280171306
3494,600,5.527906391541368,8764.875,390.1666666666667,31.352564089998396,6.495822542490853,5.695891360038091,16.65685424949238
3495,1050,7.312732791431452,9093.07142857143,394.0952380952381,15.184761567011028,14.434412911822882,4.839521311182171,34.55634918610405
3496,1175,7.735777827895049,9118.659574468085,391.51063829787233,-6.7391896924855565,11.050040585000717,7.040772294633273,29.9350288425444
3497,50,1.5957691216057308,9780.0,388.5,0.0,2.0,0.0,0.0
3498,550,5.292567428401227,9847.90909090909,390.22727272727275,46.36770903824043,7.595155738288884,5.282081613402196,17.82842712474619
3499,2100,10.341765891652821,10025.714285714286,393.51190476190476,51.22262174095926,14.884442066067049,10.57410332018203,53.248737341529164
3500,2450,11.170383851240114,10071.275510204081,391.6734693877551,71.15727626088788,20.478155921725243,10.081817672417511,56.49137802864845
3501,75,1.9544100476116797,10094.333333333334,388.6666666666667,-45.00001609038752,2.3094010767585034,1.3333333333333333,3.414213562373095
3502,350,4.222008245644752,10099.142857142857,390.2857142857143,45.5240046007502,7.762047244458097,2.586387071767205,13.242640687119286
3503,75,1.9544100476116797,10103.333333333334,388.3333333333333,45.00001609038752,2.3094010767585034,1.3333333333333333,3.414213562373095
3504,100,2.256758334191025,10111.75,388.75,71.5650767661759,3.4641016151377544,1.4142135623730951,3.2071067811865475
3505,975,7.046725639945928,10649.923076923076,397.1794871794872,-6.940956162412572,22.346533232853293,2.95639582483718,36.86396103067892
3506,2175,10.524820207108489,11707.67816091954,390.2298850574713,84.19909771304363,23.955488150419352,6.67123003349103,61.21320343559643
3507,75,1.9544100476116797,11798.333333333334,388.6666666666667,-45.00001609038752,2.3094010767585034,1.3333333333333333,3.414213562373095
3508,25,1.1283791670955126,4190.0,389.0,45.00001609038752,0.0,0.0,0.0
3509,4475,15.09668435477122,6645.033519553072,402.536312849162,20.971941870986193,31.94782199233828,9.096094535170025,85.18376618407356
3510,25,1.1283791670955126,8752.0,389.0,45.00001609038752,0.0,0.0,0.0
3511,25,1.1283791670955126,9861.0,389.0,45.00001609038752,0.0,0.0,0.0
3512,50,1.5957691216057308,10018.5,389.0,90.00003218077504,2.0,0.0,0.0
3513,25,1.1283791670955126,10030.0,389.0,45.00001609038752,0.0,0.0,0.0
3514,25,1.1283791670955126,10080.0,389.0,45.00001609038752,0.0,0.0,0.0
3515,25,1.1283791670955126,11811.0,389.0,45.00001609038752,0.0,0.0,0.0
3516,25,1.1283791670955126,6587.0,390.0,45.00001609038752,0.0,0.0,0.0
3517,75,1.9544100476116797,7678.0,391.0,0.0,3.265986323710904,0.0,1.0
3518,25,1.1283791670955126,9866.0,390.0,45.00001609038752,0.0,0.0,0.0
3519,50,1.5957691216057308,3584.0,391.5,0.0,2.0,0.0,0.0
3520,625,5.641895835477563,4189.52,394.32,-41.92043347466797,9.545011994258534,3.516809069236018,19.27817459305202
3521,30075,39.137030703879425,4327.194513715711,425.477140482128,22.242834772875337,65.70728656752867,34.07302717098636,395.6761902332485
3522,25,1.1283791670955126,5051.0,391.0,45.00001609038752,0.0,0.0,0.0
3523,350,4.222008245644752,6559.642857142857,391.92857142857144,79.53777756738843,6.240112160373552,3.037147598007146,11.035533905932738
3524,25,1.1283791670955126,6586.0,391.0,45.00001609038752,0.0,0.0,0.0
3525,25,1.1283791670955126,6633.0,391.0,45.00001609038752,0.0,0.0,0.0
3526,25,1.1283791670955126,9141.0,391.0,45.00001609038752,0.0,0.0,0.0
3527,50,1.5957691216057308,9794.0,391.5,0.0,2.0,0.0,0.0
3528,25,1.1283791670955126,9852.0,391.0,45.00001609038752,0.0,0.0,0.0
3529,50,1.5957691216057308,9862.0,391.5,0.0,2.0,0.0,0.0
3530,25,1.1283791670955126,10080.0,391.0,45.00001609038752,0.0,0.0,0.0
3531,150,2.763953195770684,10095.0,391.8333333333333,-53.130121351576776,3.8297084310253524,1.8856180831641265,6.207106781186548
3532,25,1.1283791670955126,10111.0,391.0,45.00001609038752,0.0,0.0,0.0
3533,25,1.1283791670955126,6634.0,392.0,45.00001609038752,0.0,0.0,0.0
3534,50,1.5957691216057308,8736.0,392.5,0.0,2.0,0.0,0.0
3535,1225,7.898654169668588,9135.204081632653,397.3673469387755,-40.593721171947685,17.98610677888967,5.131036423905373,38.349242404917504
3536,125,2.5231325220201604,9779.2,392.4,71.5650767661759,3.098386676965933,1.7888543819998317,5.207106781186548
3537,75,1.9544100476116797,9791.0,392.0,90.00003218077504,3.265986323710904,0.0,1.0
3538,25,1.1283791670955126,9820.0,392.0,45.00001609038752,0.0,0.0,0.0
3539,25,1.1283791670955126,9822.0,392.0,45.00001609038752,0.0,0.0,0.0
3540,25,1.1283791670955126,9869.0,392.0,45.00001609038752,0.0,0.0,0.0
3541,75,1.9544100476116797,10078.333333333334,392.3333333333333,45.00001609038752,2.3094010767585034,1.3333333333333333,3.414213562373095
3542,50,1.5957691216057308,10081.5,392.0,90.00003218077504,2.0,0.0,0.0
3543,50,1.5957691216057308,10645.5,392.0,90.00003218077504,2.0,0.0,0.0
3544,25,1.1283791670955126,10648.0,392.0,45.00001609038752,0.0,0.0,0.0
3545,25,1.1283791670955126,11697.0,392.0,45.00001609038752,0.0,0.0,0.0
3546,25,1.1283791670955126,3585.0,393.0,45.00001609038752,0.0,0.0,0.0
3547,25,1.1283791670955126,6585.0,393.0,45.00001609038752,0.0,0.0,0.0
3548,50,1.5957691216057308,7679.0,393.5,0.0,2.0,0.0,0.0
3549,25,1.1283791670955126,9796.0,393.0,45.00001609038752,0.0,0.0,0.0
3550,25,1.1283791670955126,10069.0,393.0,45.00001609038752,0.0,0.0,0.0
3551,50,1.5957691216057308,10097.0,393.5,0.0,2.0,0.0,0.0
3552,500,5.046265044040321,10104.8,396.4,38.31279346684161,8.361687809796734,4.783531851205415,17.035533905932738
3553,25,1.1283791670955126,11698.0,393.0,45.00001609038752,0.0,0.0,0.0
3554,50,1.5957691216057308,970.0,394.5,0.0,2.0,0.0,0.0
3555,25,1.1283791670955126,4642.0,394.0,45.00001609038752,0.0,0.0,0.0
3556,50,1.5957691216057308,5053.0,394.5,0.0,2.0,0.0,0.0
3557,25,1.1283791670955126,9090.0,394.0,45.00001609038752,0.0,0.0,0.0
3558,1175,7.735777827895049,9801.234042553191,398.51063829787233,48.88647290499245,12.948477241201664,9.509859888398028,37.31370849898476
3559,25,1.1283791670955126,10020.0,394.0,45.00001609038752,0.0,0.0,0.0
3560,25,1.1283791670955126,379.0,395.0,45.00001609038752,0.0,0.0,0.0
3561,25,1.1283791670955126,890.0,395.0,45.00001609038752,0.0,0.0,0.0
3562,50,1.5957691216057308,965.5,395.0,90.00003218077504,2.0,0.0,0.0
3563,25,1.1283791670955126,5219.0,395.0,45.00001609038752,0.0,0.0,0.0
3564,25,1.1283791670955126,8734.0,395.0,45.00001609038752,0.0,0.0,0.0
3565,2550,11.396070970426017,8740.009803921568,403.1470588235294,21.226515424345724,16.1079102015422,13.013997882894877,62.491378028648455
3566,50,1.5957691216057308,8743.0,395.5,0.0,2.0,0.0,0.0
3567,400,4.51351666838205,9785.0,396.4375,84.70031842757125,6.654193141825455,3.4145590683546647,13.863961030678928
3568,325,4.068428945128219,9822.076923076924,396.84615384615387,-75.02322274170581,6.930160911985842,3.0570657171661058,12.449747468305832
3569,16675,29.14190756176324,9834.64167916042,417.16341829085457,21.76973869542818,47.323856563681396,26.6545073913069,310.97770542341357
3570,25,1.1283791670955126,9842.0,395.0,45.00001609038752,0.0,0.0,0.0
3571,25,1.1283791670955126,9848.0,395.0,45.00001609038752,0.0,0.0,0.0
3572,25,1.1283791670955126,9869.0,395.0,45.00001609038752,0.0,0.0,0.0
3573,375,4.370193722368317,10066.666666666666,396.93333333333334,88.24683811951718,8.35124566105663,3.407023190381002,14.278174593052022
3574,25,1.1283791670955126,10082.0,395.0,45.00001609038752,0.0,0.0,0.0
3575,4675,15.430353037616328,10099.529411764706,413.0,1.2408531278718098,39.40047623593326,12.543629548356247,126.08326112068522
3576,25,1.1283791670955126,11708.0,395.0,45.00001609038752,0.0,0.0,0.0
3577,200,3.1915382432114616,967.75,397.25,82.98190793738294,3.8888437389046198,2.6223833385648136,7.82842712474619
3578,75,1.9544100476116797,4138.333333333333,396.6666666666667,-45.00001609038752,2.3094010767585034,1.3333333333333333,3.414213562373095
3579,25,1.1283791670955126,4185.0,396.0,45.00001609038752,0.0,0.0,0.0
3580,75,1.9544100476116797,4192.0,397.0,0.0,3.265986323710904,0.0,1.0
3581,100,2.256758334191025,5050.0,396.5,58.28254642828171,3.23606797749979,1.2360679774997898,4.414213562373095
3582,200,3.1915382432114616,6554.0,396.75,68.36787674035835,5.212736088651405,1.9563697171218042,8.621320343559642
3583,100,2.256758334191025,8731.5,396.5,45.00001609038752,2.0,2.0,4.0
3584,175,2.985410660720923,9792.714285714286,396.57142857142856,-81.65040707825254,4.155374705678736,1.9054711331003737,7.207106781186548
3585,325,4.068428945128219,9846.384615384615,396.84615384615387,73.90215945739801,7.723965688387557,2.29936939327762,12.242640687119286
3586,25,1.1283791670955126,10053.0,396.0,45.00001609038752,0.0,0.0,0.0
3587,100,2.256758334191025,10657.5,397.0,-31.71748575249332,3.23606797749979,1.2360679774997898,4.414213562373095
3588,150,2.763953195770684,11710.5,396.3333333333333,90.00003218077504,3.8297084310253524,1.8856180831641272,6.414213562373095
3589,75,1.9544100476116797,11780.666666666666,396.3333333333333,-45.00001609038752,2.3094010767585034,1.3333333333333333,3.414213562373095
3590,25,1.1283791670955126,5220.0,397.0,45.00001609038752,0.0,0.0,0.0
3591,10156150,719.1998832664539,6548.5351388075205,803.5702776150412,26.89507752520319,847.7501186070551,633.6385994637841,5061.094946815227
3592,25,1.1283791670955126,6637.0,397.0,45.00001609038752,0.0,0.0,0.0
3593,25,1.1283791670955126,9857.0,397.0,45.00001609038752,0.0,0.0,0.0
3594,25,1.1283791670955126,9890.0,397.0,45.00001609038752,0.0,0.0,0.0
3595,50,1.5957691216057308,10045.5,397.0,90.00003218077504,2.0,0.0,0.0
3596,100,2.256758334191025,10072.0,397.5,58.28254642828171,3.23606797749979,1.2360679774997898,4.414213562373095
3597,25,1.1283791670955126,10081.0,397.0,45.00001609038752,0.0,0.0,0.0
3598,1950,9.965574970333758,10113.948717948719,404.64102564102564,39.33414473008275,15.0464450073476,7.2757481436485945,38.3492424049175
3599,25,1.1283791670955126,4652.0,398.0,45.00001609038752,0.0,0.0,0.0
3600,50,1.5957691216057308,5052.5,398.0,90.00003218077504,2.0,0.0,0.0
3601,25,1.1283791670955126,9826.0,398.0,45.00001609038752,0.0,0.0,0.0
3602,25,1.1283791670955126,894.0,399.0,45.00001609038752,0.0,0.0,0.0
3603,450,4.787307364817192,4193.888888888889,400.6666666666667,-87.37403940962388,8.941585589394652,2.9562484963583895,16.035533905932738
3604,25,1.1283791670955126,5043.0,399.0,45.00001609038752,0.0,0.0,0.0
3605,25,1.1283791670955126,8732.0,399.0,45.00001609038752,0.0,0.0,0.0
3606,3825,13.957279475043833,9119.64705882353,413.47712418300654,-4.287473259990418,41.141271920049,7.622347061155362,93.59797974644667
3607,25,1.1283791670955126,9799.0,399.0,45.00001609038752,0.0,0.0,0.0
3608,25,1.1283791670955126,10047.0,399.0,45.00001609038752,0.0,0.0,0.0
3609,25,1.1283791670955126,11801.0,399.0,45.00001609038752,0.0,0.0,0.0
3610,50,1.5957691216057308,4201.0,400.5,0.0,2.0,0.0,0.0
3611,1750,9.440697438826296,5049.757142857143,406.34285714285716,-21.61608938847757,16.976027767120197,5.812915916650241,38.97056274847714
3612,100,2.256758334191025,8726.0,400.5,58.28254642828171,3.23606797749979,1.2360679774997898,4.414213562373095
3613,25,1.1283791670955126,8734.0,400.0,45.00001609038752,0.0,0.0,0.0
3614,1900,9.83698151873187,9792.934210526315,406.42105263157896,18.569691882852293,14.997596577589086,9.38969007589563,50.62741699796952
3615,25,1.1283791670955126,9794.0,400.0,45.00001609038752,0.0,0.0,0.0
3616,36850,43.32153147038583,9879.385345997287,447.7415196743555,0.11106742597819899,118.65190434426253,32.387513374092194,617.5767311903867
3617,25,1.1283791670955126,9889.0,400.0,45.00001609038752,0.0,0.0,0.0
3618,9375,21.850968611841584,10032.608,417.22133333333335,16.28675002490104,45.65874394033202,15.811367092909743,168.3319984622144
3619,25,1.1283791670955126,10035.0,400.0,45.00001609038752,0.0,0.0,0.0
3620,16850,29.294426998176625,10056.252225519287,421.3293768545994,12.874404127344173,40.3423423751157,29.3532134304221,238.44469683442247
3621,25,1.1283791670955126,10095.0,400.0,45.00001609038752,0.0,0.0,0.0
3622,325,4.068428945128219,4317.615384615385,404.0,-2.662008583851772,7.693592819917112,2.4767061408859377,13.242640687119284
3623,50,1.5957691216057308,5044.5,401.0,90.00003218077504,2.0,0.0,0.0
3624,350,4.222008245644752,8730.5,403.07142857142856,-32.66337092296619,8.5038654461528,2.859032772126924,14.449747468305834
3625,25,1.1283791670955126,9797.0,401.0,45.00001609038752,0.0,0.0,0.0
3626,100,2.256758334191025,10018.5,401.5,45.00001609038752,2.0,2.0,4.0
3627,25,1.1283791670955126,10079.0,401.0,45.00001609038752,0.0,0.0,0.0
3628,25,1.1283791670955126,10081.0,401.0,45.00001609038752,0.0,0.0,0.0
3629,75,1.9544100476116797,10102.333333333334,401.3333333333333,45.00001609038752,2.3094010767585034,1.3333333333333333,3.414213562373095
3630,50,1.5957691216057308,11775.0,401.5,0.0,2.0,0.0,0.0
3631,25,1.1283791670955126,10658.0,402.0,45.00001609038752,0.0,0.0,0.0
3632,50,1.5957691216057308,4174.0,403.5,0.0,2.0,0.0,0.0
3633,25,1.1283791670955126,9800.0,403.0,45.00001609038752,0.0,0.0,0.0
3634,175,2.985410660720923,10016.57142857143,404.2857142857143,71.56507676617589,3.7032803990902057,2.68023757704196,7.621320343559642
3635,25,1.1283791670955126,10082.0,403.0,45.00001609038752,0.0,0.0,0.0
3636,50,1.5957691216057308,10213.0,403.5,0.0,2.0,0.0,0.0
3637,50,1.5957691216057308,3641.0,404.5,0.0,2.0,0.0,0.0
3638,25,1.1283791670955126,3689.0,404.0,45.00001609038752,0.0,0.0,0.0
3639,3725,13.773623058786647,5212.973154362416,414.36241610738256,5.095866418405503,22.76062786339799,9.175497511423563,63.834523779156065
3640,25,1.1283791670955126,8774.0,404.0,45.00001609038752,0.0,0.0,0.0
3641,25,1.1283791670955126,9862.0,404.0,45.00001609038752,0.0,0.0,0.0
3642,25,1.1283791670955126,9890.0,404.0,45.00001609038752,0.0,0.0,0.0
3643,350,4.222008245644752,10039.857142857143,404.7857142857143,-82.96431094942409,6.426501482772758,3.011216636294214,10.414213562373096
3644,25,1.1283791670955126,10054.0,404.0,45.00001609038752,0.0,0.0,0.0
3645,25,1.1283791670955126,10646.0,404.0,45.00001609038752,0.0,0.0,0.0
3646,25,1.1283791670955126,8732.0,405.0,45.00001609038752,0.0,0.0,0.0
3647,25,1.1283791670955126,9801.0,405.0,45.00001609038752,0.0,0.0,0.0
3648,25,1.1283791670955126,9830.0,405.0,45.00001609038752,0.0,0.0,0.0
3649,25,1.1283791670955126,9864.0,405.0,45.00001609038752,0.0,0.0,0.0
3650,50,1.5957691216057308,10078.5,405.0,90.00003218077504,2.0,0.0,0.0
3651,100,2.256758334191025,10644.25,405.25,71.5650767661759,3.4641016151377544,1.4142135623730951,3.2071067811865475
3652,200,3.1915382432114616,893.75,407.625,2.242303806539519,4.446299335538975,2.6420488675998537,8.449747468305832
3653,25,1.1283791670955126,8717.0,406.0,45.00001609038752,0.0,0.0,0.0
3654,25,1.1283791670955126,9800.0,406.0,45.00001609038752,0.0,0.0,0.0
3655,25,1.1283791670955126,9807.0,406.0,45.00001609038752,0.0,0.0,0.0
3656,25,1.1283791670955126,10199.0,406.0,45.00001609038752,0.0,0.0,0.0
3657,1054200,231.71095166692564,8098.647837222538,625.6307626636312,-1.6019326823274898,445.32712619925485,137.98139854553585,2409.4124804588187
3658,150,2.763953195770684,8707.166666666666,408.3333333333333,-26.56506067578838,3.0550504633038935,2.666666666666667,6.414213562373095
3659,5800,17.186959427966244,9862.659482758621,425.74568965517244,8.676978178991968,36.19312004047824,10.464840057599197,101.70458146424487
3660,950,6.955796338302048,10016.947368421053,411.9736842105263,-9.165834256062052,9.805918371707106,6.307817627782782,26.556349186104043
3661,100,2.256758334191025,10042.5,408.0,-31.71748575249332,3.23606797749979,1.2360679774997898,4.414213562373095
3662,25,1.1283791670955126,10082.0,407.0,45.00001609038752,0.0,0.0,0.0
3663,275,3.742410318509555,10102.363636363636,408.09090909090907,74.92933401599767,4.346129984141888,3.067356324605907,9.414213562373096
3664,50,1.5957691216057308,3603.5,408.0,90.00003218077504,2.0,0.0,0.0
3665,100,2.256758334191025,3606.0,408.5,-58.28254642828171,3.23606797749979,1.2360679774997898,4.414213562373095
3666,25,1.1283791670955126,4176.0,408.0,45.00001609038752,0.0,0.0,0.0
3667,100,2.256758334191025,4205.75,409.0,0.0,2.8284271247461903,1.7320508075688772,4.621320343559642
3668,25,1.1283791670955126,4315.0,408.0,45.00001609038752,0.0,0.0,0.0
3669,25,1.1283791670955126,5217.0,408.0,45.00001609038752,0.0,0.0,0.0
3670,25,1.1283791670955126,6580.0,408.0,45.00001609038752,0.0,0.0,0.0
3671,300,3.9088200952233594,8730.916666666666,409.0833333333333,53.98458917302627,5.054121537886496,4.110997436719741,9.0
3672,25,1.1283791670955126,9798.0,408.0,45.00001609038752,0.0,0.0,0.0
3673,1050,7.312732791431452,9802.833333333334,412.1904761904762,-10.209069318084392,10.056198826527254,6.380052092878013,29.349242404917497
3674,125,2.5231325220201604,9808.2,408.4,71.5650767661759,3.098386676965933,1.7888543819998317,5.207106781186548
3675,50,1.5957691216057308,10013.5,408.0,90.00003218077504,2.0,0.0,0.0
3676,25,1.1283791670955126,10083.0,408.0,45.00001609038752,0.0,0.0,0.0
3677,2550,11.396070970426017,10088.911764705883,418.45098039215685,6.908713867261134,22.20834207401788,7.009731237335553,59.62741699796952
3678,25,1.1283791670955126,10094.0,408.0,45.00001609038752,0.0,0.0,0.0
3679,50,1.5957691216057308,10107.0,408.5,0.0,2.0,0.0,0.0
3680,75,1.9544100476116797,10665.333333333334,408.6666666666667,-45.00001609038752,2.3094010767585034,1.3333333333333333,3.414213562373095
3681,350,4.222008245644752,11697.285714285714,409.2857142857143,66.64934652874649,7.6547817833509555,3.4546965270738785,12.414213562373096
3682,50,1.5957691216057308,5053.0,409.5,0.0,2.0,0.0,0.0
3683,25,1.1283791670955126,5219.0,409.0,45.00001609038752,0.0,0.0,0.0
3684,175,2.985410660720923,6578.428571428572,410.42857142857144,17.76884524948727,3.685706545597305,2.822514422975452,6.621320343559642
3685,25,1.1283791670955126,9799.0,409.0,45.00001609038752,0.0,0.0,0.0
3686,50,1.5957691216057308,9812.0,409.5,0.0,2.0,0.0,0.0
3687,25,1.1283791670955126,10040.0,409.0,45.00001609038752,0.0,0.0,0.0
3688,25,1.1283791670955126,10093.0,409.0,45.00001609038752,0.0,0.0,0.0
3689,25,1.1283791670955126,10202.0,409.0,45.00001609038752,0.0,0.0,0.0
3690,25,1.1283791670955126,10642.0,409.0,45.00001609038752,0.0,0.0,0.0
3691,25,1.1283791670955126,10654.0,409.0,45.00001609038752,0.0,0.0,0.0
3692,25,1.1283791670955126,10663.0,409.0,45.00001609038752,0.0,0.0,0.0
3693,25,1.1283791670955126,3604.0,410.0,45.00001609038752,0.0,0.0,0.0
3694,25,1.1283791670955126,8709.0,410.0,45.00001609038752,0.0,0.0,0.0
3695,400,4.51351666838205,892.25,413.375,-26.565060675788384,5.830951894845301,3.570714214271425,12.449747468305832
3696,200,3.1915382432114616,8707.0,412.25,68.36787674035835,5.212736088651405,1.9563697171218042,8.621320343559642
3697,100,2.256758334191025,9813.25,412.0,0.0,2.8284271247461903,1.7320508075688772,4.621320343559642
3698,250,3.5682482323055424,10043.0,412.2,87.98589962735109,7.159348318881477,2.388248657265187,10.621320343559642
3699,25,1.1283791670955126,10047.0,411.0,45.00001609038752,0.0,0.0,0.0
3700,1725,9.373021315815206,10111.391304347826,414.40579710144925,82.26011429615716,16.979401821465437,8.529958689155086,56.10660171779821
3701,175,2.985410660720923,10654.42857142857,412.14285714285717,-67.50002413558127,5.044815499854966,1.8123273572878917,7.207106781186548
3702,200,3.1915382432114616,11709.5,412.125,-55.27804237523184,3.7521995422010908,2.7696567649270056,7.035533905932738
3703,25,1.1283791670955126,3742.0,412.0,45.00001609038752,0.0,0.0,0.0
3704,50,1.5957691216057308,4173.5,412.0,90.00003218077504,2.0,0.0,0.0
3705,50,1.5957691216057308,4204.5,412.0,90.00003218077504,2.0,0.0,0.0
3706,25,1.1283791670955126,5043.0,412.0,45.00001609038752,0.0,0.0,0.0
3707,75,1.9544100476116797,5218.666666666667,412.3333333333333,-45.00001609038752,2.3094010767585034,1.3333333333333333,3.414213562373095
3708,2500,11.283791670955125,8735.76,418.94,15.124906999570051,18.853232171102327,10.986193003152286,69.11269837220809
3709,25,1.1283791670955126,9115.0,412.0,45.00001609038752,0.0,0.0,0.0
3710,50,1.5957691216057308,9117.5,412.0,90.00003218077504,2.0,0.0,0.0
3711,4400,14.96964127403822,9802.431818181818,420.59090909090907,79.91912691606842,26.292146589178955,16.710586132453585,94.0477272147525
3712,25,1.1283791670955126,10037.0,412.0,45.00001609038752,0.0,0.0,0.0
3713,25,1.1283791670955126,10070.0,412.0,45.00001609038752,0.0,0.0,0.0
3714,50,1.5957691216057308,10195.5,412.0,90.00003218077504,2.0,0.0,0.0
3715,125,2.5231325220201604,10198.2,412.6,-71.5650767661759,3.098386676965933,1.7888543819998317,5.207106781186548
3716,250,3.5682482323055424,10213.6,414.1,6.021289724439167,6.343898075098332,1.853363756191339,9.0
3717,50,1.5957691216057308,10640.5,412.0,90.00003218077504,2.0,0.0,0.0
3718,50,1.5957691216057308,11696.5,412.0,90.00003218077504,2.0,0.0,0.0
3719,350,4.222008245644752,5204.5,417.0,5.9443311452930425,8.990716082598494,1.7796135316705146,12.0
3720,25,1.1283791670955126,9116.0,413.0,45.00001609038752,0.0,0.0,0.0
3721,50,1.5957691216057308,9798.0,413.5,0.0,2.0,0.0,0.0
3722,50,1.5957691216057308,9854.5,413.0,90.00003218077504,2.0,0.0,0.0
3723,25,1.1283791670955126,10039.0,413.0,45.00001609038752,0.0,0.0,0.0
3724,825,6.4820448144285745,4103.272727272727,417.57575757575756,24.745175980770885,11.78045306219512,5.757702393520883,24.899494936611667
3725,325,4.068428945128219,9114.307692307691,415.7692307692308,53.709004600510056,4.917794397232414,3.7501758594242824,11.65685424949238
3726,25,1.1283791670955126,4200.0,415.0,45.00001609038752,0.0,0.0,0.0
3727,150,2.763953195770684,4318.333333333333,416.3333333333333,45.00001609038752,3.651483716701107,2.1081851067789197,5.414213562373095
3728,50,1.5957691216057308,6579.0,415.5,0.0,2.0,0.0,0.0
3729,125,2.5231325220201604,6941.6,415.8,18.43495541459913,3.098386676965933,1.7888543819998317,5.207106781186548
3730,550,5.292567428401227,8743.863636363636,418.54545454545456,-1.9082577294980114,8.422191308668802,4.391078408915234,18.071067811865476
3731,100,2.256758334191025,9853.0,415.5,-58.28254642828171,3.23606797749979,1.2360679774997898,4.414213562373095
3732,1725,9.373021315815206,10021.130434782608,421.5652173913044,-4.841177231854962,13.832946949518176,7.296358699612864,37.59188309203678
3733,25,1.1283791670955126,10119.0,415.0,45.00001609038752,0.0,0.0,0.0
3734,50,1.5957691216057308,11768.5,415.0,90.00003218077504,2.0,0.0,0.0
3735,25,1.1283791670955126,4175.0,416.0,45.00001609038752,0.0,0.0,0.0
3736,25,1.1283791670955126,9806.0,416.0,45.00001609038752,0.0,0.0,0.0
3737,25,1.1283791670955126,10121.0,416.0,45.00001609038752,0.0,0.0,0.0
3738,25,1.1283791670955126,11819.0,416.0,45.00001609038752,0.0,0.0,0.0
3739,25,1.1283791670955126,10044.0,417.0,45.00001609038752,0.0,0.0,0.0
3740,25,1.1283791670955126,892.0,418.0,45.00001609038752,0.0,0.0,0.0
3741,25,1.1283791670955126,3607.0,418.0,45.00001609038752,0.0,0.0,0.0
3742,175,2.985410660720923,6577.571428571428,420.42857142857144,14.089300092806637,6.553504018576144,1.2082004568003004,5.0
3743,25,1.1283791670955126,6580.0,418.0,45.00001609038752,0.0,0.0,0.0
3744,25,1.1283791670955126,6941.0,418.0,45.00001609038752,0.0,0.0,0.0
3745,8825,21.200319792199185,9812.781869688386,442.10764872521247,-26.13883154914054,60.19730473183286,16.644103550441372,218.58073580374355
3746,75,1.9544100476116797,9869.333333333334,418.6666666666667,-45.00001609038752,2.3094010767585034,1.3333333333333333,3.414213562373095
3747,25,1.1283791670955126,9872.0,418.0,45.00001609038752,0.0,0.0,0.0
3748,800,6.383076486422923,10112.375,423.0,-11.334435856430053,10.276467367982605,6.1761005848989114,27.106601717798213
3749,25,1.1283791670955126,11818.0,418.0,45.00001609038752,0.0,0.0,0.0
3750,100,2.256758334191025,882.0,419.5,-58.28254642828171,3.23606797749979,1.2360679774997898,4.414213562373095
3751,75,1.9544100476116797,893.3333333333334,419.3333333333333,45.00001609038752,2.3094010767585034,1.3333333333333333,3.414213562373095
3752,500,5.046265044040321,4110.9,420.75,-28.488076408413328,5.97086453145817,5.726148508987067,15.207106781186548
3753,25,1.1283791670955126,4315.0,419.0,45.00001609038752,0.0,0.0,0.0
3754,125,2.5231325220201604,4319.0,420.2,-34.0993074495102,3.335641688875783,2.0575457524521585,5.621320343559642
3755,25,1.1283791670955126,8719.0,419.0,45.00001609038752,0.0,0.0,0.0
3756,25,1.1283791670955126,8731.0,419.0,45.00001609038752,0.0,0.0,0.0
3757,25,1.1283791670955126,8733.0,419.0,45.00001609038752,0.0,0.0,0.0
3758,50,1.5957691216057308,9111.5,419.0,90.00003218077504,2.0,0.0,0.0
3759,25,1.1283791670955126,9788.0,419.0,45.00001609038752,0.0,0.0,0.0
3760,25,1.1283791670955126,9850.0,419.0,45.00001609038752,0.0,0.0,0.0
3761,25,1.1283791670955126,9853.0,419.0,45.00001609038752,0.0,0.0,0.0
3762,25,1.1283791670955126,10043.0,419.0,45.00001609038752,0.0,0.0,0.0
3763,25,1.1283791670955126,10123.0,419.0,45.00001609038752,0.0,0.0,0.0
3764,75,1.9544100476116797,4314.0,421.0,0.0,3.265986323710904,0.0,1.0
3765,50,1.5957691216057308,6645.0,420.5,0.0,2.0,0.0,0.0
3766,25,1.1283791670955126,8775.0,420.0,45.00001609038752,0.0,0.0,0.0
3767,25,1.1283791670955126,9108.0,420.0,45.00001609038752,0.0,0.0,0.0
3768,150,2.763953195770684,9114.833333333334,421.0,-36.86991082919826,3.8297084310253524,1.8856180831641265,6.207106781186548
3769,150,2.763953195770684,9784.833333333334,421.0,0.0,3.265986323710904,2.748737083745107,6.621320343559642
3770,225,3.385137501286538,9852.666666666666,421.77777777777777,59.965777361859466,5.998480977403728,2.427914572962187,9.414213562373096
3771,25,1.1283791670955126,10074.0,420.0,45.00001609038752,0.0,0.0,0.0
3772,25,1.1283791670955126,11698.0,420.0,45.00001609038752,0.0,0.0,0.0
3773,25,1.1283791670955126,11817.0,420.0,45.00001609038752,0.0,0.0,0.0
3774,25,1.1283791670955126,6942.0,421.0,45.00001609038752,0.0,0.0,0.0
3775,25,1.1283791670955126,6947.0,421.0,45.00001609038752,0.0,0.0,0.0
3776,25,1.1283791670955126,7756.0,421.0,45.00001609038752,0.0,0.0,0.0
3777,25,1.1283791670955126,9789.0,421.0,45.00001609038752,0.0,0.0,0.0
3778,25,1.1283791670955126,10110.0,421.0,45.00001609038752,0.0,0.0,0.0
3779,50,1.5957691216057308,10121.0,421.5,0.0,2.0,0.0,0.0
3780,25,1.1283791670955126,6946.0,422.0,45.00001609038752,0.0,0.0,0.0
3781,50,1.5957691216057308,9110.5,422.0,90.00003218077504,2.0,0.0,0.0
3782,50,1.5957691216057308,9813.5,422.0,90.00003218077504,2.0,0.0,0.0
3783,25,1.1283791670955126,9870.0,422.0,45.00001609038752,0.0,0.0,0.0
3784,25,1.1283791670955126,10109.0,422.0,45.00001609038752,0.0,0.0,0.0
3785,25,1.1283791670955126,11698.0,422.0,45.00001609038752,0.0,0.0,0.0
3786,25,1.1283791670955126,11816.0,422.0,45.00001609038752,0.0,0.0,0.0
3787,50,1.5957691216057308,4342.0,423.5,0.0,2.0,0.0,0.0
3788,75,1.9544100476116797,8745.666666666666,423.6666666666667,45.00001609038752,2.3094010767585034,1.3333333333333333,3.414213562373095
3789,50,1.5957691216057308,9796.5,423.0,90.00003218077504,2.0,0.0,0.0
3790,25,1.1283791670955126,4210.0,424.0,45.00001609038752,0.0,0.0,0.0
3791,200,3.1915382432114616,6578.75,426.25,4.731162795706488,6.264845376455404,1.6588286255986004,7.207106781186548
3792,25,1.1283791670955126,8760.0,424.0,45.00001609038752,0.0,0.0,0.0
3793,2500,11.283791670955125,9787.13,430.77,-21.48552099170112,21.419983529986325,8.230887289661709,57.66295090390226
3794,50,1.5957691216057308,9852.5,424.0,90.00003218077504,2.0,0.0,0.0
3795,50,1.5957691216057308,10105.5,424.0,90.00003218077504,2.0,0.0,0.0
3796,75,1.9544100476116797,10107.666666666666,424.6666666666667,45.00001609038752,2.3094010767585034,1.3333333333333333,3.414213562373095
3797,75,1.9544100476116797,10116.666666666666,424.6666666666667,45.00001609038752,2.3094010767585034,1.3333333333333333,3.414213562373095
3798,25,1.1283791670955126,11739.0,424.0,45.00001609038752,0.0,0.0,0.0
3799,25,1.1283791670955126,11815.0,424.0,45.00001609038752,0.0,0.0,0.0
3800,50,1.5957691216057308,8742.0,425.5,0.0,2.0,0.0,0.0
3801,1550,8.884866446580956,8748.790322580646,430.69354838709677,29.782546280184775,14.513996315882787,6.3278038346001075,34.72792206135786
3802,75,1.9544100476116797,8750.333333333334,425.6666666666667,-45.00001609038752,2.3094010767585034,1.3333333333333333,3.414213562373095
3803,25,1.1283791670955126,9797.0,425.0,45.00001609038752,0.0,0.0,0.0
3804,25,1.1283791670955126,9809.0,425.0,45.00001609038752,0.0,0.0,0.0
3805,50,1.5957691216057308,4099.0,426.5,0.0,2.0,0.0,0.0
3806,25,1.1283791670955126,9795.0,426.0,45.00001609038752,0.0,0.0,0.0
3807,25,1.1283791670955126,11814.0,426.0,45.00001609038752,0.0,0.0,0.0
3808,25,1.1283791670955126,3722.0,427.0,45.00001609038752,0.0,0.0,0.0
3809,650,5.753627391751592,4194.115384615385,429.96153846153845,28.806549784110434,9.734008587231296,4.813131681870029,20.899494936611667
3810,25,1.1283791670955126,9852.0,427.0,45.00001609038752,0.0,0.0,0.0
3811,2100,10.341765891652821,9853.297619047618,435.3333333333333,-6.7336562426133915,16.12791422967529,9.014810027604428,53.077164466275356
3812,25,1.1283791670955126,10071.0,427.0,45.00001609038752,0.0,0.0,0.0
3813,25,1.1283791670955126,11813.0,427.0,45.00001609038752,0.0,0.0,0.0
3814,25,1.1283791670955126,882.0,428.0,45.00001609038752,0.0,0.0,0.0
3815,25,1.1283791670955126,3693.0,428.0,45.00001609038752,0.0,0.0,0.0
3816,25,1.1283791670955126,4316.0,428.0,45.00001609038752,0.0,0.0,0.0
3817,25,1.1283791670955126,6646.0,428.0,45.00001609038752,0.0,0.0,0.0
3818,600,5.527906391541368,9828.5,431.4166666666667,2.2040444578069263,8.162875055084186,3.819645671696078,18.071067811865476
3819,150,2.763953195770684,10018.166666666666,428.3333333333333,75.34502340521284,5.545131758410893,1.3022896092295921,5.207106781186548
3820,75,1.9544100476116797,10087.333333333334,428.6666666666667,-45.00001609038752,2.3094010767585034,1.3333333333333333,3.414213562373095
3821,75,1.9544100476116797,3691.3333333333335,429.3333333333333,45.00001609038752,2.3094010767585034,1.3333333333333333,3.414213562373095
3822,25,1.1283791670955126,6647.0,429.0,45.00001609038752,0.0,0.0,0.0
3823,25,1.1283791670955126,8739.0,429.0,45.00001609038752,0.0,0.0,0.0
3824,50,1.5957691216057308,8742.0,429.5,0.0,2.0,0.0,0.0
3825,50,1.5957691216057308,9796.0,429.5,0.0,2.0,0.0,0.0
3826,175,2.985410660720923,10066.857142857143,429.2857142857143,-85.69220654836944,4.993927366567251,1.772659614960501,6.207106781186548
3827,150,2.763953195770684,10071.666666666666,429.8333333333333,-66.57621867226437,3.9702144414365588,2.4525853841989633,5.414213562373095
3828,25,1.1283791670955126,11812.0,429.0,45.00001609038752,0.0,0.0,0.0
3829,25,1.1283791670955126,4316.0,430.0,45.00001609038752,0.0,0.0,0.0
3830,25,1.1283791670955126,8735.0,430.0,45.00001609038752,0.0,0.0,0.0
3831,25,1.1283791670955126,8737.0,430.0,45.00001609038752,0.0,0.0,0.0
3832,25,1.1283791670955126,8756.0,430.0,45.00001609038752,0.0,0.0,0.0
3833,375,4.370193722368317,10090.333333333334,432.1333333333333,82.70174180842176,6.346462904286868,3.472777905695735,12.621320343559642
3834,25,1.1283791670955126,10097.0,430.0,45.00001609038752,0.0,0.0,0.0
3835,25,1.1283791670955126,10105.0,430.0,45.00001609038752,0.0,0.0,0.0
3836,50,1.5957691216057308,10219.0,430.5,0.0,2.0,0.0,0.0
3837,25,1.1283791670955126,11811.0,430.0,45.00001609038752,0.0,0.0,0.0
3838,25,1.1283791670955126,511.0,431.0,45.00001609038752,0.0,0.0,0.0
3839,25,1.1283791670955126,6572.0,431.0,45.00001609038752,0.0,0.0,0.0
3840,700,5.970821321441846,9892.42857142857,435.35714285714283,-8.285028091785142,12.019952357387313,4.807554686203071,24.27817459305202
3841,25,1.1283791670955126,11740.0,431.0,45.00001609038752,0.0,0.0,0.0
3842,100,2.256758334191025,3642.0,432.5,-58.28254642828171,3.23606797749979,1.2360679774997898,4.414213562373095
3843,100,2.256758334191025,3739.5,432.5,45.00001609038752,2.0,2.0,4.0
3844,75,1.9544100476116797,4314.333333333333,432.6666666666667,-45.00001609038752,2.3094010767585034,1.3333333333333333,3.414213562373095
3845,125,2.5231325220201604,4317.4,433.4,-20.99361375446966,4.34169545110285,1.2765894445250698,4.207106781186548
3846,75,1.9544100476116797,4344.0,433.0,0.0,3.265986323710904,0.0,1.0
3847,25,1.1283791670955126,6567.0,432.0,45.00001609038752,0.0,0.0,0.0
3848,50,1.5957691216057308,6960.0,432.5,0.0,2.0,0.0,0.0
3849,25,1.1283791670955126,8756.0,432.0,45.00001609038752,0.0,0.0,0.0
3850,25,1.1283791670955126,9792.0,432.0,45.00001609038752,0.0,0.0,0.0
3851,50,1.5957691216057308,9802.5,432.0,90.00003218077504,2.0,0.0,0.0
3852,25,1.1283791670955126,9832.0,432.0,45.00001609038752,0.0,0.0,0.0
3853,25,1.1283791670955126,9873.0,432.0,45.00001609038752,0.0,0.0,0.0
3854,225,3.385137501286538,10069.444444444445,432.6666666666667,-83.95265147994313,4.277662731533559,2.643019518000728,7.621320343559642
3855,75,1.9544100476116797,10220.0,433.0,0.0,3.265986323710904,0.0,1.0
3856,150,2.763953195770684,11741.5,433.5,18.43495541459913,3.9999999999999996,1.632993161855452,6.414213562373095
3857,25,1.1283791670955126,11810.0,432.0,45.00001609038752,0.0,0.0,0.0
3858,5639975,535.949221524491,3884.723660122607,825.7536912840926,17.92312343065384,725.7888702796932,409.91288939101474,3272.587191395652
3859,150,2.763953195770684,4110.5,434.0,0.0,3.265986323710904,2.0,6.0
3860,25,1.1283791670955126,5554.0,433.0,45.00001609038752,0.0,0.0,0.0
3861,25,1.1283791670955126,6580.0,433.0,45.00001609038752,0.0,0.0,0.0
3862,25,1.1283791670955126,10028.0,433.0,45.00001609038752,0.0,0.0,0.0
3863,25,1.1283791670955126,10066.0,433.0,45.00001609038752,0.0,0.0,0.0
3864,25,1.1283791670955126,3743.0,434.0,45.00001609038752,0.0,0.0,0.0
3865,25,1.1283791670955126,4084.0,434.0,45.00001609038752,0.0,0.0,0.0
3866,25,1.1283791670955126,5551.0,434.0,45.00001609038752,0.0,0.0,0.0
3867,25,1.1283791670955126,5561.0,434.0,45.00001609038752,0.0,0.0,0.0
3868,75,1.9544100476116797,6601.0,435.0,0.0,3.265986323710904,0.0,1.0
3869,50,1.5957691216057308,6961.0,434.5,0.0,2.0,0.0,0.0
3870,25,1.1283791670955126,5550.0,435.0,45.00001609038752,0.0,0.0,0.0
3871,25,1.1283791670955126,5563.0,435.0,45.00001609038752,0.0,0.0,0.0
3872,200,3.1915382432114616,8747.25,436.625,19.329911038726113,4.1204045563213505,2.4025541184843804,7.035533905932738
3873,25,1.1283791670955126,9808.0,435.0,45.00001609038752,0.0,0.0,0.0
3874,25,1.1283791670955126,9869.0,435.0,45.00001609038752,0.0,0.0,0.0
3875,350,4.222008245644752,10221.714285714286,438.5,19.715581342756693,8.728748609928319,2.05356055912178,14.621320343559644
3876,75,1.9544100476116797,4345.0,437.0,0.0,3.265986323710904,0.0,1.0
3877,25,1.1283791670955126,5549.0,436.0,45.00001609038752,0.0,0.0,0.0
3878,25,1.1283791670955126,5564.0,436.0,45.00001609038752,0.0,0.0,0.0
3879,50,1.5957691216057308,6609.0,436.5,0.0,2.0,0.0,0.0
3880,25,1.1283791670955126,8145.0,436.0,45.00001609038752,0.0,0.0,0.0
3881,75,1.9544100476116797,9777.666666666666,436.3333333333333,-45.00001609038752,2.3094010767585034,1.3333333333333333,3.414213562373095
3882,75,1.9544100476116797,9809.666666666666,436.6666666666667,45.00001609038752,2.3094010767585034,1.3333333333333333,3.414213562373095
3883,100,2.256758334191025,9813.0,436.5,-58.28254642828171,3.23606797749979,1.2360679774997898,4.414213562373095
3884,100,2.256758334191025,9826.0,436.75,90.00003218077504,2.8284271247461903,1.7320508075688772,4.621320343559642
3885,25,1.1283791670955126,9860.0,436.0,45.00001609038752,0.0,0.0,0.0
3886,25,1.1283791670955126,9895.0,436.0,45.00001609038752,0.0,0.0,0.0
3887,125,2.5231325220201604,10043.4,437.2,18.43495541459913,3.098386676965933,1.7888543819998317,5.207106781186548
3888,50,1.5957691216057308,11695.0,436.5,0.0,2.0,0.0,0.0
3889,5325,16.46815177937675,11745.394366197183,456.3755868544601,21.52184126701851,35.8933158500961,11.556536779800345,110.8761543394987
3890,25,1.1283791670955126,11743.0,436.0,45.00001609038752,0.0,0.0,0.0
3891,25,1.1283791670955126,894.0,437.0,45.00001609038752,0.0,0.0,0.0
3892,25,1.1283791670955126,4085.0,437.0,45.00001609038752,0.0,0.0,0.0
3893,25,1.1283791670955126,5548.0,437.0,45.00001609038752,0.0,0.0,0.0
3894,25,1.1283791670955126,9776.0,437.0,45.00001609038752,0.0,0.0,0.0
3895,550,5.292567428401227,9788.545454545454,441.72727272727275,-19.032045778396135,10.435001718406303,4.18616319287166,21.242640687119284
3896,25,1.1283791670955126,895.0,438.0,45.00001609038752,0.0,0.0,0.0
3897,25,1.1283791670955126,9824.0,438.0,45.00001609038752,0.0,0.0,0.0
3898,25,1.1283791670955126,9872.0,438.0,45.00001609038752,0.0,0.0,0.0
3899,25,1.1283791670955126,10209.0,438.0,45.00001609038752,0.0,0.0,0.0
3900,25,1.1283791670955126,11807.0,438.0,45.00001609038752,0.0,0.0,0.0
3901,25,1.1283791670955126,11877.0,438.0,45.00001609038752,0.0,0.0,0.0
3902,25,1.1283791670955126,5548.0,439.0,45.00001609038752,0.0,0.0,0.0
3903,250,3.5682482323055424,3651.7,440.9,-74.74490802303345,5.215361924162119,2.529822128134704,8.82842712474619
3904,50,1.5957691216057308,3656.5,440.0,90.00003218077504,2.0,0.0,0.0
3905,100,2.256758334191025,3705.0,440.5,-58.28254642828171,3.23606797749979,1.2360679774997898,4.414213562373095
3906,25,1.1283791670955126,3757.0,440.0,45.00001609038752,0.0,0.0,0.0
3907,150,2.763953195770684,4086.1666666666665,441.5,30.963767603603344,4.320493798938573,1.8856180831641272,6.621320343559642
3908,175,2.985410660720923,4315.571428571428,440.57142857142856,-87.95722306035252,4.71459177171839,1.9735940326311023,7.207106781186548
3909,25,1.1283791670955126,6955.0,440.0,45.00001609038752,0.0,0.0,0.0
3910,25,1.1283791670955126,9107.0,440.0,45.00001609038752,0.0,0.0,0.0
3911,50,1.5957691216057308,9809.5,440.0,90.00003218077504,2.0,0.0,0.0
3912,25,1.1283791670955126,9822.0,440.0,45.00001609038752,0.0,0.0,0.0
3913,950,6.955796338302048,9828.5,444.0263157894737,-60.34038001304061,7.910872255171952,7.5628363405637185,26.520815280171306
3914,25,1.1283791670955126,9833.0,440.0,45.00001609038752,0.0,0.0,0.0
3915,25,1.1283791670955126,9847.0,440.0,45.00001609038752,0.0,0.0,0.0
3916,200,3.1915382432114616,10046.875,440.875,-76.24402595019616,5.592857867650027,2.054249466901523,8.414213562373096
3917,25,1.1283791670955126,10051.0,440.0,45.00001609038752,0.0,0.0,0.0
3918,3550,13.446189622059965,10064.80985915493,449.48591549295776,-30.78439399788724,19.995089607467257,12.246671308711194,71.97665940288701
3919,25,1.1283791670955126,11697.0,440.0,45.00001609038752,0.0,0.0,0.0
3920,375,4.370193722368317,11729.4,441.06666666666666,-88.03066193467346,7.277225825654671,3.078561326006067,12.414213562373096
3921,25,1.1283791670955126,11806.0,440.0,45.00001609038752,0.0,0.0,0.0
3922,25,1.1283791670955126,503.0,441.0,45.00001609038752,0.0,0.0,0.0
3923,25,1.1283791670955126,3643.0,441.0,45.00001609038752,0.0,0.0,0.0
3924,50,1.5957691216057308,3758.0,441.5,0.0,2.0,0.0,0.0
3925,250,3.5682482323055424,5556.0,442.2,0.0,3.9191835884530852,3.0983866769659336,8.82842712474619
3926,25,1.1283791670955126,9115.0,441.0,45.00001609038752,0.0,0.0,0.0
3927,25,1.1283791670955126,9811.0,441.0,45.00001609038752,0.0,0.0,0.0
3928,25,1.1283791670955126,9813.0,441.0,45.00001609038752,0.0,0.0,0.0
3929,25,1.1283791670955126,9824.0,441.0,45.00001609038752,0.0,0.0,0.0
3930,25,1.1283791670955126,9832.0,441.0,45.00001609038752,0.0,0.0,0.0
3931,25,1.1283791670955126,9869.0,441.0,45.00001609038752,0.0,0.0,0.0
3932,25,1.1283791670955126,9871.0,441.0,45.00001609038752,0.0,0.0,0.0
3933,1050,7.312732791431452,10055.380952380952,444.07142857142856,47.90197758543366,8.781658653952622,6.5394615568301555,26.14213562373095
3934,50,1.5957691216057308,10060.5,441.0,90.00003218077504,2.0,0.0,0.0
3935,25,1.1283791670955126,11805.0,441.0,45.00001609038752,0.0,0.0,0.0
3936,275,3.742410318509555,3643.6363636363635,444.1818181818182,17.07985337997609,4.849303927302935,3.8166603266132424,9.242640687119284
3937,25,1.1283791670955126,9880.0,442.0,45.00001609038752,0.0,0.0,0.0
3938,17175,29.575590733458846,3654.2663755458516,478.74963609898106,8.024592364211184,75.07256825513959,17.481713232313965,277.6639969244288
3939,175,2.985410660720923,6614.714285714285,444.0,0.0,3.0237157840738176,2.799416848895061,6.82842712474619
3940,50,1.5957691216057308,9805.0,443.5,0.0,2.0,0.0,0.0
3941,4000,14.27299292922217,9842.3875,456.80625,-18.608386210323054,32.089508803605504,11.897911570663368,96.08326112068522
3942,25,1.1283791670955126,11804.0,443.0,45.00001609038752,0.0,0.0,0.0
3943,25,1.1283791670955126,3610.0,444.0,45.00001609038752,0.0,0.0,0.0
3944,300,3.9088200952233594,3662.4166666666665,444.75,-89.07952374817208,8.400691806938735,2.8839670687650565,11.207106781186548
3945,50,1.5957691216057308,5548.0,444.5,0.0,2.0,0.0,0.0
3946,275,3.742410318509555,9802.545454545454,445.3636363636364,71.56507676617589,3.9999999999999996,3.468869823334348,9.65685424949238
3947,275,3.742410318509555,9809.454545454546,445.1818181818182,-81.86992691958578,5.2570299253821675,2.793143908315858,9.414213562373096
3948,25,1.1283791670955126,9814.0,444.0,45.00001609038752,0.0,0.0,0.0
3949,50,1.5957691216057308,9840.0,444.5,0.0,2.0,0.0,0.0
3950,300,3.9088200952233594,9868.25,447.0,-6.6675555546010505,7.161712614759849,2.245708297380356,12.621320343559644
3951,50,1.5957691216057308,11803.0,444.5,0.0,2.0,0.0,0.0
3952,175,2.985410660720923,3640.0,445.7142857142857,56.599315494703966,4.775697639134843,2.808307250031999,6.207106781186548
3953,25,1.1283791670955126,3747.0,445.0,45.00001609038752,0.0,0.0,0.0
3954,25,1.1283791670955126,9815.0,445.0,45.00001609038752,0.0,0.0,0.0
3955,9700,22.22649192646566,9822.63144329897,462.0180412371134,-21.686343208576663,37.104020952005044,20.3434349308229,165.0243866176395
3956,25,1.1283791670955126,10062.0,445.0,45.00001609038752,0.0,0.0,0.0
3957,50,1.5957691216057308,3622.5,446.0,90.00003218077504,2.0,0.0,0.0
3958,25,1.1283791670955126,9107.0,446.0,45.00001609038752,0.0,0.0,0.0
3959,25,1.1283791670955126,9842.0,446.0,45.00001609038752,0.0,0.0,0.0
3960,25,1.1283791670955126,11746.0,446.0,45.00001609038752,0.0,0.0,0.0
3961,25,1.1283791670955126,11802.0,446.0,45.00001609038752,0.0,0.0,0.0
3962,175,2.985410660720923,3664.285714285714,448.7142857142857,-45.00001609038752,5.656854249492381,1.3997084244475309,7.414213562373095
3963,150,2.763953195770684,4309.5,447.6666666666667,90.00003218077504,3.8297084310253524,1.8856180831641272,6.414213562373095
3964,25,1.1283791670955126,5549.0,447.0,45.00001609038752,0.0,0.0,0.0
3965,25,1.1283791670955126,11801.0,447.0,45.00001609038752,0.0,0.0,0.0
3966,25,1.1283791670955126,3606.0,448.0,45.00001609038752,0.0,0.0,0.0
3967,50,1.5957691216057308,3623.5,448.0,90.00003218077504,2.0,0.0,0.0
3968,6050,17.55346033766304,3638.789256198347,469.26446280991735,13.91754575212309,54.40754395230734,10.05962803505976,145.2609306503489
3969,25,1.1283791670955126,3644.0,448.0,45.00001609038752,0.0,0.0,0.0
3970,25,1.1283791670955126,4313.0,448.0,45.00001609038752,0.0,0.0,0.0
3971,50,1.5957691216057308,4315.5,448.0,90.00003218077504,2.0,0.0,0.0
3972,25,1.1283791670955126,5565.0,448.0,45.00001609038752,0.0,0.0,0.0
3973,375,4.370193722368317,6580.666666666667,452.53333333333336,-0.1699143776465398,11.110803000451124,1.885338465530997,15.621320343559644
3974,25,1.1283791670955126,6621.0,448.0,45.00001609038752,0.0,0.0,0.0
3975,7375,19.38054864282415,6915.366101694915,491.40677966101697,3.2895461695296806,97.69535280014897,5.841314424893761,208.25483399593904
3976,25,1.1283791670955126,6971.0,448.0,45.00001609038752,0.0,0.0,0.0
3977,25,1.1283791670955126,9777.0,448.0,45.00001609038752,0.0,0.0,0.0
3978,25,1.1283791670955126,9843.0,448.0,45.00001609038752,0.0,0.0,0.0
3979,25,1.1283791670955126,10023.0,448.0,45.00001609038752,0.0,0.0,0.0
3980,2525,11.340070282773887,10048.465346534653,455.970297029703,11.31137203529561,16.265104087385378,10.958390679637791,62.248737341529164
3981,25,1.1283791670955126,10053.0,448.0,45.00001609038752,0.0,0.0,0.0
3982,25,1.1283791670955126,10208.0,448.0,45.00001609038752,0.0,0.0,0.0
3983,4609425,484.5163439344798,10402.201576118496,703.7654208496722,-61.26501498996536,633.1395971105753,388.2769521473883,2484.9150057757606
3984,25,1.1283791670955126,11747.0,448.0,45.00001609038752,0.0,0.0,0.0
3985,25,1.1283791670955126,11800.0,448.0,45.00001609038752,0.0,0.0,0.0
3986,25,1.1283791670955126,3622.0,449.0,45.00001609038752,0.0,0.0,0.0
3987,25,1.1283791670955126,4307.0,449.0,45.00001609038752,0.0,0.0,0.0
3988,25,1.1283791670955126,4319.0,449.0,45.00001609038752,0.0,0.0,0.0
3989,50,1.5957691216057308,4323.5,449.0,90.00003218077504,2.0,0.0,0.0
3990,25,1.1283791670955126,5550.0,449.0,45.00001609038752,0.0,0.0,0.0
3991,25,1.1283791670955126,6622.0,449.0,45.00001609038752,0.0,0.0,0.0
3992,25,1.1283791670955126,9790.0,449.0,45.00001609038752,0.0,0.0,0.0
3993,25,1.1283791670955126,9839.0,449.0,45.00001609038752,0.0,0.0,0.0
3994,25,1.1283791670955126,10058.0,449.0,45.00001609038752,0.0,0.0,0.0
3995,25,1.1283791670955126,11748.0,449.0,45.00001609038752,0.0,0.0,0.0
3996,225,3.385137501286538,3644.1111111111113,451.1111111111111,45.00001609038752,4.618802153517007,3.2049344670791013,8.621320343559642
3997,25,1.1283791670955126,4091.0,450.0,45.00001609038752,0.0,0.0,0.0
3998,25,1.1283791670955126,4306.0,450.0,45.00001609038752,0.0,0.0,0.0
3999,25,1.1283791670955126,4328.0,450.0,45.00001609038752,0.0,0.0,0.0
4000,25,1.1283791670955126,5551.0,450.0,45.00001609038752,0.0,0.0,0.0
4001,25,1.1283791670955126,9804.0,450.0,45.00001609038752,0.0,0.0,0.0
4002,25,1.1283791670955126,11799.0,450.0,45.00001609038752,0.0,0.0,0.0
4003,3225,12.815923738491737,3664.1317829457366,460.71317829457365,12.585024992281129,19.381561201632255,9.635272170487857,64.5269119345812
4004,25,1.1283791670955126,4330.0,451.0,45.00001609038752,0.0,0.0,0.0
4005,50,1.5957691216057308,5552.5,451.0,90.00003218077504,2.0,0.0,0.0
4006,50,1.5957691216057308,5562.5,451.0,90.00003218077504,2.0,0.0,0.0
4007,100,2.256758334191025,6619.5,451.5,45.00001609038752,2.0,2.0,4.0
4008,50,1.5957691216057308,9869.5,451.0,90.00003218077504,2.0,0.0,0.0
4009,25,1.1283791670955126,10042.0,451.0,45.00001609038752,0.0,0.0,0.0
4010,25,1.1283791670955126,10209.0,451.0,45.00001609038752,0.0,0.0,0.0
4011,25,1.1283791670955126,11798.0,451.0,45.00001609038752,0.0,0.0,0.0
4012,25,1.1283791670955126,4092.0,452.0,45.00001609038752,0.0,0.0,0.0
4013,25,1.1283791670955126,4305.0,452.0,45.00001609038752,0.0,0.0,0.0
4014,25,1.1283791670955126,4331.0,452.0,45.00001609038752,0.0,0.0,0.0
4015,25,1.1283791670955126,5556.0,452.0,45.00001609038752,0.0,0.0,0.0
4016,25,1.1283791670955126,5561.0,452.0,45.00001609038752,0.0,0.0,0.0
4017,25,1.1283791670955126,9802.0,452.0,45.00001609038752,0.0,0.0,0.0
4018,50,1.5957691216057308,10038.0,452.5,0.0,2.0,0.0,0.0
4019,50,1.5957691216057308,10040.0,452.5,0.0,2.0,0.0,0.0
4020,25,1.1283791670955126,10054.0,452.0,45.00001609038752,0.0,0.0,0.0
4021,25,1.1283791670955126,11750.0,452.0,45.00001609038752,0.0,0.0,0.0
4022,25,1.1283791670955126,11797.0,452.0,45.00001609038752,0.0,0.0,0.0
4023,25,1.1283791670955126,3627.0,453.0,45.00001609038752,0.0,0.0,0.0
4024,100,2.256758334191025,5558.0,453.25,90.00003218077504,2.8284271247461903,1.7320508075688772,4.621320343559642
4025,25,1.1283791670955126,6622.0,453.0,45.00001609038752,0.0,0.0,0.0
4026,100,2.256758334191025,10074.0,453.5,-58.28254642828171,3.23606797749979,1.2360679774997898,4.414213562373095
4027,25,1.1283791670955126,11751.0,453.0,45.00001609038752,0.0,0.0,0.0
4028,25,1.1283791670955126,11796.0,453.0,45.00001609038752,0.0,0.0,0.0
4029,50,1.5957691216057308,3246.5,454.0,90.00003218077504,2.0,0.0,0.0
4030,50,1.5957691216057308,3628.5,454.0,90.00003218077504,2.0,0.0,0.0
4031,50,1.5957691216057308,3666.5,454.0,90.00003218077504,2.0,0.0,0.0
4032,25,1.1283791670955126,4304.0,454.0,45.00001609038752,0.0,0.0,0.0
4033,25,1.1283791670955126,4333.0,454.0,45.00001609038752,0.0,0.0,0.0
4034,25,1.1283791670955126,6621.0,454.0,45.00001609038752,0.0,0.0,0.0
4035,150,2.763953195770684,11753.0,455.5,39.69018655370586,4.8496611975202075,1.3468925727763872,6.414213562373095
4036,25,1.1283791670955126,11795.0,454.0,45.00001609038752,0.0,0.0,0.0
4037,625,5.641895835477563,11807.6,458.28,17.616366915030643,10.088972108440892,4.232994424175603,20.65685424949238
4038,25,1.1283791670955126,3245.0,455.0,45.00001609038752,0.0,0.0,0.0
4039,25,1.1283791670955126,3248.0,455.0,45.00001609038752,0.0,0.0,0.0
4040,25,1.1283791670955126,3643.0,455.0,45.00001609038752,0.0,0.0,0.0
4041,25,1.1283791670955126,4094.0,455.0,45.00001609038752,0.0,0.0,0.0
4042,25,1.1283791670955126,4334.0,455.0,45.00001609038752,0.0,0.0,0.0
4043,600,5.527906391541368,9793.125,458.0416666666667,-12.78198255154659,7.268898494808356,4.642413549120944,18.485281374238568
4044,25,1.1283791670955126,9812.0,455.0,45.00001609038752,0.0,0.0,0.0
4045,25,1.1283791670955126,9851.0,455.0,45.00001609038752,0.0,0.0,0.0
4046,25,1.1283791670955126,10039.0,455.0,45.00001609038752,0.0,0.0,0.0
4047,50,1.5957691216057308,11794.0,455.5,0.0,2.0,0.0,0.0
4048,50,1.5957691216057308,430.0,456.5,0.0,2.0,0.0,0.0
4049,50,1.5957691216057308,3670.0,456.5,0.0,2.0,0.0,0.0
4050,25,1.1283791670955126,4303.0,456.0,45.00001609038752,0.0,0.0,0.0
4051,700,5.970821321441846,7799.821428571428,460.14285714285717,-21.259189732399715,9.92010275681259,4.093266006552924,17.899494936611664
4052,25,1.1283791670955126,9790.0,456.0,45.00001609038752,0.0,0.0,0.0
4053,25,1.1283791670955126,9808.0,456.0,45.00001609038752,0.0,0.0,0.0
4054,125,2.5231325220201604,9828.8,456.6,71.5650767661759,3.098386676965933,1.7888543819998317,5.207106781186548
4055,25,1.1283791670955126,9847.0,456.0,45.00001609038752,0.0,0.0,0.0
4056,25,1.1283791670955126,9878.0,456.0,45.00001609038752,0.0,0.0,0.0
4057,25,1.1283791670955126,10024.0,456.0,45.00001609038752,0.0,0.0,0.0
4058,75,1.9544100476116797,10036.333333333334,456.3333333333333,45.00001609038752,2.3094010767585034,1.3333333333333333,3.414213562373095
4059,25,1.1283791670955126,10040.0,456.0,45.00001609038752,0.0,0.0,0.0
4060,25,1.1283791670955126,11879.0,456.0,45.00001609038752,0.0,0.0,0.0
4061,25,1.1283791670955126,3241.0,457.0,45.00001609038752,0.0,0.0,0.0
4062,50,1.5957691216057308,3255.5,457.0,90.00003218077504,2.0,0.0,0.0
4063,175,2.985410660720923,3642.1428571428573,459.0,0.0,4.27617987059879,2.5555062599997598,6.207106781186548
4064,25,1.1283791670955126,3690.0,457.0,45.00001609038752,0.0,0.0,0.0
4065,25,1.1283791670955126,6889.0,457.0,45.00001609038752,0.0,0.0,0.0
4066,25,1.1283791670955126,9810.0,457.0,45.00001609038752,0.0,0.0,0.0
4067,25,1.1283791670955126,9836.0,457.0,45.00001609038752,0.0,0.0,0.0
4068,650,5.753627391751592,9850.192307692309,459.5,-78.94530405612596,7.941346825033402,4.710567744375872,18.071067811865476
4069,25,1.1283791670955126,10023.0,457.0,45.00001609038752,0.0,0.0,0.0
4070,25,1.1283791670955126,10070.0,457.0,45.00001609038752,0.0,0.0,0.0
4071,275,3.742410318509555,10227.545454545454,459.27272727272725,3.057752876485173,6.410747983365109,1.964939688573319,11.207106781186548
4072,25,1.1283791670955126,11708.0,457.0,45.00001609038752,0.0,0.0,0.0
4073,25,1.1283791670955126,11793.0,457.0,45.00001609038752,0.0,0.0,0.0
4074,25,1.1283791670955126,11878.0,457.0,45.00001609038752,0.0,0.0,0.0
4075,25,1.1283791670955126,3239.0,458.0,45.00001609038752,0.0,0.0,0.0
4076,25,1.1283791670955126,3257.0,458.0,45.00001609038752,0.0,0.0,0.0
4077,25,1.1283791670955126,4096.0,458.0,45.00001609038752,0.0,0.0,0.0
4078,25,1.1283791670955126,4137.0,458.0,45.00001609038752,0.0,0.0,0.0
4079,25,1.1283791670955126,6979.0,458.0,45.00001609038752,0.0,0.0,0.0
4080,25,1.1283791670955126,9781.0,458.0,45.00001609038752,0.0,0.0,0.0
4081,25,1.1283791670955126,10054.0,458.0,45.00001609038752,0.0,0.0,0.0
4082,2075,10.280023453913834,10071.89156626506,463.4096385542169,-54.36152425833704,13.956159653976767,10.350058267008865,50.62741699796952
4083,25,1.1283791670955126,11755.0,458.0,45.00001609038752,0.0,0.0,0.0
4084,25,1.1283791670955126,11792.0,458.0,45.00001609038752,0.0,0.0,0.0
4085,25,1.1283791670955126,11893.0,458.0,45.00001609038752,0.0,0.0,0.0
4086,25,1.1283791670955126,3258.0,459.0,45.00001609038752,0.0,0.0,0.0
4087,25,1.1283791670955126,3653.0,459.0,45.00001609038752,0.0,0.0,0.0
4088,25,1.1283791670955126,4097.0,459.0,45.00001609038752,0.0,0.0,0.0
4089,75,1.9544100476116797,4336.333333333333,459.6666666666667,-45.00001609038752,2.3094010767585034,1.3333333333333333,3.414213562373095
4090,25,1.1283791670955126,9842.0,459.0,45.00001609038752,0.0,0.0,0.0
4091,975,7.046725639945928,9879.25641025641,462.38461538461536,25.205479497465657,9.331450966967653,6.970089132084187,29.106601717798213
4092,400,4.51351666838205,9894.6875,460.625,-77.66082314893538,8.002198556252912,2.674381847512397,11.863961030678928
4093,2075,10.280023453913834,10031.144578313253,462.9156626506024,-66.47852823960578,19.459832778849904,9.760957736756763,55.04163056034261
4094,575,5.4115163798060095,10058.608695652174,460.6521739130435,89.65940732973797,10.66431450384989,3.460306260202212,19.242640687119284
4095,25,1.1283791670955126,10066.0,459.0,45.00001609038752,0.0,0.0,0.0
4096,175,2.985410660720923,11707.857142857143,460.2857142857143,59.527323334368745,3.582070095417669,2.4713456540351713,6.207106781186548
4097,25,1.1283791670955126,11756.0,459.0,45.00001609038752,0.0,0.0,0.0
4098,50,1.5957691216057308,11790.5,459.0,90.00003218077504,2.0,0.0,0.0
4099,14725,27.384997568906428,11793.11375212224,474.16638370118847,-39.81153042630765,34.06619751241924,28.34852350310844,177.81727983645297
4100,125,2.5231325220201604,429.4,460.6,69.00641842630537,4.34169545110285,1.2765894445250698,4.207106781186548
4101,25,1.1283791670955126,3259.0,460.0,45.00001609038752,0.0,0.0,0.0
4102,50,1.5957691216057308,3536.0,460.5,0.0,2.0,0.0,0.0
4103,375,4.370193722368317,3687.9333333333334,462.6666666666667,-5.41372848766732,5.9825936213138124,3.0484451785557374,12.242640687119284
4104,25,1.1283791670955126,4098.0,460.0,45.00001609038752,0.0,0.0,0.0
4105,25,1.1283791670955126,4136.0,460.0,45.00001609038752,0.0,0.0,0.0
4106,50,1.5957691216057308,6601.0,460.5,0.0,2.0,0.0,0.0
4107,75,1.9544100476116797,6896.666666666667,460.6666666666667,45.00001609038752,2.3094010767585034,1.3333333333333333,3.414213562373095
4108,100,2.256758334191025,9886.5,460.5,45.00001609038752,2.0,2.0,4.0
4109,25,1.1283791670955126,11754.0,460.0,45.00001609038752,0.0,0.0,0.0
4110,25,1.1283791670955126,11757.0,460.0,45.00001609038752,0.0,0.0,0.0
4111,25,1.1283791670955126,11789.0,460.0,45.00001609038752,0.0,0.0,0.0
4112,25,1.1283791670955126,3260.0,461.0,45.00001609038752,0.0,0.0,0.0
4113,25,1.1283791670955126,3656.0,461.0,45.00001609038752,0.0,0.0,0.0
4114,25,1.1283791670955126,4099.0,461.0,45.00001609038752,0.0,0.0,0.0
4115,25,1.1283791670955126,4135.0,461.0,45.00001609038752,0.0,0.0,0.0
4116,50,1.5957691216057308,4301.0,461.5,0.0,2.0,0.0,0.0
4117,350,4.222008245644752,6981.0,464.5,18.013693133600682,6.989938739639124,3.161945488656482,11.035533905932738
4118,25,1.1283791670955126,9810.0,461.0,45.00001609038752,0.0,0.0,0.0
4119,25,1.1283791670955126,11755.0,461.0,45.00001609038752,0.0,0.0,0.0
4120,25,1.1283791670955126,11758.0,461.0,45.00001609038752,0.0,0.0,0.0
4121,25,1.1283791670955126,11787.0,461.0,45.00001609038752,0.0,0.0,0.0
4122,25,1.1283791670955126,3235.0,462.0,45.00001609038752,0.0,0.0,0.0
4123,25,1.1283791670955126,3261.0,462.0,45.00001609038752,0.0,0.0,0.0
4124,25,1.1283791670955126,3537.0,462.0,45.00001609038752,0.0,0.0,0.0
4125,1325,8.214724333230155,3538.5849056603774,467.20754716981133,-21.196823617873516,12.99714404488907,6.501514430856225,35.798989873223334
4126,25,1.1283791670955126,4100.0,462.0,45.00001609038752,0.0,0.0,0.0
4127,25,1.1283791670955126,4134.0,462.0,45.00001609038752,0.0,0.0,0.0
4128,275,3.742410318509555,6602.909090909091,464.09090909090907,9.41235837464091,6.560182134037132,2.4807444473157916,11.035533905932738
4129,50,1.5957691216057308,6898.5,462.0,90.00003218077504,2.0,0.0,0.0
4130,25,1.1283791670955126,9809.0,462.0,45.00001609038752,0.0,0.0,0.0
4131,50,1.5957691216057308,9811.0,462.5,0.0,2.0,0.0,0.0
4132,250,3.5682482323055424,9832.3,463.9,-30.127570124064544,3.8587512539327755,3.5085664822363323,9.242640687119284
4133,100,2.256758334191025,9885.0,462.5,58.28254642828171,3.23606797749979,1.2360679774997898,4.414213562373095
4134,25,1.1283791670955126,11756.0,462.0,45.00001609038752,0.0,0.0,0.0
4135,25,1.1283791670955126,11759.0,462.0,45.00001609038752,0.0,0.0,0.0
4136,25,1.1283791670955126,11785.0,462.0,45.00001609038752,0.0,0.0,0.0
4137,25,1.1283791670955126,4101.0,463.0,45.00001609038752,0.0,0.0,0.0
4138,25,1.1283791670955126,4133.0,463.0,45.00001609038752,0.0,0.0,0.0
4139,25,1.1283791670955126,4300.0,463.0,45.00001609038752,0.0,0.0,0.0
4140,1050,7.312732791431452,10039.714285714286,466.0952380952381,-57.657861080556636,9.168766727837292,6.218757570081596,22.692388155425117
4141,175,2.985410660720923,10064.857142857143,463.85714285714283,-75.12758621445208,4.0456382356289255,2.415966245432733,6.035533905932738
4142,275,3.742410318509555,11757.818181818182,465.90909090909093,-2.1611393024912204,7.3314951015140855,2.8519251562998837,11.414213562373096
4143,50,1.5957691216057308,11760.5,463.0,90.00003218077504,2.0,0.0,0.0
4144,25,1.1283791670955126,11782.0,463.0,45.00001609038752,0.0,0.0,0.0
4145,25,1.1283791670955126,3262.0,464.0,45.00001609038752,0.0,0.0,0.0
4146,25,1.1283791670955126,4132.0,464.0,45.00001609038752,0.0,0.0,0.0
4147,150,2.763953195770684,6606.5,465.0,0.0,3.265986323710904,2.0,6.0
4148,525,5.170882945826411,7794.380952380952,466.3333333333333,30.467280023276274,7.261984533567014,3.942684335900538,16.242640687119284
4149,25,1.1283791670955126,7808.0,464.0,45.00001609038752,0.0,0.0,0.0
4150,25,1.1283791670955126,9790.0,464.0,45.00001609038752,0.0,0.0,0.0
4151,75,1.9544100476116797,9793.666666666666,464.3333333333333,-45.00001609038752,2.3094010767585034,1.3333333333333333,3.414213562373095
4152,25,1.1283791670955126,9808.0,464.0,45.00001609038752,0.0,0.0,0.0
4153,25,1.1283791670955126,10022.0,464.0,45.00001609038752,0.0,0.0,0.0
4154,100,2.256758334191025,10033.75,464.75,18.43495541459913,3.4641016151377544,1.4142135623730951,3.2071067811865475
4155,50,1.5957691216057308,10048.5,464.0,90.00003218077504,2.0,0.0,0.0
4156,150,2.763953195770684,11768.5,464.3333333333333,90.00003218077504,3.8297084310253524,1.8856180831641272,6.414213562373095
4157,25,1.1283791670955126,11772.0,464.0,45.00001609038752,0.0,0.0,0.0
4158,25,1.1283791670955126,11776.0,464.0,45.00001609038752,0.0,0.0,0.0
4159,25,1.1283791670955126,11780.0,464.0,45.00001609038752,0.0,0.0,0.0
4160,25,1.1283791670955126,4104.0,465.0,45.00001609038752,0.0,0.0,0.0
4161,25,1.1283791670955126,4131.0,465.0,45.00001609038752,0.0,0.0,0.0
4162,17450,29.811427376513585,9155.044412607449,491.58595988538684,6.644857313473521,59.288018316958485,16.010079513243912,140.9827560572969
4163,25,1.1283791670955126,10021.0,465.0,45.00001609038752,0.0,0.0,0.0
4164,50,1.5957691216057308,10084.5,465.0,90.00003218077504,2.0,0.0,0.0
4165,25,1.1283791670955126,11722.0,465.0,45.00001609038752,0.0,0.0,0.0
4166,13250,25.977239243415305,11755.718867924528,499.2566037735849,-5.0803540924317705,76.83083057895188,15.735661443934257,319.68733752154174
4167,100,2.256758334191025,11778.0,465.25,90.00003218077504,2.8284271247461903,1.7320508075688772,4.621320343559642
4168,50,1.5957691216057308,4105.5,466.0,90.00003218077504,2.0,0.0,0.0
4169,25,1.1283791670955126,4130.0,466.0,45.00001609038752,0.0,0.0,0.0
4170,25,1.1283791670955126,6898.0,466.0,45.00001609038752,0.0,0.0,0.0
4171,25,1.1283791670955126,11719.0,466.0,45.00001609038752,0.0,0.0,0.0
4172,8725,21.079862454783044,11769.048710601719,488.7106017191977,-10.103464822839015,53.32240709089284,13.4448547805128,141.43250352560273
4173,1325,8.214724333230155,11813.566037735849,470.1509433962264,84.65797459958742,13.02601423377627,7.995396848674094,38.48528137423857
4174,25,1.1283791670955126,4108.0,467.0,45.00001609038752,0.0,0.0,0.0
4175,25,1.1283791670955126,4129.0,467.0,45.00001609038752,0.0,0.0,0.0
4176,25,1.1283791670955126,4299.0,467.0,45.00001609038752,0.0,0.0,0.0
4177,25,1.1283791670955126,8189.0,467.0,45.00001609038752,0.0,0.0,0.0
4178,150,2.763953195770684,2173.0,468.5,90.00003218077504,3.265986323710904,2.0,6.0
4179,100,2.256758334191025,3544.5,468.5,45.00001609038752,2.0,2.0,4.0
4180,25,1.1283791670955126,4111.0,468.0,45.00001609038752,0.0,0.0,0.0
4181,50,1.5957691216057308,4127.5,468.0,90.00003218077504,2.0,0.0,0.0
4182,50,1.5957691216057308,6582.0,468.5,0.0,2.0,0.0,0.0
4183,400,4.51351666838205,9795.3125,470.3125,-42.83181292228603,9.492817339147622,3.2804601758866485,15.414213562373096
4184,100,2.256758334191025,10023.0,468.25,90.00003218077504,2.8284271247461903,1.7320508075688772,4.621320343559642
4185,5725,17.075475271404667,11743.510917030568,491.63318777292574,2.430675638734123,46.65420279870843,9.703422032732837,149.0477272147525
4186,25,1.1283791670955126,4126.0,469.0,45.00001609038752,0.0,0.0,0.0
4187,25,1.1283791670955126,9834.0,469.0,45.00001609038752,0.0,0.0,0.0
4188,2350,10.940041919714261,9835.989361702128,475.5851063829787,33.405447634489015,13.583724818848887,9.46004118930628,41.17766952966369
4189,50,1.5957691216057308,10033.5,469.0,90.00003218077504,2.0,0.0,0.0
4190,50,1.5957691216057308,11750.0,469.5,0.0,2.0,0.0,0.0
4191,25,1.1283791670955126,11760.0,469.0,45.00001609038752,0.0,0.0,0.0
4192,25,1.1283791670955126,4118.0,470.0,45.00001609038752,0.0,0.0,0.0
4193,25,1.1283791670955126,4125.0,470.0,45.00001609038752,0.0,0.0,0.0
4194,25,1.1283791670955126,9900.0,470.0,45.00001609038752,0.0,0.0,0.0
4195,25,1.1283791670955126,11759.0,470.0,45.00001609038752,0.0,0.0,0.0
4196,50,1.5957691216057308,3522.0,471.5,0.0,2.0,0.0,0.0
4197,1025,7.225151993843567,3544.3414634146343,474.6585365853659,63.03905555278186,9.536577132373496,6.473634992712666,28.349242404917497
4198,100,2.256758334191025,4123.0,471.25,90.00003218077504,2.8284271247461903,1.7320508075688772,4.621320343559642
4199,25,1.1283791670955126,9811.0,471.0,45.00001609038752,0.0,0.0,0.0
4200,25,1.1283791670955126,9903.0,471.0,45.00001609038752,0.0,0.0,0.0
4201,25,1.1283791670955126,10029.0,471.0,45.00001609038752,0.0,0.0,0.0
4202,50,1.5957691216057308,10031.0,471.5,0.0,2.0,0.0,0.0
4203,25,1.1283791670955126,10068.0,471.0,45.00001609038752,0.0,0.0,0.0
4204,50,1.5957691216057308,11776.0,471.5,0.0,2.0,0.0,0.0
4205,25,1.1283791670955126,8188.0,472.0,45.00001609038752,0.0,0.0,0.0
4206,25,1.1283791670955126,9826.0,472.0,45.00001609038752,0.0,0.0,0.0
4207,25,1.1283791670955126,9841.0,472.0,45.00001609038752,0.0,0.0,0.0
4208,300,3.9088200952233594,9844.25,473.75,11.309936518046797,5.773502691896258,2.7080128015453204,10.207106781186548
4209,25,1.1283791670955126,9904.0,472.0,45.00001609038752,0.0,0.0,0.0
4210,25,1.1283791670955126,10069.0,472.0,45.00001609038752,0.0,0.0,0.0
4211,50,1.5957691216057308,11715.0,472.5,0.0,2.0,0.0,0.0
4212,1050,7.312732791431452,3521.190476190476,477.8333333333333,44.441333675728174,12.383002396116796,6.9773868600448985,34.72792206135786
4213,50,1.5957691216057308,9859.5,473.0,90.00003218077504,2.0,0.0,0.0
4214,25,1.1283791670955126,9903.0,473.0,45.00001609038752,0.0,0.0,0.0
4215,25,1.1283791670955126,11726.0,473.0,45.00001609038752,0.0,0.0,0.0
4216,25,1.1283791670955126,3507.0,474.0,45.00001609038752,0.0,0.0,0.0
4217,50,1.5957691216057308,8187.0,474.5,0.0,2.0,0.0,0.0
4218,25,1.1283791670955126,10068.0,474.0,45.00001609038752,0.0,0.0,0.0
4219,25,1.1283791670955126,11738.0,474.0,45.00001609038752,0.0,0.0,0.0
4220,25,1.1283791670955126,3639.0,475.0,45.00001609038752,0.0,0.0,0.0
4221,25,1.1283791670955126,9143.0,475.0,45.00001609038752,0.0,0.0,0.0
4222,25,1.1283791670955126,11814.0,475.0,45.00001609038752,0.0,0.0,0.0
4223,25,1.1283791670955126,11821.0,475.0,45.00001609038752,0.0,0.0,0.0
4224,25,1.1283791670955126,3646.0,476.0,45.00001609038752,0.0,0.0,0.0
4225,50,1.5957691216057308,8151.0,476.5,0.0,2.0,0.0,0.0
4226,45425,48.098609676203644,11806.513483764447,509.3764446890479,88.37496697023325,61.35502577422261,50.03019946294922,399.78888860545663
4227,25,1.1283791670955126,11817.0,476.0,45.00001609038752,0.0,0.0,0.0
4228,25,1.1283791670955126,11820.0,476.0,45.00001609038752,0.0,0.0,0.0
4229,25,1.1283791670955126,3645.0,477.0,45.00001609038752,0.0,0.0,0.0
4230,25,1.1283791670955126,9817.0,477.0,45.00001609038752,0.0,0.0,0.0
4231,25,1.1283791670955126,9827.0,477.0,45.00001609038752,0.0,0.0,0.0
4232,25,1.1283791670955126,11813.0,477.0,45.00001609038752,0.0,0.0,0.0
4233,25,1.1283791670955126,11819.0,477.0,45.00001609038752,0.0,0.0,0.0
4234,25,1.1283791670955126,3696.0,478.0,45.00001609038752,0.0,0.0,0.0
4235,25,1.1283791670955126,5195.0,478.0,45.00001609038752,0.0,0.0,0.0
4236,1625,9.09728368293446,5201.784615384616,482.12307692307695,63.46255734142924,11.811538607160445,7.8010759835287535,33.10660171779821
4237,750,6.180387232371033,4194.766666666666,483.43333333333334,1.4431097345366326,10.769544112919942,5.5264241643503835,25.035533905932738
4238,25,1.1283791670955126,8152.0,479.0,45.00001609038752,0.0,0.0,0.0
4239,125,2.5231325220201604,11702.8,480.2,-45.00001609038752,4.0,1.3856406460551023,5.414213562373095
4240,1650,9.166995688475081,3544.5454545454545,489.3030303030303,11.435960440809389,19.25753079612933,6.238424418452454,50.00609665440988
4241,75,1.9544100476116797,3665.3333333333335,480.3333333333333,45.00001609038752,2.3094010767585034,1.3333333333333333,3.414213562373095
4242,25,1.1283791670955126,7797.0,480.0,45.00001609038752,0.0,0.0,0.0
4243,25,1.1283791670955126,7809.0,480.0,45.00001609038752,0.0,0.0,0.0
4244,75,1.9544100476116797,9817.666666666666,480.3333333333333,-45.00001609038752,2.3094010767585034,1.3333333333333333,3.414213562373095
4245,8000,20.185060176161283,9832.86875,500.11875,18.444411336547827,51.842830443638015,13.271009064581305,172.4030662740799
4246,75,1.9544100476116797,9831.666666666666,480.3333333333333,-45.00001609038752,2.3094010767585034,1.3333333333333333,3.414213562373095
4247,25,1.1283791670955126,11705.0,480.0,45.00001609038752,0.0,0.0,0.0
4248,50,1.5957691216057308,11794.0,480.5,0.0,2.0,0.0,0.0
4249,1225,7.898654169668588,429.734693877551,490.85714285714283,-1.4796221528932476,19.468407734008633,3.738629677333951,35.89949493661166
4250,50,1.5957691216057308,6587.0,481.5,0.0,2.0,0.0,0.0
4251,25,1.1283791670955126,7810.0,481.0,45.00001609038752,0.0,0.0,0.0
4252,25,1.1283791670955126,9844.0,481.0,45.00001609038752,0.0,0.0,0.0
4253,25,1.1283791670955126,7811.0,482.0,45.00001609038752,0.0,0.0,0.0
4254,25,1.1283791670955126,9820.0,482.0,45.00001609038752,0.0,0.0,0.0
4255,75,1.9544100476116797,3215.6666666666665,483.6666666666667,45.00001609038752,2.3094010767585034,1.3333333333333333,3.414213562373095
4256,25,1.1283791670955126,3232.0,483.0,45.00001609038752,0.0,0.0,0.0
4257,75,1.9544100476116797,3503.3333333333335,483.3333333333333,45.00001609038752,2.3094010767585034,1.3333333333333333,3.414213562373095
4258,200,3.1915382432114616,3667.625,484.625,-1.7881678268831867,3.9696101679472697,2.7824800294934104,7.414213562373095
4259,25,1.1283791670955126,5195.0,483.0,45.00001609038752,0.0,0.0,0.0
4260,25,1.1283791670955126,7822.0,483.0,45.00001609038752,0.0,0.0,0.0
4261,32250,40.527509332654034,8173.087596899225,504.81705426356586,9.585906913328316,46.05275658023919,36.5976031786196,144.8528137423857
4262,50,1.5957691216057308,9836.0,483.5,0.0,2.0,0.0,0.0
4263,50,1.5957691216057308,9857.5,483.0,90.00003218077504,2.0,0.0,0.0
4264,75,1.9544100476116797,9863.666666666666,483.6666666666667,45.00001609038752,2.3094010767585034,1.3333333333333333,3.414213562373095
4265,13225,25.95272084319679,9891.103969754253,508.710775047259,3.845555381021752,53.71116657210723,22.324890262245066,209.3380951166243
4266,25,1.1283791670955126,7835.0,484.0,45.00001609038752,0.0,0.0,0.0
4267,75,1.9544100476116797,9143.0,485.0,0.0,3.265986323710904,0.0,1.0
4268,25,1.1283791670955126,9899.0,484.0,45.00001609038752,0.0,0.0,0.0
4269,25,1.1283791670955126,11755.0,484.0,45.00001609038752,0.0,0.0,0.0
4270,25,1.1283791670955126,11779.0,484.0,45.00001609038752,0.0,0.0,0.0
4271,25,1.1283791670955126,11803.0,484.0,45.00001609038752,0.0,0.0,0.0
4272,25,1.1283791670955126,11815.0,484.0,45.00001609038752,0.0,0.0,0.0
4273,25,1.1283791670955126,7836.0,485.0,45.00001609038752,0.0,0.0,0.0
4274,50,1.5957691216057308,9840.0,485.5,0.0,2.0,0.0,0.0
4275,25,1.1283791670955126,9861.0,485.0,45.00001609038752,0.0,0.0,0.0
4276,25,1.1283791670955126,9914.0,485.0,45.00001609038752,0.0,0.0,0.0
4277,75,1.9544100476116797,11813.333333333334,485.3333333333333,45.00001609038752,2.3094010767585034,1.3333333333333333,3.414213562373095
4278,25,1.1283791670955126,3649.0,486.0,45.00001609038752,0.0,0.0,0.0
4279,50,1.5957691216057308,4188.0,486.5,0.0,2.0,0.0,0.0
4280,25,1.1283791670955126,4190.0,486.0,45.00001609038752,0.0,0.0,0.0
4281,25,1.1283791670955126,7819.0,486.0,45.00001609038752,0.0,0.0,0.0
4282,25,1.1283791670955126,8845.0,486.0,45.00001609038752,0.0,0.0,0.0
4283,50,1.5957691216057308,8851.5,486.0,90.00003218077504,2.0,0.0,0.0
4284,75,1.9544100476116797,9858.0,486.0,90.00003218077504,3.265986323710904,0.0,1.0
4285,25,1.1283791670955126,9915.0,486.0,45.00001609038752,0.0,0.0,0.0
4286,100,2.256758334191025,4323.5,487.5,45.00001609038752,2.0,2.0,4.0
4287,50,1.5957691216057308,6588.0,487.5,0.0,2.0,0.0,0.0
4288,175,2.985410660720923,7813.142857142857,488.42857142857144,10.900708640877319,3.648665604076859,2.5058084612197167,7.242640687119286
4289,25,1.1283791670955126,7818.0,487.0,45.00001609038752,0.0,0.0,0.0
4290,200,3.1915382432114616,7828.875,487.875,45.00001609038752,3.4641016151377544,2.7386127875258306,7.414213562373095
4291,75,1.9544100476116797,8846.333333333334,487.3333333333333,45.00001609038752,2.3094010767585034,1.3333333333333333,3.414213562373095
4292,200,3.1915382432114616,9860.125,488.375,-72.92017880079896,4.817619968183908,2.5080944643604806,7.414213562373095
4293,50,1.5957691216057308,3491.0,488.5,0.0,2.0,0.0,0.0
4294,75,1.9544100476116797,4191.333333333333,488.3333333333333,45.00001609038752,2.3094010767585034,1.3333333333333333,3.414213562373095
4295,100,2.256758334191025,7816.75,489.0,0.0,2.8284271247461903,1.7320508075688772,4.621320343559642
4296,25,1.1283791670955126,9856.0,488.0,45.00001609038752,0.0,0.0,0.0
4297,25,1.1283791670955126,9865.0,488.0,45.00001609038752,0.0,0.0,0.0
4298,50,1.5957691216057308,11727.5,488.0,90.00003218077504,2.0,0.0,0.0
4299,50,1.5957691216057308,423.5,489.0,90.00003218077504,2.0,0.0,0.0
4300,25,1.1283791670955126,3519.0,489.0,45.00001609038752,0.0,0.0,0.0
4301,100,2.256758334191025,3523.25,489.75,-18.43495541459913,3.4641016151377544,1.4142135623730951,3.2071067811865475
4302,25,1.1283791670955126,3668.0,489.0,45.00001609038752,0.0,0.0,0.0
4303,50,1.5957691216057308,3691.5,489.0,90.00003218077504,2.0,0.0,0.0
4304,25,1.1283791670955126,4194.0,489.0,45.00001609038752,0.0,0.0,0.0
4305,25,1.1283791670955126,4212.0,489.0,45.00001609038752,0.0,0.0,0.0
4306,25,1.1283791670955126,7796.0,489.0,45.00001609038752,0.0,0.0,0.0
4307,25,1.1283791670955126,8861.0,489.0,45.00001609038752,0.0,0.0,0.0
4308,50,1.5957691216057308,9823.0,489.5,0.0,2.0,0.0,0.0
4309,25,1.1283791670955126,9855.0,489.0,45.00001609038752,0.0,0.0,0.0
4310,50,1.5957691216057308,9863.5,489.0,90.00003218077504,2.0,0.0,0.0
4311,25,1.1283791670955126,9866.0,489.0,45.00001609038752,0.0,0.0,0.0
4312,25,1.1283791670955126,9887.0,489.0,45.00001609038752,0.0,0.0,0.0
4313,50,1.5957691216057308,11811.5,489.0,90.00003218077504,2.0,0.0,0.0
4314,50,1.5957691216057308,3550.0,490.5,0.0,2.0,0.0,0.0
4315,25,1.1283791670955126,3694.0,490.0,45.00001609038752,0.0,0.0,0.0
4316,25,1.1283791670955126,4126.0,490.0,45.00001609038752,0.0,0.0,0.0
4317,25,1.1283791670955126,4193.0,490.0,45.00001609038752,0.0,0.0,0.0
4318,7700,19.802974013476614,6597.928571428572,513.4448051948052,23.083800160107714,38.08298855070442,13.195720347936902,101.42640687119285
4319,25,1.1283791670955126,6589.0,490.0,45.00001609038752,0.0,0.0,0.0
4320,25,1.1283791670955126,9836.0,490.0,45.00001609038752,0.0,0.0,0.0
4321,1125,7.569397566060481,3531.2,492.93333333333334,89.46010594007541,17.499425977868192,4.4112333121249385,34.935028842544405
4322,1350,8.291859587312052,4123.018518518518,495.0740740740741,69.78064801976876,13.072242984726923,8.501908264846673,38.89949493661166
4323,25,1.1283791670955126,7797.0,491.0,45.00001609038752,0.0,0.0,0.0
4324,25,1.1283791670955126,7812.0,491.0,45.00001609038752,0.0,0.0,0.0
4325,25,1.1283791670955126,3510.0,492.0,45.00001609038752,0.0,0.0,0.0
4326,25625,36.12575996921783,3557.4624390243903,529.1287804878049,7.837540354414539,72.4833179658672,25.753876527986584,389.2325394193526
4327,50,1.5957691216057308,4322.0,492.5,0.0,2.0,0.0,0.0
4328,25,1.1283791670955126,7798.0,492.0,45.00001609038752,0.0,0.0,0.0
4329,25,1.1283791670955126,7839.0,492.0,45.00001609038752,0.0,0.0,0.0
4330,150,2.763953195770684,11732.166666666666,493.0,36.86991082919827,3.8297084310253524,1.8856180831641272,6.207106781186548
4331,25,1.1283791670955126,11782.0,492.0,45.00001609038752,0.0,0.0,0.0
4332,25,1.1283791670955126,3522.0,493.0,45.00001609038752,0.0,0.0,0.0
4333,25,1.1283791670955126,4115.0,493.0,45.00001609038752,0.0,0.0,0.0
4334,25,1.1283791670955126,6590.0,493.0,45.00001609038752,0.0,0.0,0.0
4335,25,1.1283791670955126,7799.0,493.0,45.00001609038752,0.0,0.0,0.0
4336,25,1.1283791670955126,7838.0,493.0,45.00001609038752,0.0,0.0,0.0
4337,25,1.1283791670955126,9915.0,493.0,45.00001609038752,0.0,0.0,0.0
4338,25,1.1283791670955126,11781.0,493.0,45.00001609038752,0.0,0.0,0.0
4339,25,1.1283791670955126,11809.0,493.0,45.00001609038752,0.0,0.0,0.0
4340,25,1.1283791670955126,7801.0,494.0,45.00001609038752,0.0,0.0,0.0
4341,25,1.1283791670955126,7809.0,494.0,45.00001609038752,0.0,0.0,0.0
4342,100,2.256758334191025,7819.5,495.0,31.71748575249332,3.23606797749979,1.2360679774997898,4.414213562373095
4343,75,1.9544100476116797,10235.0,495.0,0.0,3.265986323710904,0.0,1.0
4344,100,2.256758334191025,11779.5,495.0,-31.71748575249332,3.23606797749979,1.2360679774997898,4.414213562373095
4345,25,1.1283791670955126,6591.0,495.0,45.00001609038752,0.0,0.0,0.0
4346,25,1.1283791670955126,6634.0,495.0,45.00001609038752,0.0,0.0,0.0
4347,25,1.1283791670955126,7837.0,495.0,45.00001609038752,0.0,0.0,0.0
4348,650,5.753627391751592,8853.153846153846,497.61538461538464,6.9098833226983585,6.683281838642435,5.14143322248267,17.44974746830583
4349,25,1.1283791670955126,8863.0,495.0,45.00001609038752,0.0,0.0,0.0
4350,325,4.068428945128219,11772.923076923076,497.9230769230769,-13.3925025424284,7.0902883826479455,2.4806946917841683,12.242640687119284
4351,5400,16.583719174624104,3536.087962962963,507.6712962962963,28.43663644509346,33.6273137788953,15.647131103633395,116.5685424949238
4352,25,1.1283791670955126,3542.0,496.0,45.00001609038752,0.0,0.0,0.0
4353,25,1.1283791670955126,3549.0,496.0,45.00001609038752,0.0,0.0,0.0
4354,25,1.1283791670955126,3691.0,496.0,45.00001609038752,0.0,0.0,0.0
4355,25,1.1283791670955126,3694.0,496.0,45.00001609038752,0.0,0.0,0.0
4356,25,1.1283791670955126,3720.0,496.0,45.00001609038752,0.0,0.0,0.0
4357,25,1.1283791670955126,4207.0,496.0,45.00001609038752,0.0,0.0,0.0
4358,200,3.1915382432114616,6593.5,498.0,42.14471850068596,6.488432109704299,1.378495106178553,8.414213562373096
4359,25,1.1283791670955126,6633.0,496.0,45.00001609038752,0.0,0.0,0.0
4360,25,1.1283791670955126,7836.0,496.0,45.00001609038752,0.0,0.0,0.0
4361,50,1.5957691216057308,8809.0,496.5,0.0,2.0,0.0,0.0
4362,4925,15.837556323903858,8815.086294416244,513.730964467005,12.332988000786102,38.82245834402912,11.946003989111174,105.1543289325507
4363,25,1.1283791670955126,8846.0,496.0,45.00001609038752,0.0,0.0,0.0
4364,25,1.1283791670955126,8862.0,496.0,45.00001609038752,0.0,0.0,0.0
4365,1125,7.569397566060481,9841.111111111111,499.26666666666665,-81.69522774572397,8.017426368228355,7.646859138035058,25.899494936611664
4366,25,1.1283791670955126,9883.0,496.0,45.00001609038752,0.0,0.0,0.0
4367,25,1.1283791670955126,9888.0,496.0,45.00001609038752,0.0,0.0,0.0
4368,50,1.5957691216057308,11703.0,496.5,0.0,2.0,0.0,0.0
4369,50,1.5957691216057308,11730.5,496.0,90.00003218077504,2.0,0.0,0.0
4370,25,1.1283791670955126,11815.0,496.0,45.00001609038752,0.0,0.0,0.0
4371,25,1.1283791670955126,3693.0,497.0,45.00001609038752,0.0,0.0,0.0
4372,100,2.256758334191025,5206.0,497.5,-58.28254642828171,3.23606797749979,1.2360679774997898,4.414213562373095
4373,25,1.1283791670955126,6632.0,497.0,45.00001609038752,0.0,0.0,0.0
4374,25,1.1283791670955126,7822.0,497.0,45.00001609038752,0.0,0.0,0.0
4375,25,1.1283791670955126,7835.0,497.0,45.00001609038752,0.0,0.0,0.0
4376,25,1.1283791670955126,8861.0,497.0,45.00001609038752,0.0,0.0,0.0
4377,1256200,252.93821507208526,8877.026488616462,686.1399856710715,-0.49869281504047996,359.28458281665553,195.58816822091825,1293.8387078612623
4378,25,1.1283791670955126,9852.0,497.0,45.00001609038752,0.0,0.0,0.0
4379,25,1.1283791670955126,9886.0,497.0,45.00001609038752,0.0,0.0,0.0
4380,150,2.763953195770684,11775.5,498.5,-18.43495541459913,3.9999999999999996,1.632993161855452,6.414213562373095
4381,75,1.9544100476116797,3540.0,498.0,90.00003218077504,3.265986323710904,0.0,1.0
4382,25,1.1283791670955126,3547.0,498.0,45.00001609038752,0.0,0.0,0.0
4383,25,1.1283791670955126,6631.0,498.0,45.00001609038752,0.0,0.0,0.0
4384,25,1.1283791670955126,7824.0,498.0,45.00001609038752,0.0,0.0,0.0
4385,25,1.1283791670955126,7833.0,498.0,45.00001609038752,0.0,0.0,0.0
4386,25,1.1283791670955126,7904.0,498.0,45.00001609038752,0.0,0.0,0.0
4387,25,1.1283791670955126,7920.0,498.0,45.00001609038752,0.0,0.0,0.0
4388,200,3.1915382432114616,8016.75,499.125,79.32283968054591,6.342358212515373,2.1270854012330576,7.414213562373096
4389,25,1.1283791670955126,8847.0,498.0,45.00001609038752,0.0,0.0,0.0
4390,25,1.1283791670955126,8860.0,498.0,45.00001609038752,0.0,0.0,0.0
4391,1000,7.136496464611085,9850.75,503.5,8.872338984957832,11.739782789443256,5.251428382515743,30.14213562373095
4392,25,1.1283791670955126,9884.0,498.0,45.00001609038752,0.0,0.0,0.0
4393,25,1.1283791670955126,11702.0,498.0,45.00001609038752,0.0,0.0,0.0
4394,25,1.1283791670955126,11719.0,498.0,45.00001609038752,0.0,0.0,0.0
4395,25,1.1283791670955126,425.0,499.0,45.00001609038752,0.0,0.0,0.0
4396,25,1.1283791670955126,3543.0,499.0,45.00001609038752,0.0,0.0,0.0
4397,25,1.1283791670955126,5198.0,499.0,45.00001609038752,0.0,0.0,0.0
4398,25,1.1283791670955126,5585.0,499.0,45.00001609038752,0.0,0.0,0.0
4399,25,1.1283791670955126,6630.0,499.0,45.00001609038752,0.0,0.0,0.0
4400,25,1.1283791670955126,7902.0,499.0,45.00001609038752,0.0,0.0,0.0
4401,25,1.1283791670955126,7922.0,499.0,45.00001609038752,0.0,0.0,0.0
4402,350,4.222008245644752,8150.642857142857,503.2142857142857,-1.4692300864450365,9.466126548369841,1.9018249041817765,13.207106781186548
4403,50,1.5957691216057308,9146.0,499.5,0.0,2.0,0.0,0.0
4404,200,3.1915382432114616,11713.75,501.125,-18.35710805186483,4.85541285240798,2.274855167405477,7.449747468305832
4405,25,1.1283791670955126,11717.0,499.0,45.00001609038752,0.0,0.0,0.0
4406,150,2.763953195770684,11733.166666666666,500.5,30.963767603603344,4.320493798938573,1.8856180831641272,6.621320343559642
4407,25,1.1283791670955126,2177.0,500.0,45.00001609038752,0.0,0.0,0.0
4408,1275,8.058239062071396,2784.7843137254904,507.6666666666667,-2.5083213433418954,15.76968281051144,5.351460962091893,34.89949493661167
4409,50,1.5957691216057308,3544.0,500.5,0.0,2.0,0.0,0.0
4410,50,1.5957691216057308,4115.5,500.0,90.00003218077504,2.0,0.0,0.0
4411,25,1.1283791670955126,4129.0,500.0,45.00001609038752,0.0,0.0,0.0
4412,25,1.1283791670955126,4211.0,500.0,45.00001609038752,0.0,0.0,0.0
4413,25,1.1283791670955126,5209.0,500.0,45.00001609038752,0.0,0.0,0.0
4414,25,1.1283791670955126,5583.0,500.0,45.00001609038752,0.0,0.0,0.0
4415,25,1.1283791670955126,5595.0,500.0,45.00001609038752,0.0,0.0,0.0
4416,25,1.1283791670955126,6629.0,500.0,45.00001609038752,0.0,0.0,0.0
4417,25,1.1283791670955126,7901.0,500.0,45.00001609038752,0.0,0.0,0.0
4418,25,1.1283791670955126,8011.0,500.0,45.00001609038752,0.0,0.0,0.0
4419,25,1.1283791670955126,8847.0,500.0,45.00001609038752,0.0,0.0,0.0
4420,25,1.1283791670955126,8857.0,500.0,45.00001609038752,0.0,0.0,0.0
4421,375,4.370193722368317,2191.9333333333334,503.6666666666667,-5.41372848766732,5.9825936213138124,3.0484451785557374,12.242640687119284
4422,50,1.5957691216057308,2788.5,501.0,90.00003218077504,2.0,0.0,0.0
4423,25,1.1283791670955126,3522.0,501.0,45.00001609038752,0.0,0.0,0.0
4424,25,1.1283791670955126,3546.0,501.0,45.00001609038752,0.0,0.0,0.0
4425,50,1.5957691216057308,4117.5,501.0,90.00003218077504,2.0,0.0,0.0
4426,25,1.1283791670955126,4125.0,501.0,45.00001609038752,0.0,0.0,0.0
4427,25,1.1283791670955126,4130.0,501.0,45.00001609038752,0.0,0.0,0.0
4428,25,1.1283791670955126,4210.0,501.0,45.00001609038752,0.0,0.0,0.0
4429,25,1.1283791670955126,5196.0,501.0,45.00001609038752,0.0,0.0,0.0
4430,25,1.1283791670955126,5582.0,501.0,45.00001609038752,0.0,0.0,0.0
4431,25,1.1283791670955126,5596.0,501.0,45.00001609038752,0.0,0.0,0.0
4432,50,1.5957691216057308,6596.5,501.0,90.00003218077504,2.0,0.0,0.0
4433,25,1.1283791670955126,6628.0,501.0,45.00001609038752,0.0,0.0,0.0
4434,75,1.9544100476116797,7899.666666666667,501.3333333333333,-45.00001609038752,2.3094010767585034,1.3333333333333333,3.414213562373095
4435,25,1.1283791670955126,7923.0,501.0,45.00001609038752,0.0,0.0,0.0
4436,25,1.1283791670955126,8010.0,501.0,45.00001609038752,0.0,0.0,0.0
4437,25,1.1283791670955126,8020.0,501.0,45.00001609038752,0.0,0.0,0.0
4438,25,1.1283791670955126,8833.0,501.0,45.00001609038752,0.0,0.0,0.0
4439,25,1.1283791670955126,8837.0,501.0,45.00001609038752,0.0,0.0,0.0
4440,25,1.1283791670955126,8846.0,501.0,45.00001609038752,0.0,0.0,0.0
4441,25,1.1283791670955126,9881.0,501.0,45.00001609038752,0.0,0.0,0.0
4442,25,1.1283791670955126,2178.0,502.0,45.00001609038752,0.0,0.0,0.0
4443,25,1.1283791670955126,2781.0,502.0,45.00001609038752,0.0,0.0,0.0
4444,25,1.1283791670955126,2791.0,502.0,45.00001609038752,0.0,0.0,0.0
4445,25,1.1283791670955126,3223.0,502.0,45.00001609038752,0.0,0.0,0.0
4446,25,1.1283791670955126,3667.0,502.0,45.00001609038752,0.0,0.0,0.0
4447,100,2.256758334191025,4121.5,502.0,90.00003218077504,4.47213595499958,0.0,2.0
4448,25,1.1283791670955126,5597.0,502.0,45.00001609038752,0.0,0.0,0.0
4449,25,1.1283791670955126,6598.0,502.0,45.00001609038752,0.0,0.0,0.0
4450,50,1.5957691216057308,6626.5,502.0,90.00003218077504,2.0,0.0,0.0
4451,200,3.1915382432114616,7912.875,502.875,45.00001609038752,3.4641016151377544,2.7386127875258306,7.414213562373095
4452,125,2.5231325220201604,8008.2,503.2,45.00001609038752,4.0,1.3856406460551023,5.414213562373095
4453,50,1.5957691216057308,8021.0,502.5,0.0,2.0,0.0,0.0
4454,50,1.5957691216057308,8820.5,502.0,90.00003218077504,2.0,0.0,0.0
4455,25,1.1283791670955126,8830.0,502.0,45.00001609038752,0.0,0.0,0.0
4456,25,1.1283791670955126,8842.0,502.0,45.00001609038752,0.0,0.0,0.0
4457,25,1.1283791670955126,8845.0,502.0,45.00001609038752,0.0,0.0,0.0
4458,250,3.5682482323055424,9148.0,505.5,18.264434214197454,9.073076340436439,1.2958725711321066,8.0
4459,25,1.1283791670955126,9880.0,502.0,45.00001609038752,0.0,0.0,0.0
4460,25,1.1283791670955126,11755.0,502.0,45.00001609038752,0.0,0.0,0.0
4461,800,6.383076486422923,11803.53125,505.5625,31.96767939134969,11.96958428761312,3.6947160894614184,23.31370849898476
4462,25,1.1283791670955126,11823.0,502.0,45.00001609038752,0.0,0.0,0.0
4463,25,1.1283791670955126,2792.0,503.0,45.00001609038752,0.0,0.0,0.0
4464,25,1.1283791670955126,3645.0,503.0,45.00001609038752,0.0,0.0,0.0
4465,25,1.1283791670955126,6599.0,503.0,45.00001609038752,0.0,0.0,0.0
4466,25,1.1283791670955126,6625.0,503.0,45.00001609038752,0.0,0.0,0.0
4467,25,1.1283791670955126,8828.0,503.0,45.00001609038752,0.0,0.0,0.0
4468,25,1.1283791670955126,8844.0,503.0,45.00001609038752,0.0,0.0,0.0
4469,2200,10.585134856802455,11770.238636363636,512.875,-14.233663588591345,24.39943715549842,7.202079271552508,55.87005768508881
4470,25,1.1283791670955126,2780.0,504.0,45.00001609038752,0.0,0.0,0.0
4471,1625,9.09728368293446,3650.3076923076924,510.7076923076923,23.50720738691789,14.722496815067178,6.923541348792781,41.14213562373095
4472,25,1.1283791670955126,6601.0,504.0,45.00001609038752,0.0,0.0,0.0
4473,25,1.1283791670955126,6624.0,504.0,45.00001609038752,0.0,0.0,0.0
4474,25,1.1283791670955126,8022.0,504.0,45.00001609038752,0.0,0.0,0.0
4475,25,1.1283791670955126,8820.0,504.0,45.00001609038752,0.0,0.0,0.0
4476,25,1.1283791670955126,8827.0,504.0,45.00001609038752,0.0,0.0,0.0
4477,100,2.256758334191025,3567.75,505.75,18.43495541459913,3.4641016151377544,1.4142135623730951,3.2071067811865475
4478,50,1.5957691216057308,3570.5,505.0,90.00003218077504,2.0,0.0,0.0
4479,75,1.9544100476116797,3651.3333333333335,505.6666666666667,-45.00001609038752,2.3094010767585034,1.3333333333333333,3.414213562373095
4480,25,1.1283791670955126,3665.0,505.0,45.00001609038752,0.0,0.0,0.0
4481,25,1.1283791670955126,3713.0,505.0,45.00001609038752,0.0,0.0,0.0
4482,25,1.1283791670955126,4194.0,505.0,45.00001609038752,0.0,0.0,0.0
4483,50,1.5957691216057308,6603.5,505.0,90.00003218077504,2.0,0.0,0.0
4484,50,1.5957691216057308,6621.5,505.0,90.00003218077504,2.0,0.0,0.0
4485,50,1.5957691216057308,7925.0,505.5,0.0,2.0,0.0,0.0
4486,100,2.256758334191025,8005.75,506.0,0.0,2.8284271247461903,1.7320508075688772,4.621320343559642
4487,350,4.222008245644752,9842.57142857143,506.2857142857143,64.10553563461485,5.725936490056062,3.640668570245727,12.863961030678928
4488,25,1.1283791670955126,11729.0,505.0,45.00001609038752,0.0,0.0,0.0
4489,25,1.1283791670955126,114.0,506.0,45.00001609038752,0.0,0.0,0.0
4490,25,1.1283791670955126,3531.0,506.0,45.00001609038752,0.0,0.0,0.0
4491,25,1.1283791670955126,3546.0,506.0,45.00001609038752,0.0,0.0,0.0
4492,50,1.5957691216057308,5204.5,506.0,90.00003218077504,2.0,0.0,0.0
4493,325,4.068428945128219,5588.846153846154,507.53846153846155,-13.776410714307962,4.3616645597524775,3.756591133295642,10.82842712474619
4494,25,1.1283791670955126,6606.0,506.0,45.00001609038752,0.0,0.0,0.0
4495,50,1.5957691216057308,6618.5,506.0,90.00003218077504,2.0,0.0,0.0
4496,25,1.1283791670955126,7815.0,506.0,45.00001609038752,0.0,0.0,0.0
4497,25,1.1283791670955126,9839.0,506.0,45.00001609038752,0.0,0.0,0.0
4498,25,1.1283791670955126,9901.0,506.0,45.00001609038752,0.0,0.0,0.0
4499,50,1.5957691216057308,3223.0,507.5,0.0,2.0,0.0,0.0
4500,25,1.1283791670955126,3571.0,507.0,45.00001609038752,0.0,0.0,0.0
4501,25,1.1283791670955126,3667.0,507.0,45.00001609038752,0.0,0.0,0.0
4502,125,2.5231325220201604,4856.4,507.8,-18.43495541459913,3.098386676965933,1.7888543819998317,5.207106781186548
4503,8513650,658.480549448031,6078.840990644436,1070.8971680771467,-1.3602760277361052,1034.6534019466558,464.43109883842004,4708.069514177061
4504,25,1.1283791670955126,6607.0,507.0,45.00001609038752,0.0,0.0,0.0
4505,50,1.5957691216057308,6611.5,507.0,90.00003218077504,2.0,0.0,0.0
4506,25,1.1283791670955126,8023.0,507.0,45.00001609038752,0.0,0.0,0.0
4507,25,1.1283791670955126,8825.0,507.0,45.00001609038752,0.0,0.0,0.0
4508,200,3.1915382432114616,4194.5,508.75,-68.64532956642059,4.7271453337587435,2.1573356237551296,8.207106781186548
4509,25,1.1283791670955126,4198.0,508.0,45.00001609038752,0.0,0.0,0.0
4510,25,1.1283791670955126,5194.0,508.0,45.00001609038752,0.0,0.0,0.0
4511,100,2.256758334191025,6609.0,508.25,90.00003218077504,2.8284271247461903,1.7320508075688772,4.621320343559642
4512,75,1.9544100476116797,7792.333333333333,508.6666666666667,-45.00001609038752,2.3094010767585034,1.3333333333333333,3.414213562373095
4513,25,1.1283791670955126,7901.0,508.0,45.00001609038752,0.0,0.0,0.0
4514,25,1.1283791670955126,7924.0,508.0,45.00001609038752,0.0,0.0,0.0
4515,25,1.1283791670955126,10627.0,508.0,45.00001609038752,0.0,0.0,0.0
4516,75,1.9544100476116797,3533.3333333333335,509.6666666666667,-45.00001609038752,2.3094010767585034,1.3333333333333333,3.414213562373095
4517,25,1.1283791670955126,3556.0,509.0,45.00001609038752,0.0,0.0,0.0
4518,25,1.1283791670955126,4200.0,509.0,45.00001609038752,0.0,0.0,0.0
4519,25,1.1283791670955126,7805.0,509.0,45.00001609038752,0.0,0.0,0.0
4520,100,2.256758334191025,10616.25,509.25,71.5650767661759,3.4641016151377544,1.4142135623730951,3.2071067811865475
4521,125,2.5231325220201604,114.4,511.6,20.993613754469656,4.34169545110285,1.27658944452507,4.207106781186548
4522,25,1.1283791670955126,4299.0,510.0,45.00001609038752,0.0,0.0,0.0
4523,25,1.1283791670955126,5581.0,510.0,45.00001609038752,0.0,0.0,0.0
4524,25,1.1283791670955126,7795.0,510.0,45.00001609038752,0.0,0.0,0.0
4525,25,1.1283791670955126,7902.0,510.0,45.00001609038752,0.0,0.0,0.0
4526,25,1.1283791670955126,7923.0,510.0,45.00001609038752,0.0,0.0,0.0
4527,100,2.256758334191025,3570.25,512.0,0.0,2.8284271247461903,1.7320508075688772,4.621320343559642
4528,25,1.1283791670955126,4469.0,511.0,45.00001609038752,0.0,0.0,0.0
4529,25,1.1283791670955126,4474.0,511.0,45.00001609038752,0.0,0.0,0.0
4530,25,1.1283791670955126,5195.0,511.0,45.00001609038752,0.0,0.0,0.0
4531,50,1.5957691216057308,9150.0,511.5,0.0,2.0,0.0,0.0
4532,25,1.1283791670955126,10620.0,511.0,45.00001609038752,0.0,0.0,0.0
4533,175,2.985410660720923,3531.285714285714,512.8571428571429,30.4727088464063,3.582070095417669,2.4713456540351713,6.207106781186548
4534,25,1.1283791670955126,3559.0,512.0,45.00001609038752,0.0,0.0,0.0
4535,100,2.256758334191025,3657.0,512.5,58.28254642828171,3.23606797749979,1.2360679774997898,4.414213562373095
4536,75,1.9544100476116797,3660.6666666666665,512.6666666666666,45.00001609038752,2.3094010767585034,1.3333333333333333,3.414213562373095
4537,25,1.1283791670955126,4190.0,512.0,45.00001609038752,0.0,0.0,0.0
4538,25,1.1283791670955126,4192.0,512.0,45.00001609038752,0.0,0.0,0.0
4539,25,1.1283791670955126,4300.0,512.0,45.00001609038752,0.0,0.0,0.0
4540,25,1.1283791670955126,4467.0,512.0,45.00001609038752,0.0,0.0,0.0
4541,25,1.1283791670955126,4476.0,512.0,45.00001609038752,0.0,0.0,0.0
4542,25,1.1283791670955126,5196.0,512.0,45.00001609038752,0.0,0.0,0.0
4543,50,1.5957691216057308,5582.0,512.5,0.0,2.0,0.0,0.0
4544,25,1.1283791670955126,7903.0,512.0,45.00001609038752,0.0,0.0,0.0
4545,275,3.742410318509555,8837.363636363636,513.5454545454545,18.43495541459913,4.0,3.4688698233343476,9.65685424949238
4546,25,1.1283791670955126,9833.0,512.0,45.00001609038752,0.0,0.0,0.0
4547,50,1.5957691216057308,4194.5,513.0,90.00003218077504,2.0,0.0,0.0
4548,25,1.1283791670955126,4477.0,513.0,45.00001609038752,0.0,0.0,0.0
4549,25,1.1283791670955126,5198.0,513.0,45.00001609038752,0.0,0.0,0.0
4550,25,1.1283791670955126,5209.0,513.0,45.00001609038752,0.0,0.0,0.0
4551,25,1.1283791670955126,7803.0,513.0,45.00001609038752,0.0,0.0,0.0
4552,25,1.1283791670955126,7904.0,513.0,45.00001609038752,0.0,0.0,0.0
4553,25,1.1283791670955126,7921.0,513.0,45.00001609038752,0.0,0.0,0.0
4554,25,1.1283791670955126,8025.0,513.0,45.00001609038752,0.0,0.0,0.0
4555,100,2.256758334191025,9151.0,514.5,0.0,4.47213595499958,0.0,2.0
4556,25,1.1283791670955126,9832.0,513.0,45.00001609038752,0.0,0.0,0.0
4557,25,1.1283791670955126,11690.0,513.0,45.00001609038752,0.0,0.0,0.0
4558,25,1.1283791670955126,4191.0,514.0,45.00001609038752,0.0,0.0,0.0
4559,125,2.5231325220201604,4301.0,515.0,58.28254642828171,4.093338188813542,1.5635160606788385,5.414213562373095
4560,25,1.1283791670955126,4466.0,514.0,45.00001609038752,0.0,0.0,0.0
4561,25,1.1283791670955126,5200.0,514.0,45.00001609038752,0.0,0.0,0.0
4562,25,1.1283791670955126,5208.0,514.0,45.00001609038752,0.0,0.0,0.0
4563,25,1.1283791670955126,5583.0,514.0,45.00001609038752,0.0,0.0,0.0
4564,50,1.5957691216057308,7906.5,514.0,90.00003218077504,2.0,0.0,0.0
4565,25,1.1283791670955126,7919.0,514.0,45.00001609038752,0.0,0.0,0.0
4566,25,1.1283791670955126,8810.0,514.0,45.00001609038752,0.0,0.0,0.0
4567,25,1.1283791670955126,116.0,515.0,45.00001609038752,0.0,0.0,0.0
4568,9129900,681.8958782534929,1671.2921937808737,1056.5004600269444,7.344868481628361,1037.981910089757,482.11096623283265,4089.200502512498
4569,275,3.742410318509555,1670.3636363636363,516.1818181818181,51.527642036330114,5.596111805638314,3.547444024234418,9.621320343559642
4570,125,2.5231325220201604,2185.6,515.6,-69.00641842630537,4.34169545110285,1.2765894445250698,4.207106781186548
4571,50,1.5957691216057308,2779.0,515.5,0.0,2.0,0.0,0.0
4572,3450,13.255453865237978,3590.268115942029,522.3768115942029,21.6607270961389,22.476562015250128,13.518302727815417,88.2193000900063
4573,75,1.9544100476116797,4198.333333333333,515.6666666666666,-45.00001609038752,2.3094010767585034,1.3333333333333333,3.414213562373095
4574,125,2.5231325220201604,5205.2,515.8,-45.00001609038752,4.0,1.3856406460551023,5.414213562373095
4575,25,1.1283791670955126,5207.0,515.0,45.00001609038752,0.0,0.0,0.0
4576,25,1.1283791670955126,5584.0,515.0,45.00001609038752,0.0,0.0,0.0
4577,25,1.1283791670955126,5596.0,515.0,45.00001609038752,0.0,0.0,0.0
4578,25,1.1283791670955126,7910.0,515.0,45.00001609038752,0.0,0.0,0.0
4579,50,1.5957691216057308,7916.5,515.0,90.00003218077504,2.0,0.0,0.0
4580,450,4.787307364817192,9847.166666666666,516.6666666666666,-86.00536736922811,6.2991827640069955,3.754740241803016,13.035533905932738
4581,25,1.1283791670955126,9851.0,515.0,45.00001609038752,0.0,0.0,0.0
4582,25,1.1283791670955126,2792.0,516.0,45.00001609038752,0.0,0.0,0.0
4583,25,1.1283791670955126,3561.0,516.0,45.00001609038752,0.0,0.0,0.0
4584,25,1.1283791670955126,3571.0,516.0,45.00001609038752,0.0,0.0,0.0
4585,25,1.1283791670955126,3648.0,516.0,45.00001609038752,0.0,0.0,0.0
4586,25,1.1283791670955126,4299.0,516.0,45.00001609038752,0.0,0.0,0.0
4587,25,1.1283791670955126,5569.0,516.0,45.00001609038752,0.0,0.0,0.0
4588,50,1.5957691216057308,5586.5,516.0,90.00003218077504,2.0,0.0,0.0
4589,25,1.1283791670955126,5594.0,516.0,45.00001609038752,0.0,0.0,0.0
4590,25,1.1283791670955126,8025.0,516.0,45.00001609038752,0.0,0.0,0.0
4591,25,1.1283791670955126,4303.0,517.0,45.00001609038752,0.0,0.0,0.0
4592,250,3.5682482323055424,4473.4,518.1,87.02146555839262,5.127372753294169,2.791065862493498,8.207106781186548
4593,25,1.1283791670955126,4477.0,517.0,45.00001609038752,0.0,0.0,0.0
4594,100,2.256758334191025,5590.0,517.25,90.00003218077504,2.8284271247461903,1.7320508075688772,4.621320343559642
4595,25,1.1283791670955126,8007.0,517.0,45.00001609038752,0.0,0.0,0.0
4596,75,1.9544100476116797,9152.0,518.0,0.0,3.265986323710904,0.0,1.0
4597,25,1.1283791670955126,9852.0,517.0,45.00001609038752,0.0,0.0,0.0
4598,25,1.1283791670955126,1667.0,518.0,45.00001609038752,0.0,0.0,0.0
4599,975,7.046725639945928,1673.3589743589744,525.025641025641,-9.0829402298723,15.427461021268076,4.610255842036954,31.72792206135785
4600,25,1.1283791670955126,1677.0,518.0,45.00001609038752,0.0,0.0,0.0
4601,25,1.1283791670955126,2780.0,518.0,45.00001609038752,0.0,0.0,0.0
4602,25,1.1283791670955126,2791.0,518.0,45.00001609038752,0.0,0.0,0.0
4603,25,1.1283791670955126,3651.0,518.0,45.00001609038752,0.0,0.0,0.0
4604,425,4.652426491681278,3652.176470588235,520.4705882352941,-74.1039907283118,5.958837822997236,4.443517407969379,13.449747468305832
4605,25,1.1283791670955126,4304.0,518.0,45.00001609038752,0.0,0.0,0.0
4606,25,1.1283791670955126,8024.0,518.0,45.00001609038752,0.0,0.0,0.0
4607,25,1.1283791670955126,10613.0,518.0,45.00001609038752,0.0,0.0,0.0
4608,25,1.1283791670955126,11760.0,518.0,45.00001609038752,0.0,0.0,0.0
4609,75,1.9544100476116797,2781.3333333333335,519.6666666666666,-45.00001609038752,2.3094010767585034,1.3333333333333333,3.414213562373095
4610,50,1.5957691216057308,2789.5,519.0,90.00003218077504,2.0,0.0,0.0
4611,25,1.1283791670955126,4305.0,519.0,45.00001609038752,0.0,0.0,0.0
4612,25,1.1283791670955126,4466.0,519.0,45.00001609038752,0.0,0.0,0.0
4613,425,4.652426491681278,6593.823529411765,524.8823529411765,19.441458065202948,14.234640429054474,1.6652134190428614,16.207106781186546
4614,25,1.1283791670955126,8190.0,519.0,45.00001609038752,0.0,0.0,0.0
4615,25,1.1283791670955126,8845.0,519.0,45.00001609038752,0.0,0.0,0.0
4616,25,1.1283791670955126,9853.0,519.0,45.00001609038752,0.0,0.0,0.0
4617,25,1.1283791670955126,10614.0,519.0,45.00001609038752,0.0,0.0,0.0
4618,750,6.180387232371033,118.4,528.6333333333333,3.341889248478673,16.791798414794624,3.538982182180297,25.242640687119287
4619,25,1.1283791670955126,1669.0,520.0,45.00001609038752,0.0,0.0,0.0
4620,50,1.5957691216057308,2786.5,520.0,90.00003218077504,2.0,0.0,0.0
4621,175,2.985410660720923,3270.1428571428573,521.2857142857143,18.43495541459913,4.27617987059879,2.285714285714286,7.414213562373095
4622,50,1.5957691216057308,3558.5,520.0,90.00003218077504,2.0,0.0,0.0
4623,25,1.1283791670955126,4306.0,520.0,45.00001609038752,0.0,0.0,0.0
4624,125,2.5231325220201604,4469.0,520.0,90.00003218077504,5.656854249492381,0.0,3.0
4625,25,1.1283791670955126,8189.0,520.0,45.00001609038752,0.0,0.0,0.0
4626,25,1.1283791670955126,8825.0,520.0,45.00001609038752,0.0,0.0,0.0
4627,25,1.1283791670955126,8844.0,520.0,45.00001609038752,0.0,0.0,0.0
4628,50,1.5957691216057308,9153.0,520.5,0.0,2.0,0.0,0.0
4629,125,2.5231325220201604,9848.8,520.8,45.00001609038752,4.0,1.3856406460551023,5.414213562373095
4630,3075,12.514330345744634,9886.682926829268,531.2113821138212,0.9199175777470859,23.030293719333788,8.638962900654692,69.76955262170047
4631,25,1.1283791670955126,2118.0,521.0,45.00001609038752,0.0,0.0,0.0
4632,75,1.9544100476116797,3534.3333333333335,521.6666666666666,-45.00001609038752,2.3094010767585034,1.3333333333333333,3.414213562373095
4633,50,1.5957691216057308,4307.5,521.0,90.00003218077504,2.0,0.0,0.0
4634,100,2.256758334191025,5206.0,521.75,90.00003218077504,2.8284271247461903,1.7320508075688772,4.621320343559642
4635,25,1.1283791670955126,8188.0,521.0,45.00001609038752,0.0,0.0,0.0
4636,25,1.1283791670955126,8826.0,521.0,45.00001609038752,0.0,0.0,0.0
4637,25,1.1283791670955126,9851.0,521.0,45.00001609038752,0.0,0.0,0.0
4638,50,1.5957691216057308,10241.0,521.5,0.0,2.0,0.0,0.0
4639,25,1.1283791670955126,4309.0,522.0,45.00001609038752,0.0,0.0,0.0
4640,25,1.1283791670955126,8009.0,522.0,45.00001609038752,0.0,0.0,0.0
4641,75,1.9544100476116797,8023.0,523.0,0.0,3.265986323710904,0.0,1.0
4642,25,1.1283791670955126,8187.0,522.0,45.00001609038752,0.0,0.0,0.0
4643,25,1.1283791670955126,8827.0,522.0,45.00001609038752,0.0,0.0,0.0
4644,25,1.1283791670955126,3538.0,523.0,45.00001609038752,0.0,0.0,0.0
4645,25,1.1283791670955126,4310.0,523.0,45.00001609038752,0.0,0.0,0.0
4646,25,1.1283791670955126,4330.0,523.0,45.00001609038752,0.0,0.0,0.0
4647,25,1.1283791670955126,5204.0,523.0,45.00001609038752,0.0,0.0,0.0
4648,25,1.1283791670955126,5208.0,523.0,45.00001609038752,0.0,0.0,0.0
4649,25,1.1283791670955126,8186.0,523.0,45.00001609038752,0.0,0.0,0.0
4650,25,1.1283791670955126,8828.0,523.0,45.00001609038752,0.0,0.0,0.0
4651,50,1.5957691216057308,9375.0,523.5,0.0,2.0,0.0,0.0
4652,1850,9.706684619910241,1681.2027027027027,529.0675675675676,45.12818181186476,11.673937229436698,8.578072275741606,34.3492424049175
4653,25,1.1283791670955126,1683.0,524.0,45.00001609038752,0.0,0.0,0.0
4654,4845025,496.74449872063934,3329.261763355194,783.6889541333636,-46.66267404665267,602.9114288292136,491.66339746709036,4238.076656851997
4655,125,2.5231325220201604,3540.0,525.0,-58.28254642828171,4.093338188813542,1.5635160606788385,5.414213562373095
4656,25,1.1283791670955126,3558.0,524.0,45.00001609038752,0.0,0.0,0.0
4657,50,1.5957691216057308,3653.5,524.0,90.00003218077504,2.0,0.0,0.0
4658,25,1.1283791670955126,4311.0,524.0,45.00001609038752,0.0,0.0,0.0
4659,50,1.5957691216057308,4329.0,524.5,0.0,2.0,0.0,0.0
4660,25,1.1283791670955126,5209.0,524.0,45.00001609038752,0.0,0.0,0.0
4661,25,1.1283791670955126,5594.0,524.0,45.00001609038752,0.0,0.0,0.0
4662,25,1.1283791670955126,5605.0,524.0,45.00001609038752,0.0,0.0,0.0
4663,50,1.5957691216057308,8014.0,524.5,0.0,2.0,0.0,0.0
4664,25,1.1283791670955126,8185.0,524.0,45.00001609038752,0.0,0.0,0.0
4665,25,1.1283791670955126,8825.0,524.0,45.00001609038752,0.0,0.0,0.0
4666,25,1.1283791670955126,8831.0,524.0,45.00001609038752,0.0,0.0,0.0
4667,25,1.1283791670955126,8839.0,524.0,45.00001609038752,0.0,0.0,0.0
4668,25,1.1283791670955126,9854.0,524.0,45.00001609038752,0.0,0.0,0.0
4669,175,2.985410660720923,11749.42857142857,525.7142857142857,8.349625102522488,4.155374705678736,1.9054711331003737,7.207106781186548
4670,75,1.9544100476116797,1637.0,525.0,90.00003218077504,3.265986323710904,0.0,1.0
4671,475,4.918490759365935,1667.1052631578948,527.7894736842105,-27.546300036646404,6.627167017595865,4.924110306140501,15.863961030678926
4672,250,3.5682482323055424,3233.8,527.5,-32.10199823127019,5.119693962151914,3.9431882701571883,8.207106781186548
4673,25,1.1283791670955126,5198.0,525.0,45.00001609038752,0.0,0.0,0.0
4674,25,1.1283791670955126,5210.0,525.0,45.00001609038752,0.0,0.0,0.0
4675,25,1.1283791670955126,5593.0,525.0,45.00001609038752,0.0,0.0,0.0
4676,300,3.9088200952233594,8012.5,528.0,45.434041970452334,9.76413762441712,2.7070801831694364,11.207106781186548
4677,25,1.1283791670955126,8184.0,525.0,45.00001609038752,0.0,0.0,0.0
4678,25,1.1283791670955126,8816.0,525.0,45.00001609038752,0.0,0.0,0.0
4679,25,1.1283791670955126,8832.0,525.0,45.00001609038752,0.0,0.0,0.0
4680,25,1.1283791670955126,8836.0,525.0,45.00001609038752,0.0,0.0,0.0
4681,25,1.1283791670955126,9837.0,525.0,45.00001609038752,0.0,0.0,0.0
4682,25,1.1283791670955126,9841.0,525.0,45.00001609038752,0.0,0.0,0.0
4683,25,1.1283791670955126,9855.0,525.0,45.00001609038752,0.0,0.0,0.0
4684,25,1.1283791670955126,4314.0,526.0,45.00001609038752,0.0,0.0,0.0
4685,25,1.1283791670955126,4328.0,526.0,45.00001609038752,0.0,0.0,0.0
4686,25,1.1283791670955126,5211.0,526.0,45.00001609038752,0.0,0.0,0.0
4687,375,4.370193722368317,5566.066666666667,527.7333333333333,-72.18607216543309,5.912756434973438,3.7368109110743952,13.449747468305834
4688,25,1.1283791670955126,5606.0,526.0,45.00001609038752,0.0,0.0,0.0
4689,150,2.763953195770684,8022.333333333333,527.3333333333334,45.00001609038752,3.651483716701107,2.1081851067789197,5.414213562373095
4690,100,2.256758334191025,8834.0,526.25,90.00003218077504,2.8284271247461903,1.7320508075688772,4.621320343559642
4691,450,4.787307364817192,9841.611111111111,529.7777777777778,-7.877105062207987,8.772255053376197,2.7995829573895326,14.82842712474619
4692,25,1.1283791670955126,3563.0,527.0,45.00001609038752,0.0,0.0,0.0
4693,25,1.1283791670955126,4327.0,527.0,45.00001609038752,0.0,0.0,0.0
4694,25,1.1283791670955126,5562.0,527.0,45.00001609038752,0.0,0.0,0.0
4695,550,5.292567428401227,5599.090909090909,529.0909090909091,-45.00001609038752,5.502816709244202,4.972652484064489,14.242640687119284
4696,50,1.5957691216057308,10620.0,527.5,0.0,2.0,0.0,0.0
4697,125,2.5231325220201604,11707.6,527.8,18.43495541459913,3.098386676965933,1.7888543819998317,5.207106781186548
4698,25,1.1283791670955126,3561.0,528.0,45.00001609038752,0.0,0.0,0.0
4699,25,1.1283791670955126,4324.0,528.0,45.00001609038752,0.0,0.0,0.0
4700,100,2.256758334191025,4471.5,529.0,-31.71748575249332,3.23606797749979,1.2360679774997898,4.414213562373095
4701,25,1.1283791670955126,5196.0,528.0,45.00001609038752,0.0,0.0,0.0
4702,50,1.5957691216057308,9836.0,528.5,0.0,2.0,0.0,0.0
4703,125,2.5231325220201604,10615.0,529.2,34.0993074495102,3.335641688875783,2.0575457524521585,5.621320343559642
4704,100,2.256758334191025,10618.0,528.75,90.00003218077504,2.8284271247461903,1.7320508075688772,4.621320343559642
4705,25,1.1283791670955126,1639.0,529.0,45.00001609038752,0.0,0.0,0.0
4706,25,1.1283791670955126,1641.0,529.0,45.00001609038752,0.0,0.0,0.0
4707,175,2.985410660720923,1644.142857142857,529.8571428571429,75.12758621445207,4.0456382356289255,2.415966245432733,6.035533905932738
4708,25,1.1283791670955126,3237.0,529.0,45.00001609038752,0.0,0.0,0.0
4709,25,1.1283791670955126,3267.0,529.0,45.00001609038752,0.0,0.0,0.0
4710,25,1.1283791670955126,3562.0,529.0,45.00001609038752,0.0,0.0,0.0
4711,25,1.1283791670955126,4323.0,529.0,45.00001609038752,0.0,0.0,0.0
4712,25,1.1283791670955126,5195.0,529.0,45.00001609038752,0.0,0.0,0.0
4713,75,1.9544100476116797,8019.333333333333,529.3333333333334,45.00001609038752,2.3094010767585034,1.3333333333333333,3.414213562373095
4714,350,4.222008245644752,9901.0,532.2857142857143,8.463759558409576,7.0590298553157345,3.2524238295565437,13.863961030678928
4715,25,1.1283791670955126,1662.0,530.0,45.00001609038752,0.0,0.0,0.0
4716,25,1.1283791670955126,3231.0,530.0,45.00001609038752,0.0,0.0,0.0
4717,25,1.1283791670955126,3238.0,530.0,45.00001609038752,0.0,0.0,0.0
4718,25,1.1283791670955126,3266.0,530.0,45.00001609038752,0.0,0.0,0.0
4719,25,1.1283791670955126,4322.0,530.0,45.00001609038752,0.0,0.0,0.0
4720,25,1.1283791670955126,5194.0,530.0,45.00001609038752,0.0,0.0,0.0
4721,225,3.385137501286538,5207.111111111111,531.6666666666666,20.300654581286288,3.885753375057407,2.7954428906961324,8.242640687119284
4722,50,1.5957691216057308,7815.5,530.0,90.00003218077504,2.0,0.0,0.0
4723,25,1.1283791670955126,9837.0,530.0,45.00001609038752,0.0,0.0,0.0
4724,25,1.1283791670955126,1636.0,531.0,45.00001609038752,0.0,0.0,0.0
4725,25,1.1283791670955126,3239.0,531.0,45.00001609038752,0.0,0.0,0.0
4726,25,1.1283791670955126,3265.0,531.0,45.00001609038752,0.0,0.0,0.0
4727,150,2.763953195770684,4467.333333333333,532.5,0.0,3.8297084310253524,1.8856180831641272,6.414213562373095
4728,25,1.1283791670955126,5193.0,531.0,45.00001609038752,0.0,0.0,0.0
4729,25,1.1283791670955126,3240.0,532.0,45.00001609038752,0.0,0.0,0.0
4730,25,1.1283791670955126,3264.0,532.0,45.00001609038752,0.0,0.0,0.0
4731,50,1.5957691216057308,3243.5,533.0,90.00003218077504,2.0,0.0,0.0
4732,25,1.1283791670955126,3262.0,533.0,45.00001609038752,0.0,0.0,0.0
4733,25,1.1283791670955126,5606.0,533.0,45.00001609038752,0.0,0.0,0.0
4734,3875,14.048207338801282,6600.432258064516,547.8,-6.262311377441926,28.937583339115573,10.688233289255006,92.04772721475248
4735,75,1.9544100476116797,8823.666666666666,533.3333333333334,-45.00001609038752,2.3094010767585034,1.3333333333333333,3.414213562373095
4736,25,1.1283791670955126,1675.0,534.0,45.00001609038752,0.0,0.0,0.0
4737,25,1.1283791670955126,3248.0,534.0,45.00001609038752,0.0,0.0,0.0
4738,25,1.1283791670955126,3259.0,534.0,45.00001609038752,0.0,0.0,0.0
4739,25,1.1283791670955126,5588.0,534.0,45.00001609038752,0.0,0.0,0.0
4740,25,1.1283791670955126,5594.0,534.0,45.00001609038752,0.0,0.0,0.0
4741,25,1.1283791670955126,9918.0,534.0,45.00001609038752,0.0,0.0,0.0
4742,25,1.1283791670955126,5193.0,535.0,45.00001609038752,0.0,0.0,0.0
4743,50,1.5957691216057308,5595.5,535.0,90.00003218077504,2.0,0.0,0.0
4744,25,1.1283791670955126,5605.0,535.0,45.00001609038752,0.0,0.0,0.0
4745,25,1.1283791670955126,9919.0,535.0,45.00001609038752,0.0,0.0,0.0
4746,25,1.1283791670955126,10615.0,535.0,45.00001609038752,0.0,0.0,0.0
4747,25,1.1283791670955126,115.0,536.0,45.00001609038752,0.0,0.0,0.0
4748,150,2.763953195770684,3609.8333333333335,536.6666666666666,-77.06684915928662,4.363338213437162,1.65500979239906,5.0
4749,25,1.1283791670955126,5194.0,536.0,45.00001609038752,0.0,0.0,0.0
4750,450,4.787307364817192,5561.611111111111,537.9444444444445,-24.420483244555115,6.01874319845546,4.051753400651143,14.071067811865476
4751,25,1.1283791670955126,5597.0,536.0,45.00001609038752,0.0,0.0,0.0
4752,25,1.1283791670955126,5603.0,536.0,45.00001609038752,0.0,0.0,0.0
4753,25,1.1283791670955126,10614.0,536.0,45.00001609038752,0.0,0.0,0.0
4754,425,4.652426491681278,11749.64705882353,539.7647058823529,-5.106575137677496,8.657226821127786,2.622863585267606,12.621320343559642
4755,50,1.5957691216057308,5195.5,537.0,90.00003218077504,2.0,0.0,0.0
4756,25,1.1283791670955126,5581.0,537.0,45.00001609038752,0.0,0.0,0.0
4757,100,2.256758334191025,5599.0,537.25,90.00003218077504,2.8284271247461903,1.7320508075688772,4.621320343559642
4758,25,1.1283791670955126,8823.0,537.0,45.00001609038752,0.0,0.0,0.0
4759,25,1.1283791670955126,10642.0,537.0,45.00001609038752,0.0,0.0,0.0
4760,25,1.1283791670955126,11685.0,537.0,45.00001609038752,0.0,0.0,0.0
4761,25,1.1283791670955126,5197.0,538.0,45.00001609038752,0.0,0.0,0.0
4762,25,1.1283791670955126,9932.0,538.0,45.00001609038752,0.0,0.0,0.0
4763,2950,12.257335203001883,3522.1101694915255,547.5593220338983,-48.90895512439387,17.6761271199041,12.103324666795325,65.94112549695429
4764,175,2.985410660720923,3610.714285714286,540.1428571428571,-71.5650767661759,4.27617987059879,2.285714285714286,7.414213562373095
4765,25,1.1283791670955126,5198.0,539.0,45.00001609038752,0.0,0.0,0.0
4766,200,3.1915382432114616,9160.125,540.75,-35.3549895320785,4.507893913753563,2.104493398028036,8.242640687119284
4767,50,1.5957691216057308,3523.5,540.0,90.00003218077504,2.0,0.0,0.0
4768,325,4.068428945128219,4492.923076923077,542.5384615384615,-6.871401326544538,6.623771481471705,2.829718743263344,10.621320343559642
4769,25,1.1283791670955126,5199.0,540.0,45.00001609038752,0.0,0.0,0.0
4770,25,1.1283791670955126,5211.0,540.0,45.00001609038752,0.0,0.0,0.0
4771,50,1.5957691216057308,5578.0,540.5,0.0,2.0,0.0,0.0
4772,25,1.1283791670955126,9882.0,540.0,45.00001609038752,0.0,0.0,0.0
4773,25,1.1283791670955126,9904.0,540.0,45.00001609038752,0.0,0.0,0.0
4774,25,1.1283791670955126,9905.0,541.0,45.00001609038752,0.0,0.0,0.0
4775,75,1.9544100476116797,5208.666666666667,542.3333333333334,-45.00001609038752,2.3094010767585034,1.3333333333333333,3.414213562373095
4776,50,1.5957691216057308,6612.0,542.5,0.0,2.0,0.0,0.0
4777,375,4.370193722368317,8161.8,548.4,0.4800874549951815,12.462639855605666,1.5966447620356485,13.0
4778,400,4.51351666838205,9896.6875,544.3125,-74.85245477261533,7.941988901065106,3.130465188332026,14.449747468305834
4779,25,1.1283791670955126,11193.0,543.0,45.00001609038752,0.0,0.0,0.0
4780,3813575,440.7082707103827,11331.15827668264,915.3263932137168,-0.543095376701744,722.4491206360021,285.9256603285865,2057.2611101190982
4781,25,1.1283791670955126,3532.0,544.0,45.00001609038752,0.0,0.0,0.0
4782,75,1.9544100476116797,3595.6666666666665,544.6666666666666,45.00001609038752,2.3094010767585034,1.3333333333333333,3.414213562373095
4783,25,1.1283791670955126,5200.0,544.0,45.00001609038752,0.0,0.0,0.0
4784,25,1.1283791670955126,5581.0,544.0,45.00001609038752,0.0,0.0,0.0
4785,50,1.5957691216057308,6613.0,544.5,0.0,2.0,0.0,0.0
4786,25,1.1283791670955126,7902.0,544.0,45.00001609038752,0.0,0.0,0.0
4787,25,1.1283791670955126,8821.0,544.0,45.00001609038752,0.0,0.0,0.0
4788,75,1.9544100476116797,9890.333333333334,544.6666666666666,-45.00001609038752,2.3094010767585034,1.3333333333333333,3.414213562373095
4789,25,1.1283791670955126,4494.0,546.0,45.00001609038752,0.0,0.0,0.0
4790,25,1.1283791670955126,11749.0,546.0,45.00001609038752,0.0,0.0,0.0
4791,25,1.1283791670955126,3692.0,547.0,45.00001609038752,0.0,0.0,0.0
4792,25,1.1283791670955126,9897.0,547.0,45.00001609038752,0.0,0.0,0.0
4793,25,1.1283791670955126,3531.0,548.0,45.00001609038752,0.0,0.0,0.0
4794,25,1.1283791670955126,6595.0,548.0,45.00001609038752,0.0,0.0,0.0
4795,150,2.763953195770684,6610.0,549.5,39.69018655370586,4.8496611975202075,1.3468925727763872,6.414213562373095
4796,150,2.763953195770684,11748.5,549.5,18.43495541459913,3.9999999999999996,1.632993161855452,6.414213562373095
4797,100,2.256758334191025,3547.0,549.25,90.00003218077504,2.8284271247461903,1.7320508075688772,4.621320343559642
4798,25,1.1283791670955126,3550.0,549.0,45.00001609038752,0.0,0.0,0.0
4799,325,4.068428945128219,3575.769230769231,551.7692307692307,1.870469443888923,7.552922873220816,2.776824178964515,13.207106781186548
4800,25,1.1283791670955126,5610.0,549.0,45.00001609038752,0.0,0.0,0.0
4801,50,1.5957691216057308,6596.0,549.5,0.0,2.0,0.0,0.0
4802,25,1.1283791670955126,9880.0,549.0,45.00001609038752,0.0,0.0,0.0
4803,25,1.1283791670955126,9897.0,549.0,45.00001609038752,0.0,0.0,0.0
4804,400,4.51351666838205,5606.875,553.0,47.23359641973016,7.612366962289459,3.1307937063057905,12.414213562373096
4805,75,1.9544100476116797,9876.0,551.0,0.0,3.265986323710904,0.0,1.0
4806,25,1.1283791670955126,9898.0,550.0,45.00001609038752,0.0,0.0,0.0
4807,25,1.1283791670955126,5611.0,551.0,45.00001609038752,0.0,0.0,0.0
4808,1150,7.653039857325812,9157.45652173913,559.195652173913,-29.123961533819855,17.392784109927835,5.624139710559452,33.071067811865476
4809,250,3.5682482323055424,9880.1,553.0,63.28157056151103,5.645544380380573,2.8227342505367607,9.207106781186548
4810,25,1.1283791670955126,3579.0,552.0,45.00001609038752,0.0,0.0,0.0
4811,1350,8.291859587312052,4460.648148148148,559.7962962962963,-4.673963251818236,17.197987914581176,7.197688178802632,45.10660171779821
4812,25,1.1283791670955126,6612.0,552.0,45.00001609038752,0.0,0.0,0.0
4813,175,2.985410660720923,9901.0,553.5714285714286,33.40071668607108,4.00943972722854,2.475575631317813,7.414213562373095
4814,850,6.579524642479541,11747.588235294117,560.0,11.406061862869478,16.331561303605724,4.084721493226373,30.449747468305834
4815,25,1.1283791670955126,3698.0,553.0,45.00001609038752,0.0,0.0,0.0
4816,25,1.1283791670955126,5611.0,553.0,45.00001609038752,0.0,0.0,0.0
4817,175,2.985410660720923,6604.714285714285,553.4285714285714,81.65040707825256,4.155374705678736,1.9054711331003737,7.207106781186548
4818,1200,7.817640190446719,6613.75,560.1666666666666,-17.152632134204037,15.028786121494434,5.53995877872136,34.79898987322333
4819,100,2.256758334191025,9869.5,553.5,45.00001609038752,2.0,2.0,4.0
4820,25,1.1283791670955126,10611.0,553.0,45.00001609038752,0.0,0.0,0.0
4821,300,3.9088200952233594,11813.25,555.3333333333334,-18.873409442089844,7.341853032996198,2.4466472836870903,12.035533905932738
4822,25,1.1283791670955126,9877.0,554.0,45.00001609038752,0.0,0.0,0.0
4823,275,3.742410318509555,3577.7272727272725,556.6363636363636,-75.64705077696448,4.9310656930783985,3.4134342353860556,10.449747468305832
4824,125,2.5231325220201604,4485.6,557.2,-18.43495541459913,3.098386676965933,1.7888543819998317,5.207106781186548
4825,25,1.1283791670955126,5623.0,556.0,45.00001609038752,0.0,0.0,0.0
4826,125,2.5231325220201604,9879.2,557.0,-55.900724731264845,3.335641688875783,2.0575457524521585,5.621320343559642
4827,50,1.5957691216057308,3539.5,557.0,90.00003218077504,2.0,0.0,0.0
4828,25,1.1283791670955126,5618.0,557.0,45.00001609038752,0.0,0.0,0.0
4829,25,1.1283791670955126,5627.0,557.0,45.00001609038752,0.0,0.0,0.0
4830,100,2.256758334191025,7805.0,557.25,90.00003218077504,2.8284271247461903,1.7320508075688772,4.621320343559642
4831,300,3.9088200952233594,9900.833333333334,558.75,26.907620132808926,5.481329756420719,3.8957985476149837,10.621320343559642
4832,25,1.1283791670955126,9904.0,557.0,45.00001609038752,0.0,0.0,0.0
4833,25,1.1283791670955126,1807.0,558.0,45.00001609038752,0.0,0.0,0.0
4834,25,1.1283791670955126,5617.0,558.0,45.00001609038752,0.0,0.0,0.0
4835,25,1.1283791670955126,5629.0,558.0,45.00001609038752,0.0,0.0,0.0
4836,2250,10.704744696916627,3625.788888888889,563.3666666666667,-75.12514704643947,24.175867421025053,6.142467222283085,58.798989873223334
4837,50,1.5957691216057308,5616.0,559.5,0.0,2.0,0.0,0.0
4838,25,1.1283791670955126,5630.0,559.0,45.00001609038752,0.0,0.0,0.0
4839,125,2.5231325220201604,11811.2,560.6,5.152425076704936,4.093338188813543,1.5635160606788383,4.414213562373095
4840,50,1.5957691216057308,2117.5,560.0,90.00003218077504,2.0,0.0,0.0
4841,100,2.256758334191025,3571.75,561.0,0.0,2.8284271247461903,1.7320508075688772,4.621320343559642
4842,25,1.1283791670955126,4261.0,560.0,45.00001609038752,0.0,0.0,0.0
4843,120275,78.2659277701406,6923.079401371856,595.711702348784,-75.03055459525073,83.53786179303765,76.44595009049773,305.17871555019025
4844,525,5.170882945826411,9876.285714285714,562.9047619047619,-10.208539532554823,8.833177836321388,3.872972065814341,16.242640687119284
4845,75,1.9544100476116797,9921.666666666666,560.6666666666666,45.00001609038752,2.3094010767585034,1.3333333333333333,3.414213562373095
4846,75,1.9544100476116797,4228.0,561.0,90.00003218077504,3.265986323710904,0.0,1.0
4847,250,3.5682482323055424,4485.6,563.3,-22.35157465845697,5.377534309622296,2.661226173934687,10.449747468305832
4848,25,1.1283791670955126,5631.0,561.0,45.00001609038752,0.0,0.0,0.0
4849,550,5.292567428401227,8815.772727272728,564.2272727272727,10.455029190291915,8.376251303177902,3.542479062417079,17.86396103067893
4850,75,1.9544100476116797,8819.0,561.0,90.00003218077504,3.265986323710904,0.0,1.0
4851,25,1.1283791670955126,9918.0,561.0,45.00001609038752,0.0,0.0,0.0
4852,50,1.5957691216057308,4260.5,562.0,90.00003218077504,2.0,0.0,0.0
4853,275,3.742410318509555,5623.363636363636,563.5454545454545,18.43495541459913,4.0,3.4688698233343476,9.65685424949238
4854,25,1.1283791670955126,5632.0,562.0,45.00001609038752,0.0,0.0,0.0
4855,25,1.1283791670955126,8810.0,562.0,45.00001609038752,0.0,0.0,0.0
4856,125,2.5231325220201604,8821.4,563.2,18.43495541459913,3.098386676965933,1.7888543819998317,5.207106781186548
4857,125,2.5231325220201604,9901.8,562.8,45.00001609038752,4.0,1.3856406460551023,5.414213562373095
4858,75,1.9544100476116797,9919.666666666666,562.6666666666666,45.00001609038752,2.3094010767585034,1.3333333333333333,3.414213562373095
4859,300,3.9088200952233594,4464.916666666667,565.4166666666666,0.6281427390794186,7.564939729299965,2.5591921908752266,10.82842712474619
4860,25,1.1283791670955126,5633.0,563.0,45.00001609038752,0.0,0.0,0.0
4861,1225,7.898654169668588,3610.3673469387754,567.4081632653061,-75.28901711209636,10.984135847065062,6.252641991308906,28.14213562373095
4862,25,1.1283791670955126,3637.0,564.0,45.00001609038752,0.0,0.0,0.0
4863,25,1.1283791670955126,4452.0,564.0,45.00001609038752,0.0,0.0,0.0
4864,25,1.1283791670955126,5634.0,564.0,45.00001609038752,0.0,0.0,0.0
4865,25,1.1283791670955126,9903.0,564.0,45.00001609038752,0.0,0.0,0.0
4866,50,1.5957691216057308,9917.5,564.0,90.00003218077504,2.0,0.0,0.0
4867,25,1.1283791670955126,9921.0,564.0,45.00001609038752,0.0,0.0,0.0
4868,25,1.1283791670955126,11813.0,564.0,45.00001609038752,0.0,0.0,0.0
4869,25,1.1283791670955126,2118.0,565.0,45.00001609038752,0.0,0.0,0.0
4870,25,1.1283791670955126,5638.0,565.0,45.00001609038752,0.0,0.0,0.0
4871,225,3.385137501286538,10649.444444444445,568.1111111111111,11.309936518046793,7.302967433402215,1.4054567378526126,7.0
4872,50,1.5957691216057308,3633.5,566.0,90.00003218077504,2.0,0.0,0.0
4873,25,1.1283791670955126,5640.0,566.0,45.00001609038752,0.0,0.0,0.0
4874,50,1.5957691216057308,7900.5,566.0,90.00003218077504,2.0,0.0,0.0
4875,25,1.1283791670955126,3635.0,567.0,45.00001609038752,0.0,0.0,0.0
4876,675,5.863230142835039,4229.333333333333,571.4444444444445,-3.381196046463758,10.590211623014412,3.3914213491432728,20.863961030678926
4877,25,1.1283791670955126,6610.0,567.0,45.00001609038752,0.0,0.0,0.0
4878,75,1.9544100476116797,9917.333333333334,567.3333333333334,45.00001609038752,2.3094010767585034,1.3333333333333333,3.414213562373095
4879,50,1.5957691216057308,1801.0,568.5,0.0,2.0,0.0,0.0
4880,4925,15.837556323903858,3601.1573604060914,580.7055837563452,0.4107524334591376,30.105646499998667,10.025801886087832,84.56244584051393
4881,25,1.1283791670955126,3622.0,568.0,45.00001609038752,0.0,0.0,0.0
4882,25,1.1283791670955126,3636.0,568.0,45.00001609038752,0.0,0.0,0.0
4883,25,1.1283791670955126,5629.0,568.0,45.00001609038752,0.0,0.0,0.0
4884,25,1.1283791670955126,5641.0,568.0,45.00001609038752,0.0,0.0,0.0
4885,25,1.1283791670955126,7891.0,568.0,45.00001609038752,0.0,0.0,0.0
4886,25,1.1283791670955126,8821.0,568.0,45.00001609038752,0.0,0.0,0.0
4887,25,1.1283791670955126,9919.0,568.0,45.00001609038752,0.0,0.0,0.0
4888,25,1.1283791670955126,11338.0,568.0,45.00001609038752,0.0,0.0,0.0
4889,450,4.787307364817192,3619.5555555555557,572.2777777777778,-32.993795306531176,6.877055753856332,4.30502783407711,15.449747468305834
4890,25,1.1283791670955126,5617.0,569.0,45.00001609038752,0.0,0.0,0.0
4891,25,1.1283791670955126,6611.0,569.0,45.00001609038752,0.0,0.0,0.0
4892,50,1.5957691216057308,7804.5,569.0,90.00003218077504,2.0,0.0,0.0
4893,25,1.1283791670955126,8810.0,569.0,45.00001609038752,0.0,0.0,0.0
4894,100,2.256758334191025,9876.75,569.25,-71.5650767661759,3.4641016151377544,1.4142135623730951,3.2071067811865475
4895,50,1.5957691216057308,9914.0,569.5,0.0,2.0,0.0,0.0
4896,25,1.1283791670955126,9916.0,569.0,45.00001609038752,0.0,0.0,0.0
4897,225,3.385137501286538,4463.666666666667,571.6666666666666,-9.217477707299567,5.3871543212162285,2.556193238970183,9.449747468305832
4898,100,2.256758334191025,5213.0,570.75,90.00003218077504,2.8284271247461903,1.7320508075688772,4.621320343559642
4899,25,1.1283791670955126,5618.0,570.0,45.00001609038752,0.0,0.0,0.0
4900,325,4.068428945128219,5633.153846153846,572.0,0.0,5.203549084703927,3.076923076923077,10.82842712474619
4901,25,1.1283791670955126,6610.0,570.0,45.00001609038752,0.0,0.0,0.0
4902,225,3.385137501286538,8130.444444444444,571.4444444444445,-45.00001609038752,5.65685424949238,2.0846292265881905,9.0
4903,25,1.1283791670955126,8811.0,570.0,45.00001609038752,0.0,0.0,0.0
4904,25,1.1283791670955126,8820.0,570.0,45.00001609038752,0.0,0.0,0.0
4905,25,1.1283791670955126,3607.0,571.0,45.00001609038752,0.0,0.0,0.0
4906,6200,17.769732893161912,3615.7943548387098,586.8387096774194,15.48130050919892,31.645088169410766,16.080805232806046,131.61017305526642
4907,125,2.5231325220201604,4251.2,571.8,-45.00001609038752,4.0,1.3856406460551023,5.414213562373095
4908,50,1.5957691216057308,4487.0,571.5,0.0,2.0,0.0,0.0
4909,25,1.1283791670955126,5620.0,571.0,45.00001609038752,0.0,0.0,0.0
4910,100,2.256758334191025,5950.5,571.5,45.00001609038752,2.0,2.0,4.0
4911,50,1.5957691216057308,6620.0,571.5,0.0,2.0,0.0,0.0
4912,50,1.5957691216057308,8812.5,571.0,90.00003218077504,2.0,0.0,0.0
4913,25,1.1283791670955126,8819.0,571.0,45.00001609038752,0.0,0.0,0.0
4914,50,1.5957691216057308,3575.5,572.0,90.00003218077504,2.0,0.0,0.0
4915,25,1.1283791670955126,4453.0,572.0,45.00001609038752,0.0,0.0,0.0
4916,25,1.1283791670955126,4466.0,572.0,45.00001609038752,0.0,0.0,0.0
4917,25,1.1283791670955126,5211.0,572.0,45.00001609038752,0.0,0.0,0.0
4918,25,1.1283791670955126,5215.0,572.0,45.00001609038752,0.0,0.0,0.0
4919,25,1.1283791670955126,5623.0,572.0,45.00001609038752,0.0,0.0,0.0
4920,25,1.1283791670955126,5953.0,572.0,45.00001609038752,0.0,0.0,0.0
4921,100,2.256758334191025,8816.0,572.5,58.28254642828171,3.23606797749979,1.2360679774997898,4.414213562373095
4922,25,1.1283791670955126,8818.0,572.0,45.00001609038752,0.0,0.0,0.0
4923,25,1.1283791670955126,9878.0,572.0,45.00001609038752,0.0,0.0,0.0
4924,300,3.9088200952233594,3595.0,575.3333333333334,8.349625102522486,4.7347559603384255,3.6245884665152417,10.82842712474619
4925,75,1.9544100476116797,4454.0,574.0,0.0,3.265986323710904,0.0,1.0
4926,25,1.1283791670955126,5209.0,573.0,45.00001609038752,0.0,0.0,0.0
4927,25,1.1283791670955126,5216.0,573.0,45.00001609038752,0.0,0.0,0.0
4928,75,1.9544100476116797,5246.333333333333,573.6666666666666,-45.00001609038752,2.3094010767585034,1.3333333333333333,3.414213562373095
4929,225,3.385137501286538,5393.333333333333,575.0,13.282530337894192,4.708788181923399,2.504347879633133,9.242640687119284
4930,25,1.1283791670955126,5624.0,573.0,45.00001609038752,0.0,0.0,0.0
4931,775,6.282549314314218,5949.322580645161,576.3548387096774,58.62768515062344,8.544053972447552,5.101893630306954,20.071067811865476
4932,2350,10.940041919714261,6612.808510638298,589.531914893617,3.529871708791689,38.08491003316367,3.3644641047213324,65.14213562373095
4933,25,1.1283791670955126,8163.0,573.0,45.00001609038752,0.0,0.0,0.0
4934,50,1.5957691216057308,9150.0,573.5,0.0,2.0,0.0,0.0
4935,50,1.5957691216057308,4278.0,574.5,0.0,2.0,0.0,0.0
4936,25,1.1283791670955126,5207.0,574.0,45.00001609038752,0.0,0.0,0.0
4937,25,1.1283791670955126,5625.0,574.0,45.00001609038752,0.0,0.0,0.0
4938,25,1.1283791670955126,9903.0,574.0,45.00001609038752,0.0,0.0,0.0
4939,25,1.1283791670955126,9913.0,574.0,45.00001609038752,0.0,0.0,0.0
4940,50,1.5957691216057308,10651.0,574.5,0.0,2.0,0.0,0.0
4941,25,1.1283791670955126,5206.0,575.0,45.00001609038752,0.0,0.0,0.0
4942,25,1.1283791670955126,5219.0,575.0,45.00001609038752,0.0,0.0,0.0
4943,75,1.9544100476116797,5262.333333333333,575.3333333333334,45.00001609038752,2.3094010767585034,1.3333333333333333,3.414213562373095
4944,25,1.1283791670955126,5626.0,575.0,45.00001609038752,0.0,0.0,0.0
4945,25,1.1283791670955126,5642.0,575.0,45.00001609038752,0.0,0.0,0.0
4946,25,1.1283791670955126,5220.0,576.0,45.00001609038752,0.0,0.0,0.0
4947,50,1.5957691216057308,8147.0,576.5,0.0,2.0,0.0,0.0
4948,25,1.1283791670955126,5259.0,577.0,45.00001609038752,0.0,0.0,0.0
4949,25,1.1283791670955126,5397.0,577.0,45.00001609038752,0.0,0.0,0.0
4950,25,1.1283791670955126,5627.0,577.0,45.00001609038752,0.0,0.0,0.0
4951,25,1.1283791670955126,8144.0,577.0,45.00001609038752,0.0,0.0,0.0
4952,25,1.1283791670955126,9999.0,577.0,45.00001609038752,0.0,0.0,0.0
4953,25,1.1283791670955126,3114.0,578.0,45.00001609038752,0.0,0.0,0.0
4954,25,1.1283791670955126,3623.0,578.0,45.00001609038752,0.0,0.0,0.0
4955,25,1.1283791670955126,5221.0,578.0,45.00001609038752,0.0,0.0,0.0
4956,12700,25.43237481489809,5402.425196850394,599.9783464566929,33.27343414502572,53.678917613823906,16.355920753445396,206.03048327204937
4957,25,1.1283791670955126,5628.0,578.0,45.00001609038752,0.0,0.0,0.0
4958,25,1.1283791670955126,5641.0,578.0,45.00001609038752,0.0,0.0,0.0
4959,25,1.1283791670955126,5967.0,578.0,45.00001609038752,0.0,0.0,0.0
4960,25,1.1283791670955126,7812.0,578.0,45.00001609038752,0.0,0.0,0.0
4961,25,1.1283791670955126,8146.0,578.0,45.00001609038752,0.0,0.0,0.0
4962,25,1.1283791670955126,9914.0,578.0,45.00001609038752,0.0,0.0,0.0
4963,650,5.753627391751592,3624.576923076923,582.8461538461538,-7.066921719783109,8.09414616113975,4.658726524850888,20.31370849898476
4964,25,1.1283791670955126,5398.0,579.0,45.00001609038752,0.0,0.0,0.0
4965,25,1.1283791670955126,5629.0,579.0,45.00001609038752,0.0,0.0,0.0
4966,25,1.1283791670955126,7811.0,579.0,45.00001609038752,0.0,0.0,0.0
4967,75,1.9544100476116797,7901.666666666667,579.6666666666666,45.00001609038752,2.3094010767585034,1.3333333333333333,3.414213562373095
4968,1350,8.291859587312052,8139.851851851852,582.1481481481482,-76.65277226777297,18.952493835556403,7.125118393281054,42.55634918610404
4969,325,4.068428945128219,9911.461538461539,581.1538461538462,-26.325334890672774,4.853368730496897,3.8084095845205606,11.449747468305832
4970,12146875,786.5337016289875,10356.273533316182,1171.1070090043736,37.641158068171805,1092.4751204339007,660.9198347507125,4494.474672492193
4971,25,1.1283791670955126,4491.0,580.0,45.00001609038752,0.0,0.0,0.0
4972,25,1.1283791670955126,5640.0,580.0,45.00001609038752,0.0,0.0,0.0
4973,25,1.1283791670955126,7817.0,580.0,45.00001609038752,0.0,0.0,0.0
4974,25,1.1283791670955126,8150.0,580.0,45.00001609038752,0.0,0.0,0.0
4975,25,1.1283791670955126,9907.0,580.0,45.00001609038752,0.0,0.0,0.0
4976,75,1.9544100476116797,10271.666666666666,580.6666666666666,45.00001609038752,2.3094010767585034,1.3333333333333333,3.414213562373095
4977,25,1.1283791670955126,10652.0,580.0,45.00001609038752,0.0,0.0,0.0
4978,25,1.1283791670955126,3630.0,581.0,45.00001609038752,0.0,0.0,0.0
4979,25,1.1283791670955126,5633.0,581.0,45.00001609038752,0.0,0.0,0.0
4980,25,1.1283791670955126,5638.0,581.0,45.00001609038752,0.0,0.0,0.0
4981,25,1.1283791670955126,11221.0,581.0,45.00001609038752,0.0,0.0,0.0
4982,25,1.1283791670955126,11346.0,581.0,45.00001609038752,0.0,0.0,0.0
4983,175,2.985410660720923,5635.428571428572,582.5714285714286,-72.23118693128777,3.6857065455973044,2.822514422975452,6.621320343559642
4984,25,1.1283791670955126,9914.0,582.0,45.00001609038752,0.0,0.0,0.0
4985,25,1.1283791670955126,9993.0,582.0,45.00001609038752,0.0,0.0,0.0
4986,75,1.9544100476116797,10273.333333333334,582.3333333333334,45.00001609038752,2.3094010767585034,1.3333333333333333,3.414213562373095
4987,100,2.256758334191025,5215.5,583.5,45.00001609038752,2.0,2.0,4.0
4988,25,1.1283791670955126,9992.0,583.0,45.00001609038752,0.0,0.0,0.0
4989,50,1.5957691216057308,1794.5,584.0,90.00003218077504,2.0,0.0,0.0
4990,25,1.1283791670955126,1800.0,584.0,45.00001609038752,0.0,0.0,0.0
4991,175,2.985410660720923,4261.428571428572,585.1428571428571,48.42140402006827,4.505936460652527,1.964637859424638,6.414213562373095
4992,200,3.1915382432114616,4278.0,585.0,-67.50002413558127,5.226251859505506,2.164784400584788,8.414213562373096
4993,25,1.1283791670955126,9991.0,584.0,45.00001609038752,0.0,0.0,0.0
4994,25,1.1283791670955126,4258.0,585.0,45.00001609038752,0.0,0.0,0.0
4995,25,1.1283791670955126,4275.0,585.0,45.00001609038752,0.0,0.0,0.0
4996,100,2.256758334191025,5636.0,585.75,90.00003218077504,2.8284271247461903,1.7320508075688772,4.621320343559642
4997,75,1.9544100476116797,8140.333333333333,585.3333333333334,45.00001609038752,2.3094010767585034,1.3333333333333333,3.414213562373095
4998,75,1.9544100476116797,9909.0,585.0,90.00003218077504,3.265986323710904,0.0,1.0
4999,125,2.5231325220201604,9912.8,585.8,45.00001609038752,4.0,1.3856406460551023,5.414213562373095
5000,25,1.1283791670955126,9990.0,585.0,45.00001609038752,0.0,0.0,0.0
5001,25,1.1283791670955126,11815.0,585.0,45.00001609038752,0.0,0.0,0.0
5002,25,1.1283791670955126,5204.0,586.0,45.00001609038752,0.0,0.0,0.0
5003,25,1.1283791670955126,5991.0,586.0,45.00001609038752,0.0,0.0,0.0
5004,25,1.1283791670955126,9989.0,586.0,45.00001609038752,0.0,0.0,0.0
5005,25,1.1283791670955126,10653.0,586.0,45.00001609038752,0.0,0.0,0.0
5006,25,1.1283791670955126,3595.0,587.0,45.00001609038752,0.0,0.0,0.0
5007,175,2.985410660720923,3608.0,588.1428571428571,-69.4070622346147,5.555525530377286,1.7593520838068657,7.621320343559642
5008,25,1.1283791670955126,5634.0,587.0,45.00001609038752,0.0,0.0,0.0
5009,25,1.1283791670955126,5639.0,587.0,45.00001609038752,0.0,0.0,0.0
5010,25,1.1283791670955126,9988.0,587.0,45.00001609038752,0.0,0.0,0.0
5011,50,1.5957691216057308,3021.0,588.5,0.0,2.0,0.0,0.0
5012,25,1.1283791670955126,3104.0,588.0,45.00001609038752,0.0,0.0,0.0
5013,25,1.1283791670955126,3593.0,588.0,45.00001609038752,0.0,0.0,0.0
5014,50,1.5957691216057308,3613.0,588.5,0.0,2.0,0.0,0.0
5015,50,1.5957691216057308,4291.5,588.0,90.00003218077504,2.0,0.0,0.0
5016,25,1.1283791670955126,5270.0,588.0,45.00001609038752,0.0,0.0,0.0
5017,25,1.1283791670955126,5640.0,588.0,45.00001609038752,0.0,0.0,0.0
5018,100,2.256758334191025,9149.0,588.5,-58.28254642828171,3.23606797749979,1.2360679774997898,4.414213562373095
5019,25,1.1283791670955126,9987.0,588.0,45.00001609038752,0.0,0.0,0.0
5020,25,1.1283791670955126,5205.0,589.0,45.00001609038752,0.0,0.0,0.0
5021,25,1.1283791670955126,5274.0,589.0,45.00001609038752,0.0,0.0,0.0
5022,25,1.1283791670955126,9986.0,589.0,45.00001609038752,0.0,0.0,0.0
5023,25,1.1283791670955126,11803.0,589.0,45.00001609038752,0.0,0.0,0.0
5024,425,4.652426491681278,3020.8823529411766,592.8823529411765,22.364557990697268,8.565543021257819,2.67015779443374,12.035533905932738
5025,25,1.1283791670955126,3103.0,590.0,45.00001609038752,0.0,0.0,0.0
5026,25,1.1283791670955126,3629.0,590.0,45.00001609038752,0.0,0.0,0.0
5027,25,1.1283791670955126,4290.0,590.0,45.00001609038752,0.0,0.0,0.0
5028,25,1.1283791670955126,5632.0,590.0,45.00001609038752,0.0,0.0,0.0
5029,25,1.1283791670955126,5641.0,590.0,45.00001609038752,0.0,0.0,0.0
5030,25,1.1283791670955126,5990.0,590.0,45.00001609038752,0.0,0.0,0.0
5031,25,1.1283791670955126,8132.0,590.0,45.00001609038752,0.0,0.0,0.0
5032,25,1.1283791670955126,9985.0,590.0,45.00001609038752,0.0,0.0,0.0
5033,50,1.5957691216057308,5206.0,591.5,0.0,2.0,0.0,0.0
5034,25,1.1283791670955126,5223.0,591.0,45.00001609038752,0.0,0.0,0.0
5035,250,3.5682482323055424,5271.0,592.2,75.00920713617042,5.185106734935581,2.7703191417823465,9.035533905932738
5036,25,1.1283791670955126,9984.0,591.0,45.00001609038752,0.0,0.0,0.0
5037,25,1.1283791670955126,11802.0,591.0,45.00001609038752,0.0,0.0,0.0
5038,25,1.1283791670955126,3615.0,592.0,45.00001609038752,0.0,0.0,0.0
5039,25,1.1283791670955126,4272.0,592.0,45.00001609038752,0.0,0.0,0.0
5040,750,6.180387232371033,4299.866666666667,595.1333333333333,-26.1444855101329,7.470506662552346,6.862164963226897,25.449747468305834
5041,750,6.180387232371033,5635.4,595.5333333333333,35.00344825459329,8.29122434146423,5.831908304754676,22.485281374238568
5042,100,2.256758334191025,8149.0,592.5,58.28254642828171,3.23606797749979,1.2360679774997898,4.414213562373095
5043,25,1.1283791670955126,9983.0,592.0,45.00001609038752,0.0,0.0,0.0
5044,50,1.5957691216057308,10267.0,592.5,0.0,2.0,0.0,0.0
5045,50,1.5957691216057308,10270.5,592.0,90.00003218077504,2.0,0.0,0.0
5046,100,2.256758334191025,11803.5,592.5,45.00001609038752,2.0,2.0,4.0
5047,25,1.1283791670955126,5205.0,593.0,45.00001609038752,0.0,0.0,0.0
5048,25,1.1283791670955126,5207.0,593.0,45.00001609038752,0.0,0.0,0.0
5049,25,1.1283791670955126,5221.0,593.0,45.00001609038752,0.0,0.0,0.0
5050,125,2.5231325220201604,5989.4,594.2,18.43495541459913,3.098386676965933,1.7888543819998317,5.207106781186548
5051,25,1.1283791670955126,9917.0,593.0,45.00001609038752,0.0,0.0,0.0
5052,25,1.1283791670955126,9982.0,593.0,45.00001609038752,0.0,0.0,0.0
5053,25,1.1283791670955126,11806.0,593.0,45.00001609038752,0.0,0.0,0.0
5054,25,1.1283791670955126,5209.0,594.0,45.00001609038752,0.0,0.0,0.0
5055,25,1.1283791670955126,5220.0,594.0,45.00001609038752,0.0,0.0,0.0
5056,6617425,580.5365516251009,5376.977925703729,935.6047405146262,20.14603120395514,780.920974080026,447.90505304167607,3133.6450198781713
5057,250,3.5682482323055424,9915.9,596.4,-9.307849331817723,4.843508650621465,2.7240455119830576,8.035533905932738
5058,25,1.1283791670955126,9981.0,594.0,45.00001609038752,0.0,0.0,0.0
5059,175,2.985410660720923,3597.4285714285716,596.2857142857143,-71.5650767661759,3.7032803990902057,2.68023757704196,7.621320343559642
5060,25,1.1283791670955126,3600.0,595.0,45.00001609038752,0.0,0.0,0.0
5061,75,1.9544100476116797,4305.333333333333,595.3333333333334,45.00001609038752,2.3094010767585034,1.3333333333333333,3.414213562373095
5062,25,1.1283791670955126,5212.0,595.0,45.00001609038752,0.0,0.0,0.0
5063,275,3.742410318509555,5269.909090909091,596.4545454545455,45.349363406793294,5.430323154736185,2.792999576348545,9.82842712474619
5064,75,1.9544100476116797,6618.0,596.0,0.0,3.265986323710904,0.0,1.0
5065,25,1.1283791670955126,9980.0,595.0,45.00001609038752,0.0,0.0,0.0
5066,825,6.4820448144285745,11806.39393939394,596.6666666666666,-89.88086973699778,13.098788736937678,4.020067649895884,24.485281374238568
5067,38675,44.38132012125481,1745.7653522947642,629.0665804783451,-6.869865458477242,73.65318061075763,46.2034492420148,438.8122292025696
5068,350,4.222008245644752,3602.5714285714284,597.2857142857143,-87.59605433968377,6.545013213866943,2.788377113710823,11.035533905932738
5069,50,1.5957691216057308,8148.0,596.5,0.0,2.0,0.0,0.0
5070,25,1.1283791670955126,9979.0,596.0,45.00001609038752,0.0,0.0,0.0
5071,25,1.1283791670955126,10267.0,596.0,45.00001609038752,0.0,0.0,0.0
5072,25,1.1283791670955126,5410.0,597.0,45.00001609038752,0.0,0.0,0.0
5073,175,2.985410660720923,10269.0,598.5714285714286,-4.844395012364848,5.61610711817637,2.092297346006891,6.414213562373095
5074,25,1.1283791670955126,4278.0,598.0,45.00001609038752,0.0,0.0,0.0
5075,50,1.5957691216057308,5411.0,598.5,0.0,2.0,0.0,0.0
5076,25,1.1283791670955126,8149.0,598.0,45.00001609038752,0.0,0.0,0.0
5077,25,1.1283791670955126,8803.0,598.0,45.00001609038752,0.0,0.0,0.0
5078,25,1.1283791670955126,1733.0,599.0,45.00001609038752,0.0,0.0,0.0
5079,800,6.383076486422923,5275.21875,601.28125,86.63357031361954,9.848857801796104,4.468640732929869,22.65685424949238
5080,150,2.763953195770684,8152.166666666667,600.3333333333334,-26.56506067578838,3.0550504633038935,2.666666666666667,6.414213562373095
5081,25,1.1283791670955126,1784.0,600.0,45.00001609038752,0.0,0.0,0.0
5082,700,5.970821321441846,3017.0714285714284,605.6785714285714,-4.230582009533272,12.72879817443334,3.4163686255383627,23.449747468305834
5083,25,1.1283791670955126,3594.0,600.0,45.00001609038752,0.0,0.0,0.0
5084,875,6.6755811781245455,3598.4857142857145,603.3428571428572,-27.805398570496244,8.561509010084437,7.164549361395711,27.27817459305202
5085,100,2.256758334191025,6882.0,600.5,-58.28254642828171,3.23606797749979,1.2360679774997898,4.414213562373095
5086,25,1.1283791670955126,8132.0,600.0,45.00001609038752,0.0,0.0,0.0
5087,25,1.1283791670955126,9159.0,600.0,45.00001609038752,0.0,0.0,0.0
5088,125,2.5231325220201604,9162.8,600.6,71.5650767661759,3.098386676965933,1.7888543819998317,5.207106781186548
5089,50,1.5957691216057308,3120.5,601.0,90.00003218077504,2.0,0.0,0.0
5090,25,1.1283791670955126,3624.0,601.0,45.00001609038752,0.0,0.0,0.0
5091,50,1.5957691216057308,3626.5,601.0,90.00003218077504,2.0,0.0,0.0
5092,25,1.1283791670955126,5253.0,601.0,45.00001609038752,0.0,0.0,0.0
5093,25,1.1283791670955126,6884.0,601.0,45.00001609038752,0.0,0.0,0.0
5094,23675,34.72402408800281,6969.6990496304115,623.3790918690602,-48.54884368944648,39.714042579210485,33.26011623019073,128.22539674441617
5095,25,1.1283791670955126,8171.0,601.0,45.00001609038752,0.0,0.0,0.0
5096,25,1.1283791670955126,9160.0,601.0,45.00001609038752,0.0,0.0,0.0
5097,25,1.1283791670955126,9913.0,601.0,45.00001609038752,0.0,0.0,0.0
5098,25,1.1283791670955126,5255.0,602.0,45.00001609038752,0.0,0.0,0.0
5099,25,1.1283791670955126,6609.0,602.0,45.00001609038752,0.0,0.0,0.0
5100,25,1.1283791670955126,11361.0,602.0,45.00001609038752,0.0,0.0,0.0
5101,50,1.5957691216057308,4443.0,603.5,0.0,2.0,0.0,0.0
5102,25,1.1283791670955126,6611.0,603.0,45.00001609038752,0.0,0.0,0.0
5103,25,1.1283791670955126,6880.0,603.0,45.00001609038752,0.0,0.0,0.0
5104,250,3.5682482323055424,8149.1,604.8,-50.97210682001556,5.545825004026144,2.289939960941863,7.65685424949238
5105,50,1.5957691216057308,8171.0,603.5,0.0,2.0,0.0,0.0
5106,1200,7.817640190446719,9162.020833333334,606.625,38.595464305053866,9.37819748388265,7.17350222523973,28.31370849898476
5107,1475,8.667244841319219,6614.627118644068,611.1186440677966,41.11615997190321,14.637938266781774,8.064961527216978,41.384776310850235
5108,25,1.1283791670955126,6888.0,604.0,45.00001609038752,0.0,0.0,0.0
5109,25,1.1283791670955126,3121.0,605.0,45.00001609038752,0.0,0.0,0.0
5110,25,1.1283791670955126,6879.0,605.0,45.00001609038752,0.0,0.0,0.0
5111,25,1.1283791670955126,6889.0,605.0,45.00001609038752,0.0,0.0,0.0
5112,25,1.1283791670955126,7822.0,605.0,45.00001609038752,0.0,0.0,0.0
5113,25,1.1283791670955126,8172.0,605.0,45.00001609038752,0.0,0.0,0.0
5114,25,1.1283791670955126,11363.0,605.0,45.00001609038752,0.0,0.0,0.0
5115,50,1.5957691216057308,4269.0,606.5,0.0,2.0,0.0,0.0
5116,25,1.1283791670955126,5123.0,606.0,45.00001609038752,0.0,0.0,0.0
5117,25,1.1283791670955126,7821.0,606.0,45.00001609038752,0.0,0.0,0.0
5118,25,1.1283791670955126,8135.0,606.0,45.00001609038752,0.0,0.0,0.0
5119,150,2.763953195770684,3592.5,607.8333333333334,-59.03626457717171,4.320493798938573,1.885618083164126,6.621320343559642
5120,25,1.1283791670955126,5417.0,607.0,45.00001609038752,0.0,0.0,0.0
5121,25,1.1283791670955126,6830.0,607.0,45.00001609038752,0.0,0.0,0.0
5122,25,1.1283791670955126,6834.0,607.0,45.00001609038752,0.0,0.0,0.0
5123,200,3.1915382432114616,8172.0,610.5,0.0,9.16515138991168,0.0,6.0
5124,50,1.5957691216057308,3599.0,608.5,0.0,2.0,0.0,0.0
5125,75,1.9544100476116797,3602.3333333333335,608.6666666666666,-45.00001609038752,2.3094010767585034,1.3333333333333333,3.414213562373095
5126,300,3.9088200952233594,3605.6666666666665,611.0,-1.2630589074342227,8.166765830716766,2.4885386786477697,12.414213562373096
5127,1125,7.569397566060481,4263.644444444444,611.4666666666667,22.511601690857887,10.508554445708231,9.100476829447686,38.3492424049175
5128,50,1.5957691216057308,4271.0,608.5,0.0,2.0,0.0,0.0
5129,25,1.1283791670955126,4449.0,608.0,45.00001609038752,0.0,0.0,0.0
5130,125,2.5231325220201604,4458.8,608.6,71.5650767661759,3.098386676965933,1.7888543819998317,5.207106781186548
5131,300,3.9088200952233594,5421.333333333333,609.8333333333334,58.871623286378565,8.956721542314101,1.699485311662806,12.414213562373096
5132,125,2.5231325220201604,6832.8,609.2,-45.00001609038752,4.0,1.3856406460551023,5.414213562373095
5133,100,2.256758334191025,6836.0,608.5,58.28254642828171,3.23606797749979,1.2360679774997898,4.414213562373095
5134,25,1.1283791670955126,11365.0,608.0,45.00001609038752,0.0,0.0,0.0
5135,150,2.763953195770684,6849.833333333333,610.3333333333334,-29.232614499937565,5.00274675656753,1.4434805162398887,6.414213562373095
5136,75,1.9544100476116797,10266.333333333334,609.3333333333334,45.00001609038752,2.3094010767585034,1.3333333333333333,3.414213562373095
5137,50,1.5957691216057308,3609.5,610.0,90.00003218077504,2.0,0.0,0.0
5138,25,1.1283791670955126,4272.0,610.0,45.00001609038752,0.0,0.0,0.0
5139,25,1.1283791670955126,6890.0,610.0,45.00001609038752,0.0,0.0,0.0
5140,25,1.1283791670955126,1761.0,611.0,45.00001609038752,0.0,0.0,0.0
5141,86325,66.30607926857473,4084.343759050101,660.6385751520417,11.467639721473262,116.96137147487629,39.11035042714717,360.1076477383248
5142,175,2.985410660720923,4270.142857142857,612.7142857142857,22.50000804519376,4.375345285424217,2.089630999709932,7.414213562373096
5143,25,1.1283791670955126,6839.0,611.0,45.00001609038752,0.0,0.0,0.0
5144,25,1.1283791670955126,5255.0,612.0,45.00001609038752,0.0,0.0,0.0
5145,1900,9.83698151873187,5380.789473684211,618.0657894736842,-70.91330996992487,12.286309284512674,10.525897900082956,47.384776310850235
5146,250,3.5682482323055424,5426.5,613.7,-68.96251363309311,6.324555320336759,2.9933259094191533,10.621320343559644
5147,25,1.1283791670955126,6880.0,612.0,45.00001609038752,0.0,0.0,0.0
5148,25,1.1283791670955126,6889.0,612.0,45.00001609038752,0.0,0.0,0.0
5149,75,1.9544100476116797,3117.6666666666665,613.3333333333334,-45.00001609038752,2.3094010767585034,1.3333333333333333,3.414213562373095
5150,50,1.5957691216057308,3622.0,613.5,0.0,2.0,0.0,0.0
5151,50,1.5957691216057308,3626.5,613.0,90.00003218077504,2.0,0.0,0.0
5152,8500,20.806283791440396,4261.855882352941,631.2970588235294,13.405307217465124,40.94747793845195,12.97444795029596,132.33199846221441
5153,25,1.1283791670955126,5128.0,613.0,45.00001609038752,0.0,0.0,0.0
5154,25,1.1283791670955126,6888.0,613.0,45.00001609038752,0.0,0.0,0.0
5155,25,1.1283791670955126,9161.0,613.0,45.00001609038752,0.0,0.0,0.0
5156,25,1.1283791670955126,9899.0,613.0,45.00001609038752,0.0,0.0,0.0
5157,25,1.1283791670955126,9919.0,613.0,45.00001609038752,0.0,0.0,0.0
5158,25,1.1283791670955126,3625.0,614.0,45.00001609038752,0.0,0.0,0.0
5159,50,1.5957691216057308,5123.0,614.5,0.0,2.0,0.0,0.0
5160,25,1.1283791670955126,5423.0,614.0,45.00001609038752,0.0,0.0,0.0
5161,25,1.1283791670955126,6881.0,614.0,45.00001609038752,0.0,0.0,0.0
5162,25,1.1283791670955126,6887.0,614.0,45.00001609038752,0.0,0.0,0.0
5163,25,1.1283791670955126,11796.0,614.0,45.00001609038752,0.0,0.0,0.0
5164,300,3.9088200952233594,5120.5,616.6666666666666,73.51532433470526,5.678461335851072,3.5558354498111076,10.621320343559642
5165,25,1.1283791670955126,5422.0,615.0,45.00001609038752,0.0,0.0,0.0
5166,25,1.1283791670955126,5430.0,615.0,45.00001609038752,0.0,0.0,0.0
5167,25,1.1283791670955126,6882.0,615.0,45.00001609038752,0.0,0.0,0.0
5168,25,1.1283791670955126,11370.0,615.0,45.00001609038752,0.0,0.0,0.0
5169,25,1.1283791670955126,3628.0,616.0,45.00001609038752,0.0,0.0,0.0
5170,50,1.5957691216057308,4092.0,616.5,0.0,2.0,0.0,0.0
5171,150,2.763953195770684,4268.5,617.0,50.30984562706919,4.8496611975202075,1.3468925727763872,6.414213562373095
5172,850,6.579524642479541,5391.588235294118,618.8235294117648,51.482272738419006,8.109813270930255,6.486808119229011,24.071067811865476
5173,50,1.5957691216057308,5397.0,616.5,0.0,2.0,0.0,0.0
5174,25,1.1283791670955126,6838.0,616.0,45.00001609038752,0.0,0.0,0.0
5175,25,1.1283791670955126,6883.0,616.0,45.00001609038752,0.0,0.0,0.0
5176,25,1.1283791670955126,9896.0,616.0,45.00001609038752,0.0,0.0,0.0
5177,75,1.9544100476116797,3621.6666666666665,617.3333333333334,-45.00001609038752,2.3094010767585034,1.3333333333333333,3.414213562373095
5178,50,1.5957691216057308,3625.5,617.0,90.00003218077504,2.0,0.0,0.0
5179,100,2.256758334191025,5125.5,617.5,45.00001609038752,2.0,2.0,4.0
5180,25,1.1283791670955126,5433.0,617.0,45.00001609038752,0.0,0.0,0.0
5181,25,1.1283791670955126,9898.0,617.0,45.00001609038752,0.0,0.0,0.0
5182,25,1.1283791670955126,11745.0,617.0,45.00001609038752,0.0,0.0,0.0
5183,50,1.5957691216057308,3629.5,618.0,90.00003218077504,2.0,0.0,0.0
5184,25,1.1283791670955126,5374.0,618.0,45.00001609038752,0.0,0.0,0.0
5185,25,1.1283791670955126,5398.0,618.0,45.00001609038752,0.0,0.0,0.0
5186,25,1.1283791670955126,5434.0,618.0,45.00001609038752,0.0,0.0,0.0
5187,25,1.1283791670955126,6617.0,618.0,45.00001609038752,0.0,0.0,0.0
5188,25,1.1283791670955126,11744.0,618.0,45.00001609038752,0.0,0.0,0.0
5189,75,1.9544100476116797,4093.0,620.0,0.0,3.265986323710904,0.0,1.0
5190,400,4.51351666838205,5429.5,621.0,26.062517493469926,5.865300866195303,3.405619730534902,12.82842712474619
5191,25,1.1283791670955126,5435.0,619.0,45.00001609038752,0.0,0.0,0.0
5192,25,1.1283791670955126,3089.0,620.0,45.00001609038752,0.0,0.0,0.0
5193,75,1.9544100476116797,3111.3333333333335,620.6666666666666,-45.00001609038752,2.3094010767585034,1.3333333333333333,3.414213562373095
5194,25,1.1283791670955126,3113.0,620.0,45.00001609038752,0.0,0.0,0.0
5195,75,1.9544100476116797,4266.333333333333,620.6666666666666,-45.00001609038752,2.3094010767585034,1.3333333333333333,3.414213562373095
5196,75,1.9544100476116797,4269.333333333333,620.3333333333334,45.00001609038752,2.3094010767585034,1.3333333333333333,3.414213562373095
5197,25,1.1283791670955126,4993.0,620.0,45.00001609038752,0.0,0.0,0.0
5198,25,1.1283791670955126,5436.0,620.0,45.00001609038752,0.0,0.0,0.0
5199,150,2.763953195770684,6616.833333333333,620.3333333333334,77.06684915928662,4.363338213437162,1.65500979239906,5.0
5200,25,1.1283791670955126,9163.0,620.0,45.00001609038752,0.0,0.0,0.0
5201,25,1.1283791670955126,9165.0,620.0,45.00001609038752,0.0,0.0,0.0
5202,50,1.5957691216057308,4271.5,621.0,90.00003218077504,2.0,0.0,0.0
5203,25,1.1283791670955126,5437.0,621.0,45.00001609038752,0.0,0.0,0.0
5204,50,1.5957691216057308,9153.5,621.0,90.00003218077504,2.0,0.0,0.0
5205,25,1.1283791670955126,9158.0,621.0,45.00001609038752,0.0,0.0,0.0
5206,25,1.1283791670955126,9164.0,621.0,45.00001609038752,0.0,0.0,0.0
5207,25,1.1283791670955126,5438.0,622.0,45.00001609038752,0.0,0.0,0.0
5208,16600,29.076297180076903,4270.954819277108,659.8795180722891,-7.930467476111677,60.295124000752,23.521163977250318,241.41525958289964
5209,125,2.5231325220201604,4430.2,623.4,71.5650767661759,3.098386676965933,1.7888543819998317,5.207106781186548
5210,50,1.5957691216057308,5411.0,623.5,0.0,2.0,0.0,0.0
5211,25,1.1283791670955126,5439.0,623.0,45.00001609038752,0.0,0.0,0.0
5212,1675,9.23618154310838,6827.626865671642,626.3134328358209,86.80297232204876,15.374217954846843,8.608284909327867,47.798989873223334
5213,650,5.753627391751592,11788.461538461539,627.0769230769231,14.359264871385395,7.664095151428107,4.762537543479471,18.899494936611667
5214,25,1.1283791670955126,3016.0,624.0,45.00001609038752,0.0,0.0,0.0
5215,300,3.9088200952233594,4419.583333333333,626.4166666666666,-8.978085786553985,5.816926754344101,2.9339065389068315,12.071067811865476
5216,8575,20.897874625046462,4432.801749271137,644.530612244898,15.52889831856531,50.58000684891608,13.740784084274127,179.09545442950497
5217,125,2.5231325220201604,5399.0,624.8,34.0993074495102,3.335641688875783,2.0575457524521585,5.621320343559642
5218,25,1.1283791670955126,5440.0,624.0,45.00001609038752,0.0,0.0,0.0
5219,25,1.1283791670955126,6837.0,624.0,45.00001609038752,0.0,0.0,0.0
5220,50,1.5957691216057308,6847.0,624.5,0.0,2.0,0.0,0.0
5221,50,1.5957691216057308,8172.0,624.5,0.0,2.0,0.0,0.0
5222,100,2.256758334191025,9919.5,624.5,45.00001609038752,2.0,2.0,4.0
5223,175,2.985410660720923,11792.42857142857,625.2857142857143,-8.34962510252249,4.155374705678736,1.9054711331003737,7.207106781186548
5224,25,1.1283791670955126,4462.0,625.0,45.00001609038752,0.0,0.0,0.0
5225,50,1.5957691216057308,5390.0,625.5,0.0,2.0,0.0,0.0
5226,25,1.1283791670955126,5441.0,625.0,45.00001609038752,0.0,0.0,0.0
5227,25,1.1283791670955126,4432.0,626.0,45.00001609038752,0.0,0.0,0.0
5228,25,1.1283791670955126,5442.0,626.0,45.00001609038752,0.0,0.0,0.0
5229,150,2.763953195770684,9917.833333333334,626.8333333333334,-45.00001609038752,3.126943839882286,2.309401076758503,6.242640687119286
5230,25,1.1283791670955126,3099.0,627.0,45.00001609038752,0.0,0.0,0.0
5231,500,5.046265044040321,5418.95,631.6,13.32957820542064,11.26981872270697,2.6816386701648365,19.242640687119284
5232,25,1.1283791670955126,5443.0,627.0,45.00001609038752,0.0,0.0,0.0
5233,25,1.1283791670955126,6818.0,627.0,45.00001609038752,0.0,0.0,0.0
5234,125,2.5231325220201604,1793.6,629.4,20.99361375446966,4.34169545110285,1.2765894445250698,4.207106781186548
5235,1025,7.225151993843567,5431.975609756098,634.9268292682926,-6.4352553386919435,14.116641275142703,4.101265612044373,28.727922061357855
5236,50,1.5957691216057308,6907.5,629.0,90.00003218077504,2.0,0.0,0.0
5237,50,1.5957691216057308,9916.5,629.0,90.00003218077504,2.0,0.0,0.0
5238,25,1.1283791670955126,5445.0,630.0,45.00001609038752,0.0,0.0,0.0
5239,25,1.1283791670955126,6899.0,630.0,45.00001609038752,0.0,0.0,0.0
5240,75,1.9544100476116797,6913.0,630.0,90.00003218077504,3.265986323710904,0.0,1.0
5241,50,1.5957691216057308,9918.5,630.0,90.00003218077504,2.0,0.0,0.0
5242,25,1.1283791670955126,5446.0,631.0,45.00001609038752,0.0,0.0,0.0
5243,25,1.1283791670955126,11381.0,631.0,45.00001609038752,0.0,0.0,0.0
5244,25,1.1283791670955126,1795.0,632.0,45.00001609038752,0.0,0.0,0.0
5245,25,1.1283791670955126,2773.0,632.0,45.00001609038752,0.0,0.0,0.0
5246,25,1.1283791670955126,6830.0,632.0,45.00001609038752,0.0,0.0,0.0
5247,50,1.5957691216057308,6866.5,632.0,90.00003218077504,2.0,0.0,0.0
5248,25,1.1283791670955126,6893.0,632.0,45.00001609038752,0.0,0.0,0.0
5249,2425,11.11324596323283,11787.494845360825,642.680412371134,-20.182283168244812,23.613847521151655,8.565638142226382,59.45584412271571
5250,25,1.1283791670955126,2775.0,633.0,45.00001609038752,0.0,0.0,0.0
5251,275,3.742410318509555,2780.5454545454545,634.2727272727273,-70.57333806431116,4.7722018387870975,3.247830608185072,8.863961030678928
5252,25,1.1283791670955126,4269.0,633.0,45.00001609038752,0.0,0.0,0.0
5253,50,1.5957691216057308,4451.0,633.5,0.0,2.0,0.0,0.0
5254,25,1.1283791670955126,5409.0,633.0,45.00001609038752,0.0,0.0,0.0
5255,50,1.5957691216057308,6820.5,633.0,90.00003218077504,2.0,0.0,0.0
5256,9675,22.197831060995757,6877.532299741602,672.0723514211886,2.4941115042161295,63.47660991667395,15.010914555717063,239.5035713374682
5257,25,1.1283791670955126,6891.0,633.0,45.00001609038752,0.0,0.0,0.0
5258,25,1.1283791670955126,11794.0,633.0,45.00001609038752,0.0,0.0,0.0
5259,25,1.1283791670955126,2776.0,634.0,45.00001609038752,0.0,0.0,0.0
5260,25,1.1283791670955126,2785.0,634.0,45.00001609038752,0.0,0.0,0.0
5261,2725,11.780624362746345,2789.587155963303,641.4678899082569,31.966509309913548,16.453114403929785,9.971570600968569,51.00609665440987
5262,100,2.256758334191025,3967.25,635.0,0.0,2.8284271247461903,1.7320508075688772,4.621320343559642
5263,50,1.5957691216057308,5410.0,634.5,0.0,2.0,0.0,0.0
5264,25,1.1283791670955126,1742.0,635.0,45.00001609038752,0.0,0.0,0.0
5265,50,1.5957691216057308,5408.0,635.5,0.0,2.0,0.0,0.0
5266,25,1.1283791670955126,6820.0,635.0,45.00001609038752,0.0,0.0,0.0
5267,25,1.1283791670955126,6888.0,635.0,45.00001609038752,0.0,0.0,0.0
5268,25,1.1283791670955126,9918.0,635.0,45.00001609038752,0.0,0.0,0.0
5269,25,1.1283791670955126,11384.0,635.0,45.00001609038752,0.0,0.0,0.0
5270,200,3.1915382432114616,5410.625,637.375,-45.00001609038752,3.4641016151377544,3.3911649915626336,8.242640687119286
5271,75,1.9544100476116797,6867.0,637.0,0.0,3.265986323710904,0.0,1.0
5272,25,1.1283791670955126,6887.0,636.0,45.00001609038752,0.0,0.0,0.0
5273,150,2.763953195770684,6945.333333333333,637.3333333333334,45.00001609038752,3.651483716701107,2.1081851067789197,5.414213562373095
5274,25,1.1283791670955126,11794.0,636.0,45.00001609038752,0.0,0.0,0.0
5275,290975,121.73428055060153,11808.870865194604,710.5403385170547,21.56383373173965,145.18599223641004,105.70637633551435,453.0792565073284
5276,25,1.1283791670955126,4282.0,637.0,45.00001609038752,0.0,0.0,0.0
5277,25,1.1283791670955126,6834.0,637.0,45.00001609038752,0.0,0.0,0.0
5278,25,1.1283791670955126,6886.0,637.0,45.00001609038752,0.0,0.0,0.0
5279,25,1.1283791670955126,6942.0,637.0,45.00001609038752,0.0,0.0,0.0
5280,25,1.1283791670955126,11828.0,637.0,45.00001609038752,0.0,0.0,0.0
5281,375,4.370193722368317,6883.866666666667,640.4,-8.387336225979423,6.384920009059852,3.1179617327343894,11.621320343559642
5282,25,1.1283791670955126,2781.0,639.0,45.00001609038752,0.0,0.0,0.0
5283,625,5.641895835477563,4284.36,644.16,-15.029109598023547,12.451384907451127,3.6551079172164376,20.449747468305834
5284,25,1.1283791670955126,5408.0,639.0,45.00001609038752,0.0,0.0,0.0
5285,25,1.1283791670955126,6947.0,639.0,45.00001609038752,0.0,0.0,0.0
5286,25,1.1283791670955126,1737.0,640.0,45.00001609038752,0.0,0.0,0.0
5287,50,1.5957691216057308,2782.5,640.0,90.00003218077504,2.0,0.0,0.0
5288,25,1.1283791670955126,6948.0,640.0,45.00001609038752,0.0,0.0,0.0
5289,120125,78.21710818262497,6980.582101977107,710.4528616024974,0.34727297821430575,153.0032353038935,44.87091191782293,358.66399692442883
5290,25,1.1283791670955126,9920.0,640.0,45.00001609038752,0.0,0.0,0.0
5291,250,3.5682482323055424,1738.1,643.3,3.5625094482761663,5.082295611049634,2.787520640624141,9.035533905932738
5292,75,1.9544100476116797,2765.3333333333335,641.3333333333334,45.00001609038752,2.3094010767585034,1.3333333333333333,3.414213562373095
5293,25,1.1283791670955126,3458.0,641.0,45.00001609038752,0.0,0.0,0.0
5294,25,1.1283791670955126,3460.0,641.0,45.00001609038752,0.0,0.0,0.0
5295,350,4.222008245644752,3966.6428571428573,645.7142857142857,-4.585214058402172,9.761305741962364,1.756205327035562,13.0
5296,650,5.753627391751592,5643.961538461538,644.0,-34.397364573649426,8.853885947991447,5.058165179282537,23.27817459305202
5297,25,1.1283791670955126,6950.0,641.0,45.00001609038752,0.0,0.0,0.0
5298,25,1.1283791670955126,126.0,642.0,45.00001609038752,0.0,0.0,0.0
5299,25,1.1283791670955126,2768.0,642.0,45.00001609038752,0.0,0.0,0.0
5300,75,1.9544100476116797,1746.3333333333333,643.6666666666666,-45.00001609038752,2.3094010767585034,1.3333333333333333,3.414213562373095
5301,50,1.5957691216057308,5420.0,643.5,0.0,2.0,0.0,0.0
5302,400,4.51351666838205,5434.0,644.625,-63.99938910513241,5.0942109424386555,3.9747974632600163,12.242640687119284
5303,25,1.1283791670955126,6874.0,643.0,45.00001609038752,0.0,0.0,0.0
5304,25,1.1283791670955126,2771.0,644.0,45.00001609038752,0.0,0.0,0.0
5305,25,1.1283791670955126,2798.0,644.0,45.00001609038752,0.0,0.0,0.0
5306,25,1.1283791670955126,6952.0,644.0,45.00001609038752,0.0,0.0,0.0
5307,25,1.1283791670955126,11784.0,644.0,45.00001609038752,0.0,0.0,0.0
5308,25,1.1283791670955126,3682.0,645.0,45.00001609038752,0.0,0.0,0.0
5309,50,1.5957691216057308,4271.0,645.5,0.0,2.0,0.0,0.0
5310,25,1.1283791670955126,6873.0,645.0,45.00001609038752,0.0,0.0,0.0
5311,25,1.1283791670955126,6953.0,645.0,45.00001609038752,0.0,0.0,0.0
5312,25,1.1283791670955126,11782.0,645.0,45.00001609038752,0.0,0.0,0.0
5313,25,1.1283791670955126,1769.0,646.0,45.00001609038752,0.0,0.0,0.0
5314,50,1.5957691216057308,2094.0,646.5,0.0,2.0,0.0,0.0
5315,825,6.4820448144285745,5654.909090909091,650.6363636363636,-59.4155054010433,11.553162146797458,4.877669734684827,24.27817459305202
5316,25,1.1283791670955126,6954.0,646.0,45.00001609038752,0.0,0.0,0.0
5317,25,1.1283791670955126,1738.0,647.0,45.00001609038752,0.0,0.0,0.0
5318,25,1.1283791670955126,3406.0,647.0,45.00001609038752,0.0,0.0,0.0
5319,25,1.1283791670955126,5421.0,647.0,45.00001609038752,0.0,0.0,0.0
5320,50,1.5957691216057308,8149.0,647.5,0.0,2.0,0.0,0.0
5321,25,1.1283791670955126,11395.0,647.0,45.00001609038752,0.0,0.0,0.0
5322,700,5.970821321441846,1739.9285714285713,653.8571428571429,9.542463189337466,12.284827397507199,3.478997553422798,22.86396103067893
5323,25,1.1283791670955126,1768.0,648.0,45.00001609038752,0.0,0.0,0.0
5324,25,1.1283791670955126,2797.0,648.0,45.00001609038752,0.0,0.0,0.0
5325,50,1.5957691216057308,3405.0,648.5,0.0,2.0,0.0,0.0
5326,25,1.1283791670955126,3408.0,648.0,45.00001609038752,0.0,0.0,0.0
5327,25,1.1283791670955126,3411.0,648.0,45.00001609038752,0.0,0.0,0.0
5328,500,5.046265044040321,3415.45,650.45,-80.56823503049148,7.115647216701344,6.362983945245377,17.035533905932738
5329,25,1.1283791670955126,5647.0,648.0,45.00001609038752,0.0,0.0,0.0
5330,225,3.385137501286538,8171.222222222223,651.2222222222222,-6.658819367429035,9.25598077040403,1.2788518105001319,8.207106781186548
5331,25,1.1283791670955126,11396.0,648.0,45.00001609038752,0.0,0.0,0.0
5332,25,1.1283791670955126,1766.0,649.0,45.00001609038752,0.0,0.0,0.0
5333,25,1.1283791670955126,2773.0,649.0,45.00001609038752,0.0,0.0,0.0
5334,25,1.1283791670955126,2798.0,649.0,45.00001609038752,0.0,0.0,0.0
5335,47300,49.08125119267976,3043.4645877378434,687.1009513742072,6.284663099202875,65.61907574422425,39.50005046272733,194.57463914933368
5336,25,1.1283791670955126,3407.0,649.0,45.00001609038752,0.0,0.0,0.0
5337,50,1.5957691216057308,3410.0,649.5,0.0,2.0,0.0,0.0
5338,50,1.5957691216057308,3681.0,649.5,0.0,2.0,0.0,0.0
5339,25,1.1283791670955126,4309.0,649.0,45.00001609038752,0.0,0.0,0.0
5340,25,1.1283791670955126,4475.0,649.0,45.00001609038752,0.0,0.0,0.0
5341,50,1.5957691216057308,5422.0,649.5,0.0,2.0,0.0,0.0
5342,450,4.787307364817192,5436.777777777777,651.5,11.574652521954716,6.075381816652991,3.781482820943668,13.65685424949238
5343,50,1.5957691216057308,5644.0,649.5,0.0,2.0,0.0,0.0
5344,25,1.1283791670955126,5648.0,649.0,45.00001609038752,0.0,0.0,0.0
5345,25,1.1283791670955126,6956.0,649.0,45.00001609038752,0.0,0.0,0.0
5346,25,1.1283791670955126,8147.0,649.0,45.00001609038752,0.0,0.0,0.0
5347,25,1.1283791670955126,11397.0,649.0,45.00001609038752,0.0,0.0,0.0
5348,25,1.1283791670955126,5649.0,650.0,45.00001609038752,0.0,0.0,0.0
5349,1825,9.640875829802336,1747.5616438356165,658.931506849315,16.373038500133305,15.813209467879005,8.854901787396914,47.520815280171306
5350,200,3.1915382432114616,4260.5,652.25,68.64532956642059,4.7271453337587435,2.1573356237551296,8.207106781186548
5351,1350,8.291859587312052,4285.851851851852,654.7962962962963,-72.65398119725027,10.10232689660852,7.525397385821326,29.31370849898476
5352,75,1.9544100476116797,4435.333333333333,651.3333333333334,45.00001609038752,2.3094010767585034,1.3333333333333333,3.414213562373095
5353,25,1.1283791670955126,5423.0,651.0,45.00001609038752,0.0,0.0,0.0
5354,25,1.1283791670955126,5645.0,651.0,45.00001609038752,0.0,0.0,0.0
5355,100,2.256758334191025,8143.0,651.25,90.00003218077504,2.8284271247461903,1.7320508075688772,4.621320343559642
5356,25,1.1283791670955126,1748.0,652.0,45.00001609038752,0.0,0.0,0.0
5357,25,1.1283791670955126,1754.0,652.0,45.00001609038752,0.0,0.0,0.0
5358,25,1.1283791670955126,2790.0,652.0,45.00001609038752,0.0,0.0,0.0
5359,75,1.9544100476116797,2793.0,652.0,90.00003218077504,3.265986323710904,0.0,1.0
5360,25,1.1283791670955126,4281.0,652.0,45.00001609038752,0.0,0.0,0.0
5361,275,3.742410318509555,4441.272727272727,654.8181818181819,3.753674675653908,6.3518366806095,2.436218897882719,10.449747468305832
5362,25,1.1283791670955126,5647.0,652.0,45.00001609038752,0.0,0.0,0.0
5363,25,1.1283791670955126,3680.0,654.0,45.00001609038752,0.0,0.0,0.0
5364,25,1.1283791670955126,4264.0,654.0,45.00001609038752,0.0,0.0,0.0
5365,25,1.1283791670955126,3412.0,655.0,45.00001609038752,0.0,0.0,0.0
5366,275,3.742410318509555,4260.818181818182,657.2727272727273,19.842734260075833,5.039660567586269,3.0407975043875584,10.242640687119284
5367,25,1.1283791670955126,2786.0,656.0,45.00001609038752,0.0,0.0,0.0
5368,25,1.1283791670955126,3413.0,656.0,45.00001609038752,0.0,0.0,0.0
5369,25,1.1283791670955126,4263.0,656.0,45.00001609038752,0.0,0.0,0.0
5370,13706250,835.4960086086904,4983.045238486092,1240.744428636571,25.336395125985206,1069.3026396287119,701.8703254367839,4423.462479183373
5371,25,1.1283791670955126,3414.0,658.0,45.00001609038752,0.0,0.0,0.0
5372,25,1.1283791670955126,5409.0,658.0,45.00001609038752,0.0,0.0,0.0
5373,725,6.076507779746499,5439.3448275862065,661.1034482758621,11.14483266199466,7.911264070415333,4.68602909759618,18.485281374238568
5374,125,2.5231325220201604,8145.6,659.2,-18.43495541459913,3.098386676965933,1.7888543819998317,5.207106781186548
5375,225,3.385137501286538,4431.444444444444,661.6666666666666,10.278026284844326,6.052283110938236,1.695889732428958,8.207106781186548
5376,50,1.5957691216057308,4476.0,659.5,0.0,2.0,0.0,0.0
5377,50,1.5957691216057308,1729.0,660.5,0.0,2.0,0.0,0.0
5378,100,2.256758334191025,3415.0,660.75,90.00003218077504,2.8284271247461903,1.7320508075688772,4.621320343559642
5379,100,2.256758334191025,4282.25,660.75,-18.43495541459913,3.4641016151377544,1.4142135623730951,3.2071067811865475
5380,4300,14.798554040663838,4292.011627906977,672.046511627907,26.533869926344742,25.143356332277104,9.984078948821848,76.2193000900063
5381,25,1.1283791670955126,6871.0,660.0,45.00001609038752,0.0,0.0,0.0
5382,25,1.1283791670955126,9090.0,660.0,45.00001609038752,0.0,0.0,0.0
5383,25,1.1283791670955126,2758.0,661.0,45.00001609038752,0.0,0.0,0.0
5384,25,1.1283791670955126,3418.0,661.0,45.00001609038752,0.0,0.0,0.0
5385,25,1.1283791670955126,4278.0,661.0,45.00001609038752,0.0,0.0,0.0
5386,50,1.5957691216057308,4474.5,661.0,90.00003218077504,2.0,0.0,0.0
5387,25,1.1283791670955126,4477.0,661.0,45.00001609038752,0.0,0.0,0.0
5388,25,1.1283791670955126,6870.0,661.0,45.00001609038752,0.0,0.0,0.0
5389,25,1.1283791670955126,8131.0,661.0,45.00001609038752,0.0,0.0,0.0
5390,25,1.1283791670955126,8144.0,661.0,45.00001609038752,0.0,0.0,0.0
5391,25,1.1283791670955126,8147.0,661.0,45.00001609038752,0.0,0.0,0.0
5392,25,1.1283791670955126,4256.0,662.0,45.00001609038752,0.0,0.0,0.0
5393,39400,44.79537389622523,4440.816624365482,734.7125634517766,-4.776732819562309,121.3724006176844,34.64331990205541,677.1391770309007
5394,25,1.1283791670955126,6869.0,662.0,45.00001609038752,0.0,0.0,0.0
5395,25,1.1283791670955126,8129.0,662.0,45.00001609038752,0.0,0.0,0.0
5396,250,3.5682482323055424,2784.2,664.3,-59.80224675613537,5.577232081572793,2.610456341001551,10.414213562373096
5397,25,1.1283791670955126,3415.0,663.0,45.00001609038752,0.0,0.0,0.0
5398,50,1.5957691216057308,8792.0,663.5,0.0,2.0,0.0,0.0
5399,50,1.5957691216057308,1751.5,664.0,90.00003218077504,2.0,0.0,0.0
5400,25,1.1283791670955126,3429.0,664.0,45.00001609038752,0.0,0.0,0.0
5401,25,1.1283791670955126,4283.0,664.0,45.00001609038752,0.0,0.0,0.0
5402,25,1.1283791670955126,4292.0,664.0,45.00001609038752,0.0,0.0,0.0
5403,50,1.5957691216057308,4474.0,664.5,0.0,2.0,0.0,0.0
5404,50,1.5957691216057308,5428.0,664.5,0.0,2.0,0.0,0.0
5405,75,1.9544100476116797,6881.0,665.0,0.0,3.265986323710904,0.0,1.0
5406,50,1.5957691216057308,1753.5,665.0,90.00003218077504,2.0,0.0,0.0
5407,25,1.1283791670955126,2787.0,665.0,45.00001609038752,0.0,0.0,0.0
5408,900,6.770275002573076,3433.0,669.6666666666666,88.41011655234627,9.662833012963983,6.73025444023033,29.520815280171306
5409,100,2.256758334191025,4284.0,667.5,58.28254642828171,3.23606797749979,1.2360679774997898,4.414213562373095
5410,25,1.1283791670955126,5429.0,667.0,45.00001609038752,0.0,0.0,0.0
5411,25,1.1283791670955126,6884.0,667.0,45.00001609038752,0.0,0.0,0.0
5412,50,1.5957691216057308,1812.0,668.5,0.0,2.0,0.0,0.0
5413,200,3.1915382432114616,3407.875,670.125,-24.800056700740086,5.931211859663207,2.078635580324393,8.414213562373096
5414,75,1.9544100476116797,3412.3333333333335,668.6666666666666,-45.00001609038752,2.3094010767585034,1.3333333333333333,3.414213562373095
5415,225,3.385137501286538,4251.888888888889,670.1111111111111,-20.81677711161601,7.08907621888216,1.6380689752930697,8.0
5416,125,2.5231325220201604,4300.4,669.2,18.43495541459913,3.098386676965933,1.7888543819998317,5.207106781186548
5417,25,1.1283791670955126,4436.0,668.0,45.00001609038752,0.0,0.0,0.0
5418,25,1.1283791670955126,1759.0,669.0,45.00001609038752,0.0,0.0,0.0
5419,250,3.5682482323055424,4282.5,671.3,-18.049148437280426,5.252129274282827,2.9283336705746748,9.621320343559642
5420,25,1.1283791670955126,5450.0,669.0,45.00001609038752,0.0,0.0,0.0
5421,25,1.1283791670955126,3410.0,670.0,45.00001609038752,0.0,0.0,0.0
5422,25,1.1283791670955126,3414.0,670.0,45.00001609038752,0.0,0.0,0.0
5423,25,1.1283791670955126,5430.0,670.0,45.00001609038752,0.0,0.0,0.0
5424,25,1.1283791670955126,3411.0,671.0,45.00001609038752,0.0,0.0,0.0
5425,50,1.5957691216057308,1813.0,672.5,0.0,2.0,0.0,0.0
5426,25,1.1283791670955126,3436.0,672.0,45.00001609038752,0.0,0.0,0.0
5427,25,1.1283791670955126,3439.0,672.0,45.00001609038752,0.0,0.0,0.0
5428,25,1.1283791670955126,4439.0,672.0,45.00001609038752,0.0,0.0,0.0
5429,50,1.5957691216057308,5431.0,672.5,0.0,2.0,0.0,0.0
5430,25,1.1283791670955126,5449.0,672.0,45.00001609038752,0.0,0.0,0.0
5431,25,1.1283791670955126,3411.0,673.0,45.00001609038752,0.0,0.0,0.0
5432,25,1.1283791670955126,3438.0,673.0,45.00001609038752,0.0,0.0,0.0
5433,100,2.256758334191025,4459.5,673.5,45.00001609038752,2.0,2.0,4.0
5434,25,1.1283791670955126,3097.0,674.0,45.00001609038752,0.0,0.0,0.0
5435,100,2.256758334191025,3412.5,675.0,-31.71748575249332,3.23606797749979,1.2360679774997898,4.414213562373095
5436,50,1.5957691216057308,3426.0,674.5,0.0,2.0,0.0,0.0
5437,25,1.1283791670955126,3435.0,674.0,45.00001609038752,0.0,0.0,0.0
5438,507900,160.83262912369358,3576.3943689702696,744.3535144713526,71.91595958009917,184.55088918142835,149.83125284408223,1119.4183976444792
5439,250,3.5682482323055424,4283.9,675.9,49.1231779719162,5.4950286194590605,2.8079637589053483,8.82842712474619
5440,75,1.9544100476116797,5432.333333333333,674.6666666666666,-45.00001609038752,2.3094010767585034,1.3333333333333333,3.414213562373095
5441,25,1.1283791670955126,5448.0,674.0,45.00001609038752,0.0,0.0,0.0
5442,50,1.5957691216057308,11203.5,674.0,90.00003218077504,2.0,0.0,0.0
5443,50,1.5957691216057308,1814.0,675.5,0.0,2.0,0.0,0.0
5444,150,2.763953195770684,3098.0,676.3333333333334,0.0,3.7712361663282534,2.309401076758503,5.449747468305834
5445,50,1.5957691216057308,8145.0,675.5,0.0,2.0,0.0,0.0
5446,25,1.1283791670955126,11202.0,675.0,45.00001609038752,0.0,0.0,0.0
5447,25,1.1283791670955126,11205.0,675.0,45.00001609038752,0.0,0.0,0.0
5448,50,1.5957691216057308,5430.0,676.5,0.0,2.0,0.0,0.0
5449,25,1.1283791670955126,5435.0,676.0,45.00001609038752,0.0,0.0,0.0
5450,25,1.1283791670955126,5447.0,676.0,45.00001609038752,0.0,0.0,0.0
5451,25,1.1283791670955126,11206.0,676.0,45.00001609038752,0.0,0.0,0.0
5452,25,1.1283791670955126,11849.0,676.0,45.00001609038752,0.0,0.0,0.0
5453,50,1.5957691216057308,3410.5,677.0,90.00003218077504,2.0,0.0,0.0
5454,25,1.1283791670955126,3414.0,677.0,45.00001609038752,0.0,0.0,0.0
5455,25,1.1283791670955126,5436.0,677.0,45.00001609038752,0.0,0.0,0.0
5456,325,4.068428945128219,5441.846153846154,677.6153846153846,-83.01783755901245,10.58365680526088,1.4709600339079503,11.0
5457,25,1.1283791670955126,11193.0,677.0,45.00001609038752,0.0,0.0,0.0
5458,25,1.1283791670955126,11208.0,677.0,45.00001609038752,0.0,0.0,0.0
5459,25,1.1283791670955126,11191.0,678.0,45.00001609038752,0.0,0.0,0.0
5460,25,1.1283791670955126,11209.0,678.0,45.00001609038752,0.0,0.0,0.0
5461,400,4.51351666838205,11851.4375,682.8125,16.992443787338708,12.556799328169639,1.643712454195832,15.207106781186548
5462,25,1.1283791670955126,3437.0,679.0,45.00001609038752,0.0,0.0,0.0
5463,350,4.222008245644752,4443.571428571428,680.6428571428571,51.42035789211727,5.160637323274206,3.904532422459492,12.035533905932738
5464,25,1.1283791670955126,11189.0,679.0,45.00001609038752,0.0,0.0,0.0
5465,25,1.1283791670955126,11211.0,679.0,45.00001609038752,0.0,0.0,0.0
5466,225,3.385137501286538,3430.3333333333335,680.6666666666666,-76.71750184288084,4.708788181923399,2.504347879633133,8.207106781186548
5467,125,2.5231325220201604,3434.8,680.6,71.5650767661759,3.098386676965933,1.7888543819998317,5.207106781186548
5468,25,1.1283791670955126,4447.0,680.0,45.00001609038752,0.0,0.0,0.0
5469,150,2.763953195770684,4474.833333333333,681.0,-36.86991082919826,3.8297084310253524,1.8856180831641265,6.207106781186548
5470,25,1.1283791670955126,9064.0,680.0,45.00001609038752,0.0,0.0,0.0
5471,25,1.1283791670955126,11188.0,680.0,45.00001609038752,0.0,0.0,0.0
5472,25,1.1283791670955126,11212.0,680.0,45.00001609038752,0.0,0.0,0.0
5473,100,2.256758334191025,3438.0,681.5,-58.28254642828171,3.23606797749979,1.2360679774997898,4.414213562373095
5474,75,1.9544100476116797,4391.333333333333,681.6666666666666,-45.00001609038752,2.3094010767585034,1.3333333333333333,3.414213562373095
5475,25,1.1283791670955126,11435.0,681.0,45.00001609038752,0.0,0.0,0.0
5476,25,1.1283791670955126,3435.0,683.0,45.00001609038752,0.0,0.0,0.0
5477,25,1.1283791670955126,4303.0,683.0,45.00001609038752,0.0,0.0,0.0
5478,25,1.1283791670955126,6869.0,683.0,45.00001609038752,0.0,0.0,0.0
5479,25,1.1283791670955126,11186.0,683.0,45.00001609038752,0.0,0.0,0.0
5480,25,1.1283791670955126,11214.0,683.0,45.00001609038752,0.0,0.0,0.0
5481,25,1.1283791670955126,11217.0,683.0,45.00001609038752,0.0,0.0,0.0
5482,25,1.1283791670955126,12.0,684.0,45.00001609038752,0.0,0.0,0.0
5483,50,1.5957691216057308,15.5,684.0,90.00003218077504,2.0,0.0,0.0
5484,25,1.1283791670955126,1816.0,684.0,45.00001609038752,0.0,0.0,0.0
5485,25,1.1283791670955126,3418.0,684.0,45.00001609038752,0.0,0.0,0.0
5486,50,1.5957691216057308,3438.5,684.0,90.00003218077504,2.0,0.0,0.0
5487,25,1.1283791670955126,4258.0,684.0,45.00001609038752,0.0,0.0,0.0
5488,125,2.5231325220201604,4290.2,684.6,-71.5650767661759,3.098386676965933,1.7888543819998317,5.207106781186548
5489,1475,8.667244841319219,4294.5084745762715,688.6779661016949,-27.81058816970103,12.17400731117589,6.4438291484413055,32.14213562373095
5490,25,1.1283791670955126,4387.0,684.0,45.00001609038752,0.0,0.0,0.0
5491,150,2.763953195770684,4391.833333333333,684.3333333333334,77.06684915928662,4.363338213437162,1.65500979239906,5.0
5492,75,1.9544100476116797,6871.333333333333,684.3333333333334,45.00001609038752,2.3094010767585034,1.3333333333333333,3.414213562373095
5493,150,2.763953195770684,8144.833333333333,685.0,36.86991082919826,3.8297084310253524,1.8856180831641265,6.207106781186548
5494,25,1.1283791670955126,9064.0,684.0,45.00001609038752,0.0,0.0,0.0
5495,50,1.5957691216057308,11218.0,684.5,0.0,2.0,0.0,0.0
5496,25,1.1283791670955126,10.0,685.0,45.00001609038752,0.0,0.0,0.0
5497,50,1.5957691216057308,17.5,685.0,90.00003218077504,2.0,0.0,0.0
5498,25,1.1283791670955126,11185.0,685.0,45.00001609038752,0.0,0.0,0.0
5499,25,1.1283791670955126,9.0,686.0,45.00001609038752,0.0,0.0,0.0
5500,25,1.1283791670955126,22.0,686.0,45.00001609038752,0.0,0.0,0.0
5501,900,6.770275002573076,1734.25,692.6666666666666,-1.027286807783666,16.84171073356948,3.3033823760391536,30.485281374238568
5502,25,1.1283791670955126,3440.0,686.0,45.00001609038752,0.0,0.0,0.0
5503,25,1.1283791670955126,4257.0,686.0,45.00001609038752,0.0,0.0,0.0
5504,275,3.742410318509555,4301.636363636364,688.6363636363636,-29.28522766392504,6.711678848177367,2.4484054715218497,10.414213562373096
5505,75,1.9544100476116797,6929.666666666667,686.6666666666666,45.00001609038752,2.3094010767585034,1.3333333333333333,3.414213562373095
5506,50,1.5957691216057308,11219.0,686.5,0.0,2.0,0.0,0.0
5507,100,2.256758334191025,3438.5,687.5,45.00001609038752,2.0,2.0,4.0
5508,25,1.1283791670955126,3950.0,687.0,45.00001609038752,0.0,0.0,0.0
5509,75,1.9544100476116797,4255.333333333333,687.6666666666666,-45.00001609038752,2.3094010767585034,1.3333333333333333,3.414213562373095
5510,25,1.1283791670955126,4258.0,687.0,45.00001609038752,0.0,0.0,0.0
5511,50,1.5957691216057308,4290.5,687.0,90.00003218077504,2.0,0.0,0.0
5512,25,1.1283791670955126,4389.0,687.0,45.00001609038752,0.0,0.0,0.0
5513,25,1.1283791670955126,6887.0,687.0,45.00001609038752,0.0,0.0,0.0
5514,150,2.763953195770684,8144.0,688.1666666666666,11.23972121747167,4.330376161565604,2.1916655435763697,5.414213562373095
5515,50,1.5957691216057308,9065.5,687.0,90.00003218077504,2.0,0.0,0.0
5516,400,4.51351666838205,16.75,690.5,0.0,5.291502622129181,3.872983346207417,12.485281374238571
5517,25,1.1283791670955126,3952.0,688.0,45.00001609038752,0.0,0.0,0.0
5518,2925,12.205286835384658,4271.615384615385,700.4871794871794,-0.4149271051131427,27.50355133829296,6.11476068484307,64.35533905932738
5519,25,1.1283791670955126,6873.0,688.0,45.00001609038752,0.0,0.0,0.0
5520,25,1.1283791670955126,9063.0,688.0,45.00001609038752,0.0,0.0,0.0
5521,50,1.5957691216057308,11220.0,688.5,0.0,2.0,0.0,0.0
5522,25,1.1283791670955126,8.0,689.0,45.00001609038752,0.0,0.0,0.0
5523,25,1.1283791670955126,3951.0,689.0,45.00001609038752,0.0,0.0,0.0
5524,50,1.5957691216057308,4254.0,689.5,0.0,2.0,0.0,0.0
5525,25,1.1283791670955126,4257.0,689.0,45.00001609038752,0.0,0.0,0.0
5526,25,1.1283791670955126,11183.0,689.0,45.00001609038752,0.0,0.0,0.0
5527,50,1.5957691216057308,11854.0,689.5,0.0,2.0,0.0,0.0
5528,100,2.256758334191025,6.75,691.0,0.0,2.8284271247461903,1.7320508075688772,4.621320343559642
5529,425,4.652426491681278,3440.9411764705883,691.8235294117648,32.61244137662029,5.39428945940438,4.601253896703639,14.278174593052023
5530,25,1.1283791670955126,3952.0,690.0,45.00001609038752,0.0,0.0,0.0
5531,50,1.5957691216057308,4386.5,690.0,90.00003218077504,2.0,0.0,0.0
5532,250,3.5682482323055424,4255.9,692.8,-60.047142208921215,7.211829833582645,1.7859200574066336,9.207106781186548
5533,25,1.1283791670955126,4434.0,691.0,45.00001609038752,0.0,0.0,0.0
5534,575,5.4115163798060095,8142.434782608696,695.2173913043479,-4.919520452044122,9.083826052258495,3.9955294368885985,17.071067811865476
5535,100,2.256758334191025,5435.5,692.5,45.00001609038752,2.0,2.0,4.0
5536,100,2.256758334191025,9061.5,693.0,31.71748575249332,3.23606797749979,1.2360679774997898,4.414213562373095
5537,25,1.1283791670955126,1725.0,693.0,45.00001609038752,0.0,0.0,0.0
5538,50,1.5957691216057308,3101.5,693.0,90.00003218077504,2.0,0.0,0.0
5539,50,1.5957691216057308,3436.0,693.5,0.0,2.0,0.0,0.0
5540,25,1.1283791670955126,4437.0,693.0,45.00001609038752,0.0,0.0,0.0
5541,25,1.1283791670955126,8138.0,693.0,45.00001609038752,0.0,0.0,0.0
5542,25,1.1283791670955126,8147.0,693.0,45.00001609038752,0.0,0.0,0.0
5543,25,1.1283791670955126,8.0,694.0,45.00001609038752,0.0,0.0,0.0
5544,25,1.1283791670955126,25.0,694.0,45.00001609038752,0.0,0.0,0.0
5545,25,1.1283791670955126,3099.0,694.0,45.00001609038752,0.0,0.0,0.0
5546,25,1.1283791670955126,4438.0,694.0,45.00001609038752,0.0,0.0,0.0
5547,100,2.256758334191025,6887.75,695.0,0.0,2.8284271247461903,1.7320508075688772,4.621320343559642
5548,25,1.1283791670955126,9.0,695.0,45.00001609038752,0.0,0.0,0.0
5549,1400,8.444016491289505,8135.642857142857,704.4821428571429,10.178751021054275,16.251032546141133,6.425464515930825,40.00609665440987
5550,225,3.385137501286538,8137.888888888889,697.2222222222222,11.309936518046799,5.333333333333333,2.8109134757052257,9.414213562373096
5551,25,1.1283791670955126,10.0,696.0,45.00001609038752,0.0,0.0,0.0
5552,25,1.1283791670955126,24.0,696.0,45.00001609038752,0.0,0.0,0.0
5553,25,1.1283791670955126,3094.0,696.0,45.00001609038752,0.0,0.0,0.0
5554,25,1.1283791670955126,3445.0,696.0,45.00001609038752,0.0,0.0,0.0
5555,25,1.1283791670955126,12.0,697.0,45.00001609038752,0.0,0.0,0.0
5556,25,1.1283791670955126,1731.0,697.0,45.00001609038752,0.0,0.0,0.0
5557,25,1.1283791670955126,3091.0,697.0,45.00001609038752,0.0,0.0,0.0
5558,100,2.256758334191025,6862.0,697.25,90.00003218077504,2.8284271247461903,1.7320508075688772,4.621320343559642
5559,25,1.1283791670955126,8132.0,697.0,45.00001609038752,0.0,0.0,0.0
5560,100,2.256758334191025,22.0,698.5,-58.28254642828171,3.23606797749979,1.2360679774997898,4.414213562373095
5561,175,2.985410660720923,3090.714285714286,699.4285714285714,18.434955414599134,3.7032803990902057,2.6802375770419595,7.621320343559642
5562,25,1.1283791670955126,4444.0,698.0,45.00001609038752,0.0,0.0,0.0
5563,25,1.1283791670955126,6860.0,698.0,45.00001609038752,0.0,0.0,0.0
5564,400,4.51351666838205,6865.6875,699.9375,-18.43495541459913,5.326818938165629,3.7416573867739418,12.242640687119286
5565,178775,95.41978822236585,6924.138442175919,775.7716403300237,38.96161646826013,163.51280647183685,62.78628763769437,433.04372260139564
5566,25,1.1283791670955126,35.0,699.0,45.00001609038752,0.0,0.0,0.0
5567,25,1.1283791670955126,49.0,699.0,45.00001609038752,0.0,0.0,0.0
5568,25,1.1283791670955126,6859.0,699.0,45.00001609038752,0.0,0.0,0.0
5569,25,1.1283791670955126,34.0,700.0,45.00001609038752,0.0,0.0,0.0
5570,25,1.1283791670955126,4275.0,700.0,45.00001609038752,0.0,0.0,0.0
5571,25,1.1283791670955126,6890.0,700.0,45.00001609038752,0.0,0.0,0.0
5572,100,2.256758334191025,8140.5,700.5,45.00001609038752,2.0,2.0,4.0
5573,50,1.5957691216057308,1778.0,701.5,0.0,2.0,0.0,0.0
5574,375,4.370193722368317,4112.2,704.0,14.17495231915169,8.503402019778887,2.21784146337988,11.414213562373096
5575,25,1.1283791670955126,4454.0,701.0,45.00001609038752,0.0,0.0,0.0
5576,1250,7.978845608028654,6864.56,705.26,-71.27382232807459,15.547947222345146,7.211250735563827,36.798989873223334
5577,25,1.1283791670955126,11858.0,701.0,45.00001609038752,0.0,0.0,0.0
5578,25,1.1283791670955126,33.0,702.0,45.00001609038752,0.0,0.0,0.0
5579,25,1.1283791670955126,52.0,702.0,45.00001609038752,0.0,0.0,0.0
5580,50,1.5957691216057308,1822.5,702.0,90.00003218077504,2.0,0.0,0.0
5581,900,6.770275002573076,4100.527777777777,709.9166666666666,-15.067954369138443,17.01501352990587,3.0054158536986812,28.656854249492383
5582,200,3.1915382432114616,4443.25,703.75,-10.278026284844326,4.852216374536232,2.540865257089102,8.414213562373096
5583,25,1.1283791670955126,4455.0,702.0,45.00001609038752,0.0,0.0,0.0
5584,25,1.1283791670955126,11458.0,702.0,45.00001609038752,0.0,0.0,0.0
5585,25,1.1283791670955126,1733.0,703.0,45.00001609038752,0.0,0.0,0.0
5586,25,1.1283791670955126,1821.0,703.0,45.00001609038752,0.0,0.0,0.0
5587,25,1.1283791670955126,1826.0,703.0,45.00001609038752,0.0,0.0,0.0
5588,25,1.1283791670955126,3088.0,703.0,45.00001609038752,0.0,0.0,0.0
5589,50,1.5957691216057308,8132.0,703.5,0.0,2.0,0.0,0.0
5590,25,1.1283791670955126,8142.0,703.0,45.00001609038752,0.0,0.0,0.0
5591,25,1.1283791670955126,11459.0,703.0,45.00001609038752,0.0,0.0,0.0
5592,150,2.763953195770684,31.166666666666668,705.5,-30.963767603603344,4.320493798938573,1.8856180831641272,6.621320343559642
5593,25,1.1283791670955126,1820.0,704.0,45.00001609038752,0.0,0.0,0.0
5594,25,1.1283791670955126,4457.0,704.0,45.00001609038752,0.0,0.0,0.0
5595,50,1.5957691216057308,11859.0,705.5,0.0,2.0,0.0,0.0
5596,25,1.1283791670955126,1818.0,706.0,45.00001609038752,0.0,0.0,0.0
5597,25,1.1283791670955126,1833.0,706.0,45.00001609038752,0.0,0.0,0.0
5598,75,1.9544100476116797,4267.666666666667,706.3333333333334,-45.00001609038752,2.3094010767585034,1.3333333333333333,3.414213562373095
5599,25,1.1283791670955126,4445.0,706.0,45.00001609038752,0.0,0.0,0.0
5600,25,1.1283791670955126,6892.0,706.0,45.00001609038752,0.0,0.0,0.0
5601,75,1.9544100476116797,1732.0,708.0,0.0,3.265986323710904,0.0,1.0
5602,125,2.5231325220201604,4446.0,708.0,-31.71748575249332,4.093338188813542,1.5635160606788385,5.414213562373095
5603,25,1.1283791670955126,9058.0,707.0,45.00001609038752,0.0,0.0,0.0
5604,75,1.9544100476116797,11860.0,708.0,0.0,3.265986323710904,0.0,1.0
5605,25,1.1283791670955126,1834.0,708.0,45.00001609038752,0.0,0.0,0.0
5606,175,2.985410660720923,3084.4285714285716,709.7142857142857,8.349625102522488,4.155374705678736,1.9054711331003737,7.207106781186548
5607,500,5.046265044040321,42.85,711.7,-26.01199214903128,5.556341125566584,4.574611819197062,13.899494936611665
5608,25,1.1283791670955126,3949.0,709.0,45.00001609038752,0.0,0.0,0.0
5609,25,1.1283791670955126,4114.0,709.0,45.00001609038752,0.0,0.0,0.0
5610,25,1.1283791670955126,9060.0,709.0,45.00001609038752,0.0,0.0,0.0
5611,50,1.5957691216057308,10665.0,709.5,0.0,2.0,0.0,0.0
5612,1600,9.0270333367641,3947.828125,716.96875,-27.044079168628762,18.27655216620898,6.223291706632581,44.17766952966369
5613,25,1.1283791670955126,8131.0,710.0,45.00001609038752,0.0,0.0,0.0
5614,25,1.1283791670955126,1815.0,711.0,45.00001609038752,0.0,0.0,0.0
5615,25,1.1283791670955126,6894.0,711.0,45.00001609038752,0.0,0.0,0.0
5616,50,1.5957691216057308,11861.0,711.5,0.0,2.0,0.0,0.0
5617,50,1.5957691216057308,32.0,712.5,0.0,2.0,0.0,0.0
5618,50,1.5957691216057308,124.0,712.5,0.0,2.0,0.0,0.0
5619,150,2.763953195770684,4446.0,713.3333333333334,18.434955414599127,4.618802153517007,1.8856180831641267,6.621320343559642
5620,25,1.1283791670955126,3945.0,713.0,45.00001609038752,0.0,0.0,0.0
5621,25,1.1283791670955126,6895.0,713.0,45.00001609038752,0.0,0.0,0.0
5622,50,1.5957691216057308,52.0,714.5,0.0,2.0,0.0,0.0
5623,25,1.1283791670955126,4275.0,714.0,45.00001609038752,0.0,0.0,0.0
5624,25,1.1283791670955126,4449.0,714.0,45.00001609038752,0.0,0.0,0.0
5625,25,1.1283791670955126,8137.0,714.0,45.00001609038752,0.0,0.0,0.0
5626,25,1.1283791670955126,9071.0,714.0,45.00001609038752,0.0,0.0,0.0
5627,25,1.1283791670955126,11177.0,714.0,45.00001609038752,0.0,0.0,0.0
5628,75,1.9544100476116797,25.333333333333332,715.3333333333334,45.00001609038752,2.3094010767585034,1.3333333333333333,3.414213562373095
5629,25,1.1283791670955126,33.0,715.0,45.00001609038752,0.0,0.0,0.0
5630,25,1.1283791670955126,125.0,715.0,45.00001609038752,0.0,0.0,0.0
5631,25,1.1283791670955126,3025.0,715.0,45.00001609038752,0.0,0.0,0.0
5632,25,1.1283791670955126,3041.0,715.0,45.00001609038752,0.0,0.0,0.0
5633,25,1.1283791670955126,4273.0,715.0,45.00001609038752,0.0,0.0,0.0
5634,25,1.1283791670955126,4441.0,715.0,45.00001609038752,0.0,0.0,0.0
5635,50,1.5957691216057308,4450.0,715.5,0.0,2.0,0.0,0.0
5636,1050,7.312732791431452,5102.833333333333,725.0238095238095,12.5160110309479,21.082461506307805,2.8999371422763383,35.071067811865476
5637,25,1.1283791670955126,6896.0,715.0,45.00001609038752,0.0,0.0,0.0
5638,25,1.1283791670955126,51.0,716.0,45.00001609038752,0.0,0.0,0.0
5639,225,3.385137501286538,121.33333333333333,717.3333333333334,45.00001609038752,4.618802153517006,2.6666666666666665,8.035533905932738
5640,25,1.1283791670955126,130.0,716.0,45.00001609038752,0.0,0.0,0.0
5641,25,1.1283791670955126,3024.0,716.0,45.00001609038752,0.0,0.0,0.0
5642,25,1.1283791670955126,3105.0,716.0,45.00001609038752,0.0,0.0,0.0
5643,150,2.763953195770684,4444.333333333333,717.1666666666666,-30.321134070351533,3.868894753190311,2.609488679131271,5.207106781186548
5644,25,1.1283791670955126,8139.0,716.0,45.00001609038752,0.0,0.0,0.0
5645,25,1.1283791670955126,11225.0,716.0,45.00001609038752,0.0,0.0,0.0
5646,25,1.1283791670955126,34.0,717.0,45.00001609038752,0.0,0.0,0.0
5647,150,2.763953195770684,3959.1666666666665,718.6666666666666,-29.232614499937572,5.00274675656753,1.443480516239888,6.414213562373095
5648,50,1.5957691216057308,4448.0,717.5,0.0,2.0,0.0,0.0
5649,25,1.1283791670955126,5094.0,717.0,45.00001609038752,0.0,0.0,0.0
5650,25,1.1283791670955126,6897.0,717.0,45.00001609038752,0.0,0.0,0.0
5651,50,1.5957691216057308,32.0,718.5,0.0,2.0,0.0,0.0
5652,50,1.5957691216057308,35.5,718.0,90.00003218077504,2.0,0.0,0.0
5653,25,1.1283791670955126,49.0,718.0,45.00001609038752,0.0,0.0,0.0
5654,25,1.1283791670955126,3021.0,718.0,45.00001609038752,0.0,0.0,0.0
5655,25,1.1283791670955126,3056.0,718.0,45.00001609038752,0.0,0.0,0.0
5656,25,1.1283791670955126,3942.0,718.0,45.00001609038752,0.0,0.0,0.0
5657,75,1.9544100476116797,4433.666666666667,718.3333333333334,-45.00001609038752,2.3094010767585034,1.3333333333333333,3.414213562373095
5658,25,1.1283791670955126,8124.0,718.0,45.00001609038752,0.0,0.0,0.0
5659,25,1.1283791670955126,9071.0,718.0,45.00001609038752,0.0,0.0,0.0
5660,25,1.1283791670955126,37.0,719.0,45.00001609038752,0.0,0.0,0.0
5661,25,1.1283791670955126,48.0,719.0,45.00001609038752,0.0,0.0,0.0
5662,175,2.985410660720923,3018.285714285714,720.2857142857143,45.00001609038752,5.656854249492381,1.3997084244475309,7.414213562373095
5663,25,1.1283791670955126,3058.0,719.0,45.00001609038752,0.0,0.0,0.0
5664,25,1.1283791670955126,6898.0,719.0,45.00001609038752,0.0,0.0,0.0
5665,25,1.1283791670955126,33.0,720.0,45.00001609038752,0.0,0.0,0.0
5666,25,1.1283791670955126,40.0,720.0,45.00001609038752,0.0,0.0,0.0
5667,25,1.1283791670955126,46.0,720.0,45.00001609038752,0.0,0.0,0.0
5668,225,3.385137501286538,3060.6666666666665,721.1111111111111,79.7220058959307,4.665100583384071,2.874287373408285,8.414213562373096
5669,175,2.985410660720923,4445.571428571428,720.8571428571429,71.5650767661759,4.915614438310072,2.1380899352993956,7.621320343559642
5670,25,1.1283791670955126,6899.0,720.0,45.00001609038752,0.0,0.0,0.0
5671,25,1.1283791670955126,8780.0,720.0,45.00001609038752,0.0,0.0,0.0
5672,25,1.1283791670955126,3955.0,721.0,45.00001609038752,0.0,0.0,0.0
5673,25,1.1283791670955126,3961.0,721.0,45.00001609038752,0.0,0.0,0.0
5674,50,1.5957691216057308,4109.5,721.0,90.00003218077504,2.0,0.0,0.0
5675,50,1.5957691216057308,4279.5,721.0,90.00003218077504,2.0,0.0,0.0
5676,50,1.5957691216057308,3942.0,722.5,0.0,2.0,0.0,0.0
5677,25,1.1283791670955126,6900.0,722.0,45.00001609038752,0.0,0.0,0.0
5678,100,2.256758334191025,11176.0,723.5,0.0,4.47213595499958,0.0,2.0
5679,100,2.256758334191025,1729.0,723.75,90.00003218077504,2.8284271247461903,1.7320508075688772,4.621320343559642
5680,25,1.1283791670955126,1731.0,723.0,45.00001609038752,0.0,0.0,0.0
5681,25,1.1283791670955126,3016.0,723.0,45.00001609038752,0.0,0.0,0.0
5682,350,4.222008245644752,3959.214285714286,725.8571428571429,4.389166477281511,8.555980584351438,2.622370853495448,14.414213562373096
5683,25,1.1283791670955126,3067.0,724.0,45.00001609038752,0.0,0.0,0.0
5684,550,5.292567428401227,5092.227272727273,729.2727272727273,-6.647506611432693,10.523418864379666,2.6909341276215506,15.82842712474619
5685,25,1.1283791670955126,6901.0,724.0,45.00001609038752,0.0,0.0,0.0
5686,25,1.1283791670955126,8131.0,724.0,45.00001609038752,0.0,0.0,0.0
5687,75,1.9544100476116797,8133.666666666667,724.6666666666666,45.00001609038752,2.3094010767585034,1.3333333333333333,3.414213562373095
5688,25,1.1283791670955126,9063.0,724.0,45.00001609038752,0.0,0.0,0.0
5689,50,1.5957691216057308,9074.0,724.5,0.0,2.0,0.0,0.0
5690,25,1.1283791670955126,1815.0,725.0,45.00001609038752,0.0,0.0,0.0
5691,25,1.1283791670955126,3064.0,725.0,45.00001609038752,0.0,0.0,0.0
5692,25,1.1283791670955126,6902.0,725.0,45.00001609038752,0.0,0.0,0.0
5693,3025,12.412170838050638,9068.537190082645,733.297520661157,-46.95786725738818,20.433984737110528,10.674242889369053,76.97665940288702
5694,25,1.1283791670955126,3015.0,726.0,45.00001609038752,0.0,0.0,0.0
5695,25,1.1283791670955126,3065.0,726.0,45.00001609038752,0.0,0.0,0.0
5696,25,1.1283791670955126,4261.0,726.0,45.00001609038752,0.0,0.0,0.0
5697,25,1.1283791670955126,8132.0,726.0,45.00001609038752,0.0,0.0,0.0
5698,6525,18.229523339239496,11863.716475095785,746.5210727969348,-13.926656349512498,47.72639881946029,7.181891193668668,100.76955262170047
5699,25,1.1283791670955126,1816.0,727.0,45.00001609038752,0.0,0.0,0.0
5700,25,1.1283791670955126,3946.0,727.0,45.00001609038752,0.0,0.0,0.0
5701,25,1.1283791670955126,4255.0,727.0,45.00001609038752,0.0,0.0,0.0
5702,25,1.1283791670955126,6903.0,727.0,45.00001609038752,0.0,0.0,0.0
5703,25,1.1283791670955126,3066.0,728.0,45.00001609038752,0.0,0.0,0.0
5704,75,1.9544100476116797,3946.6666666666665,728.6666666666666,45.00001609038752,2.3094010767585034,1.3333333333333333,3.414213562373095
5705,25,1.1283791670955126,4256.0,728.0,45.00001609038752,0.0,0.0,0.0
5706,250,3.5682482323055424,4419.9,729.2,-85.97047878851617,5.20866295400371,2.978226020903944,9.207106781186548
5707,61900,56.14749426968458,6870.012924071082,769.1118739903069,26.774266835020086,85.19110574887956,37.61583562642085,220.79393923933998
5708,25,1.1283791670955126,127.0,729.0,45.00001609038752,0.0,0.0,0.0
5709,25,1.1283791670955126,136.0,729.0,45.00001609038752,0.0,0.0,0.0
5710,25,1.1283791670955126,4259.0,729.0,45.00001609038752,0.0,0.0,0.0
5711,25,1.1283791670955126,125.0,730.0,45.00001609038752,0.0,0.0,0.0
5712,25,1.1283791670955126,138.0,730.0,45.00001609038752,0.0,0.0,0.0
5713,25,1.1283791670955126,1818.0,730.0,45.00001609038752,0.0,0.0,0.0
5714,25,1.1283791670955126,4396.0,730.0,45.00001609038752,0.0,0.0,0.0
5715,25,1.1283791670955126,6905.0,730.0,45.00001609038752,0.0,0.0,0.0
5716,300,3.9088200952233594,3042.0,732.8333333333334,19.805351201694666,5.047398899971206,2.9573614197104288,9.621320343559642
5717,75,1.9544100476116797,3958.6666666666665,731.6666666666666,45.00001609038752,2.3094010767585034,1.3333333333333333,3.414213562373095
5718,25,1.1283791670955126,6906.0,731.0,45.00001609038752,0.0,0.0,0.0
5719,25,1.1283791670955126,124.0,732.0,45.00001609038752,0.0,0.0,0.0
5720,25,1.1283791670955126,1819.0,732.0,45.00001609038752,0.0,0.0,0.0
5721,200,3.1915382432114616,3037.75,733.25,82.98190793738294,3.8888437389046198,2.6223833385648136,7.82842712474619
5722,50,1.5957691216057308,3964.0,732.5,0.0,2.0,0.0,0.0
5723,25,1.1283791670955126,6907.0,732.0,45.00001609038752,0.0,0.0,0.0
5724,25,1.1283791670955126,9060.0,732.0,45.00001609038752,0.0,0.0,0.0
5725,25,1.1283791670955126,9080.0,732.0,45.00001609038752,0.0,0.0,0.0
5726,100,2.256758334191025,11202.5,733.0,-31.71748575249332,3.23606797749979,1.2360679774997898,4.414213562373095
5727,25,1.1283791670955126,123.0,733.0,45.00001609038752,0.0,0.0,0.0
5728,25,1.1283791670955126,141.0,733.0,45.00001609038752,0.0,0.0,0.0
5729,25,1.1283791670955126,1727.0,733.0,45.00001609038752,0.0,0.0,0.0
5730,125,2.5231325220201604,1820.8,734.2,-45.00001609038752,4.0,1.3856406460551023,5.414213562373095
5731,25,1.1283791670955126,1834.0,733.0,45.00001609038752,0.0,0.0,0.0
5732,25,1.1283791670955126,3069.0,733.0,45.00001609038752,0.0,0.0,0.0
5733,925,6.863662517577698,4417.783783783784,737.5135135135135,-20.868558166838636,12.193050729684133,4.9083718626063115,27.520815280171306
5734,25,1.1283791670955126,6908.0,733.0,45.00001609038752,0.0,0.0,0.0
5735,25,1.1283791670955126,122.0,734.0,45.00001609038752,0.0,0.0,0.0
5736,125,2.5231325220201604,4428.8,735.2,-45.00001609038752,4.0,1.3856406460551023,5.414213562373095
5737,50,1.5957691216057308,5106.0,734.5,0.0,2.0,0.0,0.0
5738,25,1.1283791670955126,6910.0,734.0,45.00001609038752,0.0,0.0,0.0
5739,25,1.1283791670955126,1833.0,735.0,45.00001609038752,0.0,0.0,0.0
5740,25,1.1283791670955126,4416.0,735.0,45.00001609038752,0.0,0.0,0.0
5741,25,1.1283791670955126,5093.0,735.0,45.00001609038752,0.0,0.0,0.0
5742,25,1.1283791670955126,6911.0,735.0,45.00001609038752,0.0,0.0,0.0
5743,25,1.1283791670955126,9076.0,735.0,45.00001609038752,0.0,0.0,0.0
5744,25,1.1283791670955126,9081.0,735.0,45.00001609038752,0.0,0.0,0.0
5745,25,1.1283791670955126,1823.0,736.0,45.00001609038752,0.0,0.0,0.0
5746,25,1.1283791670955126,1832.0,736.0,45.00001609038752,0.0,0.0,0.0
5747,25,1.1283791670955126,3631.0,736.0,45.00001609038752,0.0,0.0,0.0
5748,25,1.1283791670955126,4415.0,736.0,45.00001609038752,0.0,0.0,0.0
5749,25,1.1283791670955126,4425.0,736.0,45.00001609038752,0.0,0.0,0.0
5750,25,1.1283791670955126,6912.0,736.0,45.00001609038752,0.0,0.0,0.0
5751,2600,11.507254783503184,9073.596153846154,744.3461538461538,-23.346169232668174,19.654637017088316,8.678851459808088,54.45584412271571
5752,125,2.5231325220201604,9937.0,738.0,0.0,5.656854249492381,0.0,3.0
5753,25,1.1283791670955126,1825.0,737.0,45.00001609038752,0.0,0.0,0.0
5754,25,1.1283791670955126,1830.0,737.0,45.00001609038752,0.0,0.0,0.0
5755,25,1.1283791670955126,3012.0,737.0,45.00001609038752,0.0,0.0,0.0
5756,25,1.1283791670955126,3633.0,737.0,45.00001609038752,0.0,0.0,0.0
5757,25,1.1283791670955126,4269.0,737.0,45.00001609038752,0.0,0.0,0.0
5758,50,1.5957691216057308,4426.5,737.0,90.00003218077504,2.0,0.0,0.0
5759,25,1.1283791670955126,6913.0,737.0,45.00001609038752,0.0,0.0,0.0
5760,25,1.1283791670955126,6958.0,737.0,45.00001609038752,0.0,0.0,0.0
5761,150,2.763953195770684,1827.5,738.3333333333334,90.00003218077504,3.8297084310253524,1.8856180831641272,6.414213562373095
5762,50,1.5957691216057308,4423.5,738.0,90.00003218077504,2.0,0.0,0.0
5763,25,1.1283791670955126,4458.0,738.0,45.00001609038752,0.0,0.0,0.0
5764,25,1.1283791670955126,6915.0,738.0,45.00001609038752,0.0,0.0,0.0
5765,25,1.1283791670955126,121.0,739.0,45.00001609038752,0.0,0.0,0.0
5766,250,3.5682482323055424,3628.0,740.3,-60.37634436397538,6.410773181397356,1.9651939386931836,10.207106781186548
5767,250,3.5682482323055424,4391.6,740.3,81.99340848245147,6.554400995742653,2.4165735219536995,10.82842712474619
5768,25,1.1283791670955126,4412.0,739.0,45.00001609038752,0.0,0.0,0.0
5769,75,1.9544100476116797,4441.666666666667,739.3333333333334,-45.00001609038752,2.3094010767585034,1.3333333333333333,3.414213562373095
5770,25,1.1283791670955126,6916.0,739.0,45.00001609038752,0.0,0.0,0.0
5771,25,1.1283791670955126,6957.0,739.0,45.00001609038752,0.0,0.0,0.0
5772,25,1.1283791670955126,9059.0,739.0,45.00001609038752,0.0,0.0,0.0
5773,25,1.1283791670955126,4396.0,740.0,45.00001609038752,0.0,0.0,0.0
5774,25,1.1283791670955126,4413.0,740.0,45.00001609038752,0.0,0.0,0.0
5775,175,2.985410660720923,4422.428571428572,740.5714285714286,87.95722306035252,4.71459177171839,1.9735940326311023,7.207106781186548
5776,150,2.763953195770684,4457.5,740.8333333333334,-59.03626457717171,4.320493798938573,1.885618083164126,6.621320343559642
5777,25,1.1283791670955126,6917.0,740.0,45.00001609038752,0.0,0.0,0.0
5778,25,1.1283791670955126,6956.0,740.0,45.00001609038752,0.0,0.0,0.0
5779,25,1.1283791670955126,9058.0,740.0,45.00001609038752,0.0,0.0,0.0
5780,25,1.1283791670955126,11599.0,740.0,45.00001609038752,0.0,0.0,0.0
5781,25,1.1283791670955126,4445.0,741.0,45.00001609038752,0.0,0.0,0.0
5782,25,1.1283791670955126,9080.0,741.0,45.00001609038752,0.0,0.0,0.0
5783,150,2.763953195770684,11201.5,742.0,0.0,3.265986323710904,2.0,6.0
5784,25,1.1283791670955126,11223.0,741.0,45.00001609038752,0.0,0.0,0.0
5785,50,1.5957691216057308,3037.0,742.5,0.0,2.0,0.0,0.0
5786,25,1.1283791670955126,6920.0,742.0,45.00001609038752,0.0,0.0,0.0
5787,325,4.068428945128219,131.23076923076923,744.7692307692307,-19.79407250149,4.8987468184356775,3.3498081318351556,11.071067811865476
5788,25,1.1283791670955126,3633.0,743.0,45.00001609038752,0.0,0.0,0.0
5789,225,3.385137501286538,4391.444444444444,744.2222222222222,-52.62757816925831,4.981090504906256,2.6064680419175827,9.207106781186548
5790,25,1.1283791670955126,4417.0,743.0,45.00001609038752,0.0,0.0,0.0
5791,25,1.1283791670955126,4454.0,743.0,45.00001609038752,0.0,0.0,0.0
5792,25,1.1283791670955126,5095.0,743.0,45.00001609038752,0.0,0.0,0.0
5793,25,1.1283791670955126,6921.0,743.0,45.00001609038752,0.0,0.0,0.0
5794,375,4.370193722368317,6939.333333333333,746.0,-7.627562078870795,7.351704775960033,3.675322086930884,12.207106781186548
5795,25,1.1283791670955126,6954.0,743.0,45.00001609038752,0.0,0.0,0.0
5796,75,1.9544100476116797,9064.333333333334,743.6666666666666,-45.00001609038752,2.3094010767585034,1.3333333333333333,3.414213562373095
5797,25,1.1283791670955126,11222.0,743.0,45.00001609038752,0.0,0.0,0.0
5798,50,1.5957691216057308,1721.0,744.5,0.0,2.0,0.0,0.0
5799,25,1.1283791670955126,3035.0,744.0,45.00001609038752,0.0,0.0,0.0
5800,25,1.1283791670955126,3628.0,744.0,45.00001609038752,0.0,0.0,0.0
5801,50,1.5957691216057308,3631.5,744.0,90.00003218077504,2.0,0.0,0.0
5802,25,1.1283791670955126,4259.0,744.0,45.00001609038752,0.0,0.0,0.0
5803,25,1.1283791670955126,4418.0,744.0,45.00001609038752,0.0,0.0,0.0
5804,125,2.5231325220201604,4421.8,744.4,-71.5650767661759,3.098386676965933,1.7888543819998317,5.207106781186548
5805,25,1.1283791670955126,5582.0,744.0,45.00001609038752,0.0,0.0,0.0
5806,25,1.1283791670955126,6953.0,744.0,45.00001609038752,0.0,0.0,0.0
5807,50,1.5957691216057308,11221.0,744.5,0.0,2.0,0.0,0.0
5808,25,1.1283791670955126,3626.0,745.0,45.00001609038752,0.0,0.0,0.0
5809,25,1.1283791670955126,5096.0,745.0,45.00001609038752,0.0,0.0,0.0
5810,25,1.1283791670955126,5103.0,745.0,45.00001609038752,0.0,0.0,0.0
5811,75,1.9544100476116797,5582.0,747.0,0.0,3.265986323710904,0.0,1.0
5812,25,1.1283791670955126,6952.0,746.0,45.00001609038752,0.0,0.0,0.0
5813,25,1.1283791670955126,11220.0,746.0,45.00001609038752,0.0,0.0,0.0
5814,25,1.1283791670955126,6951.0,747.0,45.00001609038752,0.0,0.0,0.0
5815,25,1.1283791670955126,9066.0,747.0,45.00001609038752,0.0,0.0,0.0
5816,25,1.1283791670955126,11219.0,747.0,45.00001609038752,0.0,0.0,0.0
5817,75,1.9544100476116797,1827.0,749.0,0.0,3.265986323710904,0.0,1.0
5818,25,1.1283791670955126,6947.0,748.0,45.00001609038752,0.0,0.0,0.0
5819,50,1.5957691216057308,6949.5,748.0,90.00003218077504,2.0,0.0,0.0
5820,25,1.1283791670955126,4455.0,749.0,45.00001609038752,0.0,0.0,0.0
5821,50,1.5957691216057308,9067.5,749.0,90.00003218077504,2.0,0.0,0.0
5822,25,1.1283791670955126,1728.0,750.0,45.00001609038752,0.0,0.0,0.0
5823,25,1.1283791670955126,4454.0,750.0,45.00001609038752,0.0,0.0,0.0
5824,25,1.1283791670955126,8137.0,750.0,45.00001609038752,0.0,0.0,0.0
5825,100,2.256758334191025,11217.25,750.75,-71.5650767661759,3.4641016151377544,1.4142135623730951,3.2071067811865475
5826,50,1.5957691216057308,1727.0,751.5,0.0,2.0,0.0,0.0
5827,25,1.1283791670955126,4411.0,751.0,45.00001609038752,0.0,0.0,0.0
5828,275,3.742410318509555,4457.818181818182,752.7272727272727,-85.8372055270845,4.775096536917984,3.4413777999934028,9.82842712474619
5829,25,1.1283791670955126,11179.0,751.0,45.00001609038752,0.0,0.0,0.0
5830,25,1.1283791670955126,122.0,752.0,45.00001609038752,0.0,0.0,0.0
5831,100,2.256758334191025,1717.75,753.25,-18.43495541459913,3.4641016151377544,1.4142135623730951,3.2071067811865475
5832,50,1.5957691216057308,1730.0,752.5,0.0,2.0,0.0,0.0
5833,75,1.9544100476116797,3628.6666666666665,752.3333333333334,-45.00001609038752,2.3094010767585034,1.3333333333333333,3.414213562373095
5834,25,1.1283791670955126,8140.0,752.0,45.00001609038752,0.0,0.0,0.0
5835,25,1.1283791670955126,11215.0,752.0,45.00001609038752,0.0,0.0,0.0
5836,25,1.1283791670955126,11219.0,752.0,45.00001609038752,0.0,0.0,0.0
5837,25,1.1283791670955126,142.0,753.0,45.00001609038752,0.0,0.0,0.0
5838,150,2.763953195770684,1828.0,755.5,0.0,6.831300510639732,0.0,4.0
5839,25,1.1283791670955126,11213.0,753.0,45.00001609038752,0.0,0.0,0.0
5840,25,1.1283791670955126,120.0,754.0,45.00001609038752,0.0,0.0,0.0
5841,100,2.256758334191025,124.0,754.5,58.28254642828171,3.23606797749979,1.2360679774997898,4.414213562373095
5842,25,1.1283791670955126,141.0,754.0,45.00001609038752,0.0,0.0,0.0
5843,25,1.1283791670955126,1728.0,754.0,45.00001609038752,0.0,0.0,0.0
5844,25,1.1283791670955126,11180.0,754.0,45.00001609038752,0.0,0.0,0.0
5845,25,1.1283791670955126,11212.0,754.0,45.00001609038752,0.0,0.0,0.0
5846,25,1.1283791670955126,121.0,755.0,45.00001609038752,0.0,0.0,0.0
5847,25,1.1283791670955126,140.0,755.0,45.00001609038752,0.0,0.0,0.0
5848,25,1.1283791670955126,8140.0,755.0,45.00001609038752,0.0,0.0,0.0
5849,25,1.1283791670955126,9073.0,755.0,45.00001609038752,0.0,0.0,0.0
5850,25,1.1283791670955126,11210.0,755.0,45.00001609038752,0.0,0.0,0.0
5851,25,1.1283791670955126,122.0,756.0,45.00001609038752,0.0,0.0,0.0
5852,25,1.1283791670955126,126.0,756.0,45.00001609038752,0.0,0.0,0.0
5853,25,1.1283791670955126,139.0,756.0,45.00001609038752,0.0,0.0,0.0
5854,25,1.1283791670955126,4459.0,756.0,45.00001609038752,0.0,0.0,0.0
5855,25,1.1283791670955126,11181.0,756.0,45.00001609038752,0.0,0.0,0.0
5856,425,4.652426491681278,123.6470588235294,760.8823529411765,-13.934211947187531,10.147070605277301,3.3953361560361284,17.44974746830583
5857,25,1.1283791670955126,128.0,757.0,45.00001609038752,0.0,0.0,0.0
5858,25,1.1283791670955126,138.0,757.0,45.00001609038752,0.0,0.0,0.0
5859,100,2.256758334191025,3630.5,757.5,45.00001609038752,2.0,2.0,4.0
5860,25,1.1283791670955126,4460.0,757.0,45.00001609038752,0.0,0.0,0.0
5861,75,1.9544100476116797,9078.666666666666,757.3333333333334,-45.00001609038752,2.3094010767585034,1.3333333333333333,3.414213562373095
5862,25,1.1283791670955126,9381.0,757.0,45.00001609038752,0.0,0.0,0.0
5863,25,1.1283791670955126,11207.0,757.0,45.00001609038752,0.0,0.0,0.0
5864,25,1.1283791670955126,133.0,758.0,45.00001609038752,0.0,0.0,0.0
5865,150,2.763953195770684,135.5,758.8333333333334,-59.03626457717171,4.320493798938573,1.885618083164126,6.621320343559642
5866,475,4.918490759365935,8143.684210526316,764.1578947368421,-0.5986631616611807,12.995473342343836,1.8544547037660222,17.0
5867,25,1.1283791670955126,11182.0,758.0,45.00001609038752,0.0,0.0,0.0
5868,25,1.1283791670955126,11205.0,758.0,45.00001609038752,0.0,0.0,0.0
5869,25,1.1283791670955126,11183.0,759.0,45.00001609038752,0.0,0.0,0.0
5870,25,1.1283791670955126,11203.0,759.0,45.00001609038752,0.0,0.0,0.0
5871,50,1.5957691216057308,1829.0,760.5,0.0,2.0,0.0,0.0
5872,75,1.9544100476116797,3630.3333333333335,760.3333333333334,45.00001609038752,2.3094010767585034,1.3333333333333333,3.414213562373095
5873,25,1.1283791670955126,4405.0,760.0,45.00001609038752,0.0,0.0,0.0
5874,75,1.9544100476116797,4407.333333333333,760.3333333333334,45.00001609038752,2.3094010767585034,1.3333333333333333,3.414213562373095
5875,25,1.1283791670955126,8818.0,760.0,45.00001609038752,0.0,0.0,0.0
5876,25,1.1283791670955126,8822.0,760.0,45.00001609038752,0.0,0.0,0.0
5877,25,1.1283791670955126,11184.0,760.0,45.00001609038752,0.0,0.0,0.0
5878,25,1.1283791670955126,4410.0,761.0,45.00001609038752,0.0,0.0,0.0
5879,25,1.1283791670955126,8821.0,761.0,45.00001609038752,0.0,0.0,0.0
5880,25,1.1283791670955126,11185.0,761.0,45.00001609038752,0.0,0.0,0.0
5881,25,1.1283791670955126,11199.0,761.0,45.00001609038752,0.0,0.0,0.0
5882,900,6.770275002573076,130.86111111111111,768.9722222222222,-10.742512003401314,18.578492165451834,4.145516598759499,26.449747468305834
5883,25,1.1283791670955126,8768.0,762.0,45.00001609038752,0.0,0.0,0.0
5884,100,2.256758334191025,11187.5,762.0,90.00003218077504,4.47213595499958,0.0,2.0
5885,25,1.1283791670955126,11196.0,762.0,45.00001609038752,0.0,0.0,0.0
5886,25,1.1283791670955126,137.0,763.0,45.00001609038752,0.0,0.0,0.0
5887,50,1.5957691216057308,3629.0,763.5,0.0,2.0,0.0,0.0
5888,25,1.1283791670955126,4406.0,763.0,45.00001609038752,0.0,0.0,0.0
5889,75,1.9544100476116797,4409.0,764.0,0.0,3.265986323710904,0.0,1.0
5890,25,1.1283791670955126,4454.0,763.0,45.00001609038752,0.0,0.0,0.0
5891,75,1.9544100476116797,11192.0,763.0,90.00003218077504,3.265986323710904,0.0,1.0
5892,25,1.1283791670955126,136.0,764.0,45.00001609038752,0.0,0.0,0.0
5893,25,1.1283791670955126,138.0,764.0,45.00001609038752,0.0,0.0,0.0
5894,25,1.1283791670955126,143.0,764.0,45.00001609038752,0.0,0.0,0.0
5895,50,1.5957691216057308,145.5,764.0,90.00003218077504,2.0,0.0,0.0
5896,25,1.1283791670955126,9074.0,764.0,45.00001609038752,0.0,0.0,0.0
5897,25,1.1283791670955126,149.0,765.0,45.00001609038752,0.0,0.0,0.0
5898,25,1.1283791670955126,9079.0,765.0,45.00001609038752,0.0,0.0,0.0
5899,25,1.1283791670955126,135.0,766.0,45.00001609038752,0.0,0.0,0.0
5900,125,2.5231325220201604,9075.4,767.2,18.43495541459913,3.098386676965933,1.7888543819998317,5.207106781186548
5901,450,4.787307364817192,11184.333333333334,769.7777777777778,12.546678971158368,9.79155342629289,2.53898979012775,15.828427124746192
5902,25,1.1283791670955126,150.0,767.0,45.00001609038752,0.0,0.0,0.0
5903,25,1.1283791670955126,5584.0,767.0,45.00001609038752,0.0,0.0,0.0
5904,25,1.1283791670955126,8766.0,767.0,45.00001609038752,0.0,0.0,0.0
5905,75,1.9544100476116797,9072.333333333334,767.3333333333334,45.00001609038752,2.3094010767585034,1.3333333333333333,3.414213562373095
5906,75,1.9544100476116797,3078.3333333333335,768.3333333333334,45.00001609038752,2.3094010767585034,1.3333333333333333,3.414213562373095
5907,25,1.1283791670955126,8823.0,768.0,45.00001609038752,0.0,0.0,0.0
5908,25,1.1283791670955126,9078.0,768.0,45.00001609038752,0.0,0.0,0.0
5909,25,1.1283791670955126,8765.0,769.0,45.00001609038752,0.0,0.0,0.0
5910,50,1.5957691216057308,9074.0,769.5,0.0,2.0,0.0,0.0
5911,25,1.1283791670955126,4445.0,770.0,45.00001609038752,0.0,0.0,0.0
5912,200,3.1915382432114616,9076.375,771.375,20.592969946160338,4.050621736620647,3.33053502410894,7.621320343559642
5913,25,1.1283791670955126,3078.0,772.0,45.00001609038752,0.0,0.0,0.0
5914,325,4.068428945128219,3631.6923076923076,773.0,90.00003218077504,6.350697674015476,3.1378581622109447,10.82842712474619
5915,25,1.1283791670955126,4433.0,772.0,45.00001609038752,0.0,0.0,0.0
5916,50,1.5957691216057308,9062.5,772.0,90.00003218077504,2.0,0.0,0.0
5917,25,1.1283791670955126,3079.0,773.0,45.00001609038752,0.0,0.0,0.0
5918,100,2.256758334191025,1831.0,775.5,0.0,4.47213595499958,0.0,2.0
5919,225,3.385137501286538,4446.444444444444,775.5555555555555,58.94865659339357,4.713432721951591,2.6491734327655068,9.242640687119286
5920,50,1.5957691216057308,6893.0,774.5,0.0,2.0,0.0,0.0
5921,25,1.1283791670955126,3012.0,775.0,45.00001609038752,0.0,0.0,0.0
5922,23125,34.318312587888485,3077.7924324324326,809.227027027027,-6.493182509914764,53.785201015237156,23.55761842665909,144.53300858899104
5923,25,1.1283791670955126,3636.0,775.0,45.00001609038752,0.0,0.0,0.0
5924,50,1.5957691216057308,8821.0,775.5,0.0,2.0,0.0,0.0
5925,25,1.1283791670955126,6894.0,776.0,45.00001609038752,0.0,0.0,0.0
5926,25,1.1283791670955126,151.0,777.0,45.00001609038752,0.0,0.0,0.0
5927,25,1.1283791670955126,4435.0,777.0,45.00001609038752,0.0,0.0,0.0
5928,75,1.9544100476116797,8760.666666666666,777.6666666666666,45.00001609038752,2.3094010767585034,1.3333333333333333,3.414213562373095
5929,25,1.1283791670955126,8822.0,777.0,45.00001609038752,0.0,0.0,0.0
5930,25,1.1283791670955126,120.0,778.0,45.00001609038752,0.0,0.0,0.0
5931,25,1.1283791670955126,132.0,779.0,45.00001609038752,0.0,0.0,0.0
5932,50,1.5957691216057308,150.0,779.5,0.0,2.0,0.0,0.0
5933,25,1.1283791670955126,3013.0,779.0,45.00001609038752,0.0,0.0,0.0
5934,50,1.5957691216057308,4443.0,779.5,0.0,2.0,0.0,0.0
5935,75,1.9544100476116797,9047.0,780.0,0.0,3.265986323710904,0.0,1.0
5936,25,1.1283791670955126,9066.0,779.0,45.00001609038752,0.0,0.0,0.0
5937,25,1.1283791670955126,135.0,780.0,45.00001609038752,0.0,0.0,0.0
5938,425,4.652426491681278,1831.5294117647059,784.8235294117648,4.836679445624387,11.03434353741207,1.7728273118415285,15.0
5939,50,1.5957691216057308,3625.0,780.5,0.0,2.0,0.0,0.0
5940,25,1.1283791670955126,9049.0,780.0,45.00001609038752,0.0,0.0,0.0
5941,25,1.1283791670955126,9064.0,780.0,45.00001609038752,0.0,0.0,0.0
5942,25,1.1283791670955126,136.0,781.0,45.00001609038752,0.0,0.0,0.0
5943,25,1.1283791670955126,149.0,781.0,45.00001609038752,0.0,0.0,0.0
5944,25,1.1283791670955126,137.0,782.0,45.00001609038752,0.0,0.0,0.0
5945,25,1.1283791670955126,148.0,782.0,45.00001609038752,0.0,0.0,0.0
5946,25,1.1283791670955126,3014.0,782.0,45.00001609038752,0.0,0.0,0.0
5947,25,1.1283791670955126,3052.0,782.0,45.00001609038752,0.0,0.0,0.0
5948,25,1.1283791670955126,134.0,783.0,45.00001609038752,0.0,0.0,0.0
5949,25,1.1283791670955126,138.0,783.0,45.00001609038752,0.0,0.0,0.0
5950,25,1.1283791670955126,147.0,783.0,45.00001609038752,0.0,0.0,0.0
5951,325,4.068428945128219,3048.769230769231,785.6923076923077,-4.858344646061888,5.967366459522714,2.749933666636243,10.621320343559642
5952,25,1.1283791670955126,4434.0,783.0,45.00001609038752,0.0,0.0,0.0
5953,25,1.1283791670955126,135.0,784.0,45.00001609038752,0.0,0.0,0.0
5954,150,2.763953195770684,140.5,785.0,50.30984562706919,4.8496611975202075,1.3468925727763872,6.414213562373095
5955,25,1.1283791670955126,145.0,784.0,45.00001609038752,0.0,0.0,0.0
5956,1079275,234.45047320438854,356.58381784068007,910.7599777628501,-29.81074324554172,262.09157426341716,216.36062940400092,865.1330803764909
5957,25,1.1283791670955126,4433.0,784.0,45.00001609038752,0.0,0.0,0.0
5958,25,1.1283791670955126,143.0,785.0,45.00001609038752,0.0,0.0,0.0
5959,25,1.1283791670955126,3015.0,785.0,45.00001609038752,0.0,0.0,0.0
5960,25,1.1283791670955126,138.0,786.0,45.00001609038752,0.0,0.0,0.0
5961,50,1.5957691216057308,1291.0,787.5,0.0,2.0,0.0,0.0
5962,25,1.1283791670955126,3016.0,787.0,45.00001609038752,0.0,0.0,0.0
5963,50,1.5957691216057308,9061.0,787.5,0.0,2.0,0.0,0.0
5964,500,5.046265044040321,11848.4,787.9,86.70119845166322,8.721314952664947,3.036225534512019,15.242640687119286
5965,25,1.1283791670955126,141.0,788.0,45.00001609038752,0.0,0.0,0.0
5966,100,2.256758334191025,4439.0,788.5,58.28254642828171,3.23606797749979,1.2360679774997898,4.414213562373095
5967,1000,7.136496464611085,4444.775,792.4,24.151489501847955,12.265233458488709,5.45839245646272,30.79898987322333
5968,150,2.763953195770684,3017.3333333333335,790.5,0.0,3.8297084310253524,1.8856180831641272,6.414213562373095
5969,25,1.1283791670955126,9063.0,789.0,45.00001609038752,0.0,0.0,0.0
5970,25,1.1283791670955126,9046.0,790.0,45.00001609038752,0.0,0.0,0.0
5971,25,1.1283791670955126,9058.0,790.0,45.00001609038752,0.0,0.0,0.0
5972,1883325,309.7046248016552,8836.311457130341,969.4567321094341,17.902177321832173,355.2384863323478,280.73058152548253,1555.396103067893
5973,25,1.1283791670955126,121.0,792.0,45.00001609038752,0.0,0.0,0.0
5974,250,3.5682482323055424,123.1,793.7,-3.562509448276167,5.082295611049634,2.787520640624142,9.035533905932738
5975,25,1.1283791670955126,3020.0,792.0,45.00001609038752,0.0,0.0,0.0
5976,25,1.1283791670955126,3016.0,793.0,45.00001609038752,0.0,0.0,0.0
5977,25,1.1283791670955126,3015.0,794.0,45.00001609038752,0.0,0.0,0.0
5978,400,4.51351666838205,3020.9375,797.3125,49.49464196780488,10.779045129055243,2.046261494968433,15.242640687119286
5979,25,1.1283791670955126,9061.0,794.0,45.00001609038752,0.0,0.0,0.0
5980,275,3.742410318509555,8804.90909090909,796.0,79.0391389645742,5.590915607152918,2.8075182174765145,10.035533905932738
5981,125,2.5231325220201604,8810.4,796.2,18.43495541459913,3.098386676965933,1.7888543819998317,5.207106781186548
5982,25,1.1283791670955126,1833.0,796.0,45.00001609038752,0.0,0.0,0.0
5983,25,1.1283791670955126,4450.0,796.0,45.00001609038752,0.0,0.0,0.0
5984,50,1.5957691216057308,9069.5,796.0,90.00003218077504,2.0,0.0,0.0
5985,50,1.5957691216057308,9079.5,796.0,90.00003218077504,2.0,0.0,0.0
5986,50,1.5957691216057308,124.0,797.5,0.0,2.0,0.0,0.0
5987,25,1.1283791670955126,3069.0,797.0,45.00001609038752,0.0,0.0,0.0
5988,25,1.1283791670955126,3601.0,797.0,45.00001609038752,0.0,0.0,0.0
5989,125,2.5231325220201604,11222.2,798.8,10.900708640877319,4.743365517193277,1.349252967497849,4.207106781186548
5990,25,1.1283791670955126,294.0,798.0,45.00001609038752,0.0,0.0,0.0
5991,50,1.5957691216057308,1833.0,798.5,0.0,2.0,0.0,0.0
5992,285650,120.61523551419187,2999.2821634867846,866.8216348678453,-56.20433348732805,154.46686390276713,131.13820858521305,1884.9129137347072
5993,25,1.1283791670955126,3632.0,798.0,45.00001609038752,0.0,0.0,0.0
5994,25,1.1283791670955126,11810.0,798.0,45.00001609038752,0.0,0.0,0.0
5995,150,2.763953195770684,1292.1666666666667,800.0,0.0,3.265986323710904,2.7487370837451075,6.621320343559642
5996,25,1.1283791670955126,3028.0,799.0,45.00001609038752,0.0,0.0,0.0
5997,25,1.1283791670955126,3589.0,799.0,45.00001609038752,0.0,0.0,0.0
5998,125,2.5231325220201604,3594.8,799.8,-79.09932353989771,4.743365517193277,1.3492529674978493,4.207106781186548
5999,250,3.5682482323055424,4463.2,800.3,-50.88416266035706,4.477016006518517,2.876860733052088,9.449747468305834
6000,50,1.5957691216057308,1286.5,800.0,90.00003218077504,2.0,0.0,0.0
6001,25,1.1283791670955126,3067.0,800.0,45.00001609038752,0.0,0.0,0.0
6002,50,1.5957691216057308,3587.5,800.0,90.00003218077504,2.0,0.0,0.0
6003,125,2.5231325220201604,3590.4,800.8,-18.43495541459913,3.098386676965933,1.7888543819998317,5.207106781186548
6004,150,2.763953195770684,3598.1666666666665,800.6666666666666,-57.75695586557756,4.93861174764721,1.6496136266144523,5.207106781186548
6005,75,1.9544100476116797,4419.333333333333,800.3333333333334,45.00001609038752,2.3094010767585034,1.3333333333333333,3.414213562373095
6006,25,1.1283791670955126,4444.0,800.0,45.00001609038752,0.0,0.0,0.0
6007,25,1.1283791670955126,4474.0,800.0,45.00001609038752,0.0,0.0,0.0
6008,25,1.1283791670955126,11812.0,800.0,45.00001609038752,0.0,0.0,0.0
6009,25,1.1283791670955126,1288.0,801.0,45.00001609038752,0.0,0.0,0.0
6010,25,1.1283791670955126,3031.0,801.0,45.00001609038752,0.0,0.0,0.0
6011,25,1.1283791670955126,3066.0,801.0,45.00001609038752,0.0,0.0,0.0
6012,25,1.1283791670955126,3603.0,801.0,45.00001609038752,0.0,0.0,0.0
6013,25,1.1283791670955126,4445.0,801.0,45.00001609038752,0.0,0.0,0.0
6014,50,1.5957691216057308,4471.5,801.0,90.00003218077504,2.0,0.0,0.0
6015,25,1.1283791670955126,5587.0,801.0,45.00001609038752,0.0,0.0,0.0
6016,50,1.5957691216057308,7948.5,801.0,90.00003218077504,2.0,0.0,0.0
6017,25,1.1283791670955126,9074.0,801.0,45.00001609038752,0.0,0.0,0.0
6018,50,1.5957691216057308,9078.5,801.0,90.00003218077504,2.0,0.0,0.0
6019,25,1.1283791670955126,11221.0,801.0,45.00001609038752,0.0,0.0,0.0
6020,25,1.1283791670955126,3033.0,802.0,45.00001609038752,0.0,0.0,0.0
6021,25,1.1283791670955126,7945.0,802.0,45.00001609038752,0.0,0.0,0.0
6022,25,1.1283791670955126,7950.0,802.0,45.00001609038752,0.0,0.0,0.0
6023,775,6.282549314314218,9076.354838709678,806.2258064516129,-14.964676411397486,9.648511995401934,4.880344940969564,25.14213562373095
6024,25,1.1283791670955126,3035.0,803.0,45.00001609038752,0.0,0.0,0.0
6025,50,1.5957691216057308,3591.5,803.0,90.00003218077504,2.0,0.0,0.0
6026,300,3.9088200952233594,3633.5,805.0,36.65039098786502,4.8607479883182965,3.1155195918807777,10.485281374238571
6027,25,1.1283791670955126,4440.0,803.0,45.00001609038752,0.0,0.0,0.0
6028,25,1.1283791670955126,4443.0,803.0,45.00001609038752,0.0,0.0,0.0
6029,25,1.1283791670955126,4473.0,803.0,45.00001609038752,0.0,0.0,0.0
6030,325,4.068428945128219,5587.692307692308,807.3846153846154,3.2143750237598447,11.170729055702083,1.7393858834850935,12.621320343559642
6031,7917575,635.0108530854101,7073.6237579056715,1257.931162635024,32.702686620280346,734.845548916272,592.9214011408894,2780.094767346477
6032,25,1.1283791670955126,7943.0,803.0,45.00001609038752,0.0,0.0,0.0
6033,25,1.1283791670955126,3064.0,804.0,45.00001609038752,0.0,0.0,0.0
6034,50,1.5957691216057308,4441.0,804.5,0.0,2.0,0.0,0.0
6035,100,2.256758334191025,4444.5,805.0,-31.71748575249332,3.23606797749979,1.2360679774997898,4.414213562373095
6036,25,1.1283791670955126,7942.0,804.0,45.00001609038752,0.0,0.0,0.0
6037,25,1.1283791670955126,3063.0,805.0,45.00001609038752,0.0,0.0,0.0
6038,125,2.5231325220201604,4473.6,805.8,18.43495541459913,3.098386676965933,1.7888543819998317,5.207106781186548
6039,25,1.1283791670955126,9072.0,805.0,45.00001609038752,0.0,0.0,0.0
6040,125,2.5231325220201604,9088.8,806.4,5.1524250767049375,4.093338188813542,1.563516060678838,4.414213562373095
6041,25,1.1283791670955126,3062.0,806.0,45.00001609038752,0.0,0.0,0.0
6042,25,1.1283791670955126,9080.0,806.0,45.00001609038752,0.0,0.0,0.0
6043,200,3.1915382432114616,143.0,808.0,-67.50002413558127,5.226251859505506,2.164784400584788,8.414213562373096
6044,25,1.1283791670955126,3049.0,807.0,45.00001609038752,0.0,0.0,0.0
6045,25,1.1283791670955126,3057.0,807.0,45.00001609038752,0.0,0.0,0.0
6046,100,2.256758334191025,3060.0,807.25,90.00003218077504,2.8284271247461903,1.7320508075688772,4.621320343559642
6047,25,1.1283791670955126,3588.0,807.0,45.00001609038752,0.0,0.0,0.0
6048,25,1.1283791670955126,4446.0,807.0,45.00001609038752,0.0,0.0,0.0
6049,25,1.1283791670955126,4460.0,807.0,45.00001609038752,0.0,0.0,0.0
6050,25,1.1283791670955126,7940.0,807.0,45.00001609038752,0.0,0.0,0.0
6051,25,1.1283791670955126,9081.0,807.0,45.00001609038752,0.0,0.0,0.0
6052,25,1.1283791670955126,9084.0,807.0,45.00001609038752,0.0,0.0,0.0
6053,150,2.763953195770684,4433.166666666667,808.8333333333334,-45.000016090387525,3.1269438398822857,2.309401076758503,6.242640687119286
6054,550,5.292567428401227,4443.181818181818,812.1818181818181,-24.662539035806304,9.418470071384272,3.2554886942524752,15.48528137423857
6055,25,1.1283791670955126,4459.0,808.0,45.00001609038752,0.0,0.0,0.0
6056,50,1.5957691216057308,7939.0,808.5,0.0,2.0,0.0,0.0
6057,150,2.763953195770684,7947.5,809.0,0.0,3.265986323710904,2.0,6.0
6058,25,1.1283791670955126,570.0,809.0,45.00001609038752,0.0,0.0,0.0
6059,25,1.1283791670955126,1283.0,809.0,45.00001609038752,0.0,0.0,0.0
6060,786175,200.09888546238,9039.105415460934,933.9738925811683,1.1732264242719606,260.38220182351216,163.8513578112898,776.2569260369921
6061,125,2.5231325220201604,121.6,810.8,18.43495541459913,3.098386676965933,1.7888543819998317,5.207106781186548
6062,25,1.1283791670955126,140.0,810.0,45.00001609038752,0.0,0.0,0.0
6063,25,1.1283791670955126,156.0,810.0,45.00001609038752,0.0,0.0,0.0
6064,25,1.1283791670955126,568.0,810.0,45.00001609038752,0.0,0.0,0.0
6065,25,1.1283791670955126,587.0,810.0,45.00001609038752,0.0,0.0,0.0
6066,25,1.1283791670955126,3008.0,810.0,45.00001609038752,0.0,0.0,0.0
6067,25,1.1283791670955126,3034.0,810.0,45.00001609038752,0.0,0.0,0.0
6068,25,1.1283791670955126,4420.0,810.0,45.00001609038752,0.0,0.0,0.0
6069,50,1.5957691216057308,7938.0,810.5,0.0,2.0,0.0,0.0
6070,175,2.985410660720923,9088.714285714286,811.8571428571429,3.0362292892502594,5.8348763991563795,1.7828929307410009,7.621320343559642
6071,25,1.1283791670955126,139.0,811.0,45.00001609038752,0.0,0.0,0.0
6072,25,1.1283791670955126,158.0,811.0,45.00001609038752,0.0,0.0,0.0
6073,25,1.1283791670955126,566.0,811.0,45.00001609038752,0.0,0.0,0.0
6074,25,1.1283791670955126,589.0,811.0,45.00001609038752,0.0,0.0,0.0
6075,125,2.5231325220201604,3036.0,812.2,34.0993074495102,3.335641688875783,2.0575457524521585,5.621320343559642
6076,25,1.1283791670955126,3654.0,811.0,45.00001609038752,0.0,0.0,0.0
6077,50,1.5957691216057308,4419.0,811.5,0.0,2.0,0.0,0.0
6078,25,1.1283791670955126,7953.0,811.0,45.00001609038752,0.0,0.0,0.0
6079,1124100,239.26960293667028,8085.623098478783,912.4941063962281,79.14627314244672,290.0437296018546,201.69006396726428,871.7960312803931
6080,25,1.1283791670955126,9078.0,811.0,45.00001609038752,0.0,0.0,0.0
6081,25,1.1283791670955126,565.0,812.0,45.00001609038752,0.0,0.0,0.0
6082,25,1.1283791670955126,590.0,812.0,45.00001609038752,0.0,0.0,0.0
6083,25,1.1283791670955126,6908.0,812.0,45.00001609038752,0.0,0.0,0.0
6084,25,1.1283791670955126,7937.0,812.0,45.00001609038752,0.0,0.0,0.0
6085,25,1.1283791670955126,9367.0,812.0,45.00001609038752,0.0,0.0,0.0
6086,25,1.1283791670955126,564.0,813.0,45.00001609038752,0.0,0.0,0.0
6087,25,1.1283791670955126,591.0,813.0,45.00001609038752,0.0,0.0,0.0
6088,13620550,832.8798924465044,3585.4486970056273,1511.9673709945635,-30.160535388656275,1414.3080150104224,757.498779943992,8723.610203847236
6089,25,1.1283791670955126,6909.0,813.0,45.00001609038752,0.0,0.0,0.0
6090,25,1.1283791670955126,9074.0,813.0,45.00001609038752,0.0,0.0,0.0
6091,25,1.1283791670955126,9077.0,813.0,45.00001609038752,0.0,0.0,0.0
6092,25,1.1283791670955126,160.0,814.0,45.00001609038752,0.0,0.0,0.0
6093,25,1.1283791670955126,563.0,814.0,45.00001609038752,0.0,0.0,0.0
6094,225,3.385137501286538,3042.0,815.7777777777778,-59.527323334368745,5.05148838721935,3.041035542796809,8.621320343559642
6095,25,1.1283791670955126,6910.0,814.0,45.00001609038752,0.0,0.0,0.0
6096,25,1.1283791670955126,7936.0,814.0,45.00001609038752,0.0,0.0,0.0
6097,4819625,495.44069840069494,607.8968540083513,1190.3291801748062,5.609224063640083,740.7779671501293,346.34367498001654,2469.8256480006653
6098,25,1.1283791670955126,562.0,815.0,45.00001609038752,0.0,0.0,0.0
6099,25,1.1283791670955126,161.0,816.0,45.00001609038752,0.0,0.0,0.0
6100,25,1.1283791670955126,561.0,816.0,45.00001609038752,0.0,0.0,0.0
6101,25,1.1283791670955126,593.0,816.0,45.00001609038752,0.0,0.0,0.0
6102,25,1.1283791670955126,3047.0,816.0,45.00001609038752,0.0,0.0,0.0
6103,25,1.1283791670955126,7935.0,816.0,45.00001609038752,0.0,0.0,0.0
6104,25,1.1283791670955126,9072.0,816.0,45.00001609038752,0.0,0.0,0.0
6105,125,2.5231325220201604,9074.2,816.6,-71.5650767661759,3.098386676965933,1.7888543819998317,5.207106781186548
6106,25,1.1283791670955126,11857.0,816.0,45.00001609038752,0.0,0.0,0.0
6107,25,1.1283791670955126,136.0,817.0,45.00001609038752,0.0,0.0,0.0
6108,25,1.1283791670955126,3045.0,817.0,45.00001609038752,0.0,0.0,0.0
6109,25,1.1283791670955126,283.0,818.0,45.00001609038752,0.0,0.0,0.0
6110,50,1.5957691216057308,560.0,818.5,0.0,2.0,0.0,0.0
6111,50,1.5957691216057308,1833.5,818.0,90.00003218077504,2.0,0.0,0.0
6112,50,1.5957691216057308,135.0,819.5,0.0,2.0,0.0,0.0
6113,25,1.1283791670955126,594.0,819.0,45.00001609038752,0.0,0.0,0.0
6114,25,1.1283791670955126,1832.0,819.0,45.00001609038752,0.0,0.0,0.0
6115,25,1.1283791670955126,1835.0,819.0,45.00001609038752,0.0,0.0,0.0
6116,25,1.1283791670955126,3632.0,819.0,45.00001609038752,0.0,0.0,0.0
6117,25,1.1283791670955126,7934.0,819.0,45.00001609038752,0.0,0.0,0.0
6118,25,1.1283791670955126,149.0,820.0,45.00001609038752,0.0,0.0,0.0
6119,100,2.256758334191025,558.75,821.0,0.0,2.8284271247461903,1.7320508075688772,4.621320343559642
6120,25,1.1283791670955126,1836.0,820.0,45.00001609038752,0.0,0.0,0.0
6121,25,1.1283791670955126,3519.0,820.0,45.00001609038752,0.0,0.0,0.0
6122,325,4.068428945128219,4438.153846153846,822.1538461538462,17.482566637903926,6.2869935679309235,2.54667355511495,10.82842712474619
6123,25,1.1283791670955126,1824.0,821.0,45.00001609038752,0.0,0.0,0.0
6124,25,1.1283791670955126,1838.0,821.0,45.00001609038752,0.0,0.0,0.0
6125,100,2.256758334191025,573.5,822.5,45.00001609038752,2.0,2.0,4.0
6126,25,1.1283791670955126,1823.0,822.0,45.00001609038752,0.0,0.0,0.0
6127,25,1.1283791670955126,1839.0,822.0,45.00001609038752,0.0,0.0,0.0
6128,175,2.985410660720923,131.57142857142858,824.2857142857143,8.34962510252249,4.155374705678736,1.9054711331003737,7.207106781186548
6129,325,4.068428945128219,147.23076923076923,824.8461538461538,-11.309936518046795,4.706787243316417,3.508232077228117,11.071067811865476
6130,850,6.579524642479541,555.3823529411765,826.1176470588235,-19.214840594817368,7.276138065995793,6.326663652831157,20.485281374238568
6131,25,1.1283791670955126,560.0,823.0,45.00001609038752,0.0,0.0,0.0
6132,425,4.652426491681278,577.9411764705883,826.0,-18.847126972399433,7.002261742713313,3.4769868784580575,13.621320343559642
6133,25,1.1283791670955126,7935.0,823.0,45.00001609038752,0.0,0.0,0.0
6134,25,1.1283791670955126,3580.0,824.0,45.00001609038752,0.0,0.0,0.0
6135,100,2.256758334191025,4444.0,824.75,90.00003218077504,2.8284271247461903,1.7320508075688772,4.621320343559642
6136,25,1.1283791670955126,7936.0,824.0,45.00001609038752,0.0,0.0,0.0
6137,25,1.1283791670955126,561.0,825.0,45.00001609038752,0.0,0.0,0.0
6138,25,1.1283791670955126,1820.0,825.0,45.00001609038752,0.0,0.0,0.0
6139,25,1.1283791670955126,3539.0,825.0,45.00001609038752,0.0,0.0,0.0
6140,25,1.1283791670955126,3581.0,825.0,45.00001609038752,0.0,0.0,0.0
6141,25,1.1283791670955126,9287.0,825.0,45.00001609038752,0.0,0.0,0.0
6142,25,1.1283791670955126,9295.0,825.0,45.00001609038752,0.0,0.0,0.0
6143,25,1.1283791670955126,1841.0,826.0,45.00001609038752,0.0,0.0,0.0
6144,25,1.1283791670955126,3046.0,826.0,45.00001609038752,0.0,0.0,0.0
6145,100,2.256758334191025,3540.5,827.0,-31.71748575249332,3.23606797749979,1.2360679774997898,4.414213562373095
6146,25,1.1283791670955126,5590.0,826.0,45.00001609038752,0.0,0.0,0.0
6147,25,1.1283791670955126,7937.0,826.0,45.00001609038752,0.0,0.0,0.0
6148,25,1.1283791670955126,9286.0,826.0,45.00001609038752,0.0,0.0,0.0
6149,50,1.5957691216057308,133.0,827.5,0.0,2.0,0.0,0.0
6150,25,1.1283791670955126,562.0,827.0,45.00001609038752,0.0,0.0,0.0
6151,25,1.1283791670955126,1819.0,827.0,45.00001609038752,0.0,0.0,0.0
6152,100,2.256758334191025,3556.5,827.5,45.00001609038752,2.0,2.0,4.0
6153,150,2.763953195770684,3574.8333333333335,827.3333333333334,77.06684915928662,4.363338213437162,1.65500979239906,5.0
6154,25,1.1283791670955126,3583.0,827.0,45.00001609038752,0.0,0.0,0.0
6155,75,1.9544100476116797,3614.3333333333335,827.3333333333334,45.00001609038752,2.3094010767585034,1.3333333333333333,3.414213562373095
6156,75,1.9544100476116797,3631.3333333333335,827.6666666666666,-45.00001609038752,2.3094010767585034,1.3333333333333333,3.414213562373095
6157,25,1.1283791670955126,7938.0,827.0,45.00001609038752,0.0,0.0,0.0
6158,25,1.1283791670955126,7952.0,827.0,45.00001609038752,0.0,0.0,0.0
6159,25,1.1283791670955126,9296.0,827.0,45.00001609038752,0.0,0.0,0.0
6160,200,3.1915382432114616,1296.0,829.75,90.00003218077504,4.47213595499958,3.3166247903554,5.035533905932738
6161,25,1.1283791670955126,2994.0,828.0,45.00001609038752,0.0,0.0,0.0
6162,25,1.1283791670955126,3542.0,828.0,45.00001609038752,0.0,0.0,0.0
6163,50,1.5957691216057308,3581.5,828.0,90.00003218077504,2.0,0.0,0.0
6164,25,1.1283791670955126,3616.0,828.0,45.00001609038752,0.0,0.0,0.0
6165,25,1.1283791670955126,5590.0,828.0,45.00001609038752,0.0,0.0,0.0
6166,50,1.5957691216057308,7939.0,828.5,0.0,2.0,0.0,0.0
6167,25,1.1283791670955126,9278.0,828.0,45.00001609038752,0.0,0.0,0.0
6168,25,1.1283791670955126,563.0,829.0,45.00001609038752,0.0,0.0,0.0
6169,25,1.1283791670955126,136.0,830.0,45.00001609038752,0.0,0.0,0.0
6170,75,1.9544100476116797,560.6666666666666,830.3333333333334,-45.00001609038752,2.3094010767585034,1.3333333333333333,3.414213562373095
6171,75,1.9544100476116797,564.3333333333334,830.6666666666666,-45.00001609038752,2.3094010767585034,1.3333333333333333,3.414213562373095
6172,75,1.9544100476116797,593.0,831.0,0.0,3.265986323710904,0.0,1.0
6173,200,3.1915382432114616,3047.75,831.5,39.937678452578716,5.632180985491135,1.8106731750020786,8.207106781186548
6174,100,2.256758334191025,3557.0,830.5,-58.28254642828171,3.23606797749979,1.2360679774997898,4.414213562373095
6175,25,1.1283791670955126,3573.0,830.0,45.00001609038752,0.0,0.0,0.0
6176,25,1.1283791670955126,3587.0,830.0,45.00001609038752,0.0,0.0,0.0
6177,100,2.256758334191025,3592.0,830.75,90.00003218077504,2.8284271247461903,1.7320508075688772,4.621320343559642
6178,25,1.1283791670955126,3613.0,830.0,45.00001609038752,0.0,0.0,0.0
6179,25,1.1283791670955126,3617.0,830.0,45.00001609038752,0.0,0.0,0.0
6180,25,1.1283791670955126,3628.0,830.0,45.00001609038752,0.0,0.0,0.0
6181,75,1.9544100476116797,5589.666666666667,830.3333333333334,-45.00001609038752,2.3094010767585034,1.3333333333333333,3.414213562373095
6182,25,1.1283791670955126,7940.0,830.0,45.00001609038752,0.0,0.0,0.0
6183,50,1.5957691216057308,3044.5,831.0,90.00003218077504,2.0,0.0,0.0
6184,25,1.1283791670955126,3574.0,831.0,45.00001609038752,0.0,0.0,0.0
6185,25,1.1283791670955126,3627.0,831.0,45.00001609038752,0.0,0.0,0.0
6186,425,4.652426491681278,7945.529411764706,832.1176470588235,76.80510982665898,10.157070054707741,2.4516114072166046,15.82842712474619
6187,25,1.1283791670955126,7950.0,831.0,45.00001609038752,0.0,0.0,0.0
6188,100,2.256758334191025,9174.0,832.5,0.0,4.47213595499958,0.0,2.0
6189,25,1.1283791670955126,566.0,832.0,45.00001609038752,0.0,0.0,0.0
6190,1675,9.23618154310838,3592.776119402985,837.1641791044776,-25.043166986991814,12.902407763961689,10.130300849448995,50.55634918610404
6191,25,1.1283791670955126,137.0,833.0,45.00001609038752,0.0,0.0,0.0
6192,25,1.1283791670955126,567.0,833.0,45.00001609038752,0.0,0.0,0.0
6193,25,1.1283791670955126,591.0,833.0,45.00001609038752,0.0,0.0,0.0
6194,25,1.1283791670955126,2995.0,833.0,45.00001609038752,0.0,0.0,0.0
6195,50,1.5957691216057308,3045.5,833.0,90.00003218077504,2.0,0.0,0.0
6196,50,1.5957691216057308,3572.5,833.0,90.00003218077504,2.0,0.0,0.0
6197,25,1.1283791670955126,3625.0,833.0,45.00001609038752,0.0,0.0,0.0
6198,25,1.1283791670955126,4418.0,833.0,45.00001609038752,0.0,0.0,0.0
6199,100,2.256758334191025,4431.0,833.75,90.00003218077504,2.8284271247461903,1.7320508075688772,4.621320343559642
6200,25,1.1283791670955126,6930.0,833.0,45.00001609038752,0.0,0.0,0.0
6201,100,2.256758334191025,9277.75,833.75,18.43495541459913,3.4641016151377544,1.4142135623730951,3.2071067811865475
6202,25,1.1283791670955126,568.0,834.0,45.00001609038752,0.0,0.0,0.0
6203,25,1.1283791670955126,590.0,834.0,45.00001609038752,0.0,0.0,0.0
6204,150,2.763953195770684,1828.5,835.0,0.0,3.265986323710904,2.0,6.0
6205,25,1.1283791670955126,3043.0,834.0,45.00001609038752,0.0,0.0,0.0
6206,221800,106.28349467763263,3097.107980162308,917.3678990081154,43.05544554235978,154.24478953169466,109.92268683132177,590.5767311903867
6207,25,1.1283791670955126,3543.0,834.0,45.00001609038752,0.0,0.0,0.0
6208,25,1.1283791670955126,4417.0,834.0,45.00001609038752,0.0,0.0,0.0
6209,25,1.1283791670955126,6931.0,834.0,45.00001609038752,0.0,0.0,0.0
6210,25,1.1283791670955126,138.0,835.0,45.00001609038752,0.0,0.0,0.0
6211,25,1.1283791670955126,159.0,835.0,45.00001609038752,0.0,0.0,0.0
6212,50,1.5957691216057308,570.5,835.0,90.00003218077504,2.0,0.0,0.0
6213,25,1.1283791670955126,588.0,835.0,45.00001609038752,0.0,0.0,0.0
6214,50,1.5957691216057308,3040.5,835.0,90.00003218077504,2.0,0.0,0.0
6215,25,1.1283791670955126,6932.0,835.0,45.00001609038752,0.0,0.0,0.0
6216,25,1.1283791670955126,139.0,836.0,45.00001609038752,0.0,0.0,0.0
6217,25,1.1283791670955126,158.0,836.0,45.00001609038752,0.0,0.0,0.0
6218,25,1.1283791670955126,575.0,836.0,45.00001609038752,0.0,0.0,0.0
6219,25,1.1283791670955126,586.0,836.0,45.00001609038752,0.0,0.0,0.0
6220,25,1.1283791670955126,1292.0,836.0,45.00001609038752,0.0,0.0,0.0
6221,50,1.5957691216057308,3007.5,836.0,90.00003218077504,2.0,0.0,0.0
6222,275,3.742410318509555,3545.3636363636365,837.1818181818181,-76.71750184288084,5.582484853021434,2.6303055894487697,9.449747468305834
6223,25,1.1283791670955126,3598.0,836.0,45.00001609038752,0.0,0.0,0.0
6224,25,1.1283791670955126,141.0,837.0,45.00001609038752,0.0,0.0,0.0
6225,25,1.1283791670955126,156.0,837.0,45.00001609038752,0.0,0.0,0.0
6226,75,1.9544100476116797,3010.6666666666665,837.6666666666666,45.00001609038752,2.3094010767585034,1.3333333333333333,3.414213562373095
6227,50,1.5957691216057308,3626.5,837.0,90.00003218077504,2.0,0.0,0.0
6228,25,1.1283791670955126,9160.0,837.0,45.00001609038752,0.0,0.0,0.0
6229,25,1.1283791670955126,155.0,838.0,45.00001609038752,0.0,0.0,0.0
6230,25,1.1283791670955126,4433.0,838.0,45.00001609038752,0.0,0.0,0.0
6231,25,1.1283791670955126,144.0,839.0,45.00001609038752,0.0,0.0,0.0
6232,25,1.1283791670955126,153.0,839.0,45.00001609038752,0.0,0.0,0.0
6233,25,1.1283791670955126,527.0,839.0,45.00001609038752,0.0,0.0,0.0
6234,25,1.1283791670955126,3588.0,839.0,45.00001609038752,0.0,0.0,0.0
6235,25,1.1283791670955126,3625.0,839.0,45.00001609038752,0.0,0.0,0.0
6236,25,1.1283791670955126,145.0,840.0,45.00001609038752,0.0,0.0,0.0
6237,25,1.1283791670955126,148.0,840.0,45.00001609038752,0.0,0.0,0.0
6238,1075,7.399277020331919,1291.2325581395348,844.4418604651163,-0.7599443146750788,9.733633236728398,7.4122614143836145,30.763455967290593
6239,25,1.1283791670955126,1819.0,840.0,45.00001609038752,0.0,0.0,0.0
6240,2300,10.823032759612019,3544.3695652173915,847.3586956521739,-14.39907614302754,14.543712909057383,10.081064568488808,51.798989873223334
6241,75,1.9544100476116797,146.33333333333334,841.3333333333334,45.00001609038752,2.3094010767585034,1.3333333333333333,3.414213562373095
6242,75,1.9544100476116797,525.6666666666666,841.3333333333334,-45.00001609038752,2.3094010767585034,1.3333333333333333,3.414213562373095
6243,25,1.1283791670955126,528.0,841.0,45.00001609038752,0.0,0.0,0.0
6244,50,1.5957691216057308,1820.0,841.5,0.0,2.0,0.0,0.0
6245,50,1.5957691216057308,2990.5,841.0,90.00003218077504,2.0,0.0,0.0
6246,1350,8.291859587312052,3011.425925925926,845.1666666666666,-35.50281688382536,12.38972351622192,6.768631110038872,34.520815280171306
6247,100,2.256758334191025,3561.75,841.25,-71.5650767661759,3.4641016151377544,1.4142135623730951,3.2071067811865475
6248,50,1.5957691216057308,3624.5,841.0,90.00003218077504,2.0,0.0,0.0
6249,25,1.1283791670955126,5805.0,841.0,45.00001609038752,0.0,0.0,0.0
6250,125,2.5231325220201604,8955.6,842.4,20.99361375446966,4.34169545110285,1.2765894445250698,4.207106781186548
6251,50,1.5957691216057308,9160.5,841.0,90.00003218077504,2.0,0.0,0.0
6252,25,1.1283791670955126,5591.0,842.0,45.00001609038752,0.0,0.0,0.0
6253,10839150,742.98948609832,1105.947687318655,1215.6676953451147,-45.41711252954521,847.7853565523643,668.371750009794,3982.1912677965083
6254,25,1.1283791670955126,1821.0,843.0,45.00001609038752,0.0,0.0,0.0
6255,175,2.985410660720923,3537.0,844.0,-61.84505587655787,5.896459480240757,1.3428306554839582,7.414213562373095
6256,125,2.5231325220201604,9162.4,844.4,-20.99361375446966,4.34169545110285,1.2765894445250698,4.207106781186548
6257,25,1.1283791670955126,1818.0,844.0,45.00001609038752,0.0,0.0,0.0
6258,25,1.1283791670955126,1822.0,844.0,45.00001609038752,0.0,0.0,0.0
6259,25,1.1283791670955126,3586.0,844.0,45.00001609038752,0.0,0.0,0.0
6260,1050,7.312732791431452,3595.4523809523807,848.0238095238095,-17.851037055436723,9.041632558908214,7.678895360510703,29.106601717798213
6261,25,1.1283791670955126,3599.0,844.0,45.00001609038752,0.0,0.0,0.0
6262,850,6.579524642479541,4420.911764705882,848.0588235294117,-37.79174123210381,12.331225761539672,5.718576474323031,30.485281374238568
6263,75,1.9544100476116797,5591.0,845.0,0.0,3.265986323710904,0.0,1.0
6264,25,1.1283791670955126,9160.0,844.0,45.00001609038752,0.0,0.0,0.0
6265,25,1.1283791670955126,525.0,845.0,45.00001609038752,0.0,0.0,0.0
6266,25,1.1283791670955126,1823.0,845.0,45.00001609038752,0.0,0.0,0.0
6267,25,1.1283791670955126,1839.0,845.0,45.00001609038752,0.0,0.0,0.0
6268,25,1.1283791670955126,2988.0,845.0,45.00001609038752,0.0,0.0,0.0
6269,125,2.5231325220201604,3561.2,846.2,45.00001609038752,4.0,1.3856406460551023,5.414213562373095
6270,25,1.1283791670955126,3590.0,845.0,45.00001609038752,0.0,0.0,0.0
6271,25,1.1283791670955126,3624.0,845.0,45.00001609038752,0.0,0.0,0.0
6272,25,1.1283791670955126,9159.0,845.0,45.00001609038752,0.0,0.0,0.0
6273,25,1.1283791670955126,1285.0,846.0,45.00001609038752,0.0,0.0,0.0
6274,50,1.5957691216057308,1296.5,846.0,90.00003218077504,2.0,0.0,0.0
6275,25,1.1283791670955126,1821.0,846.0,45.00001609038752,0.0,0.0,0.0
6276,25,1.1283791670955126,1825.0,846.0,45.00001609038752,0.0,0.0,0.0
6277,25,1.1283791670955126,1837.0,846.0,45.00001609038752,0.0,0.0,0.0
6278,25,1.1283791670955126,2989.0,846.0,45.00001609038752,0.0,0.0,0.0
6279,25,1.1283791670955126,3537.0,846.0,45.00001609038752,0.0,0.0,0.0
6280,50,1.5957691216057308,3588.0,846.5,0.0,2.0,0.0,0.0
6281,25,1.1283791670955126,3603.0,846.0,45.00001609038752,0.0,0.0,0.0
6282,25,1.1283791670955126,1822.0,847.0,45.00001609038752,0.0,0.0,0.0
6283,25,1.1283791670955126,1828.0,847.0,45.00001609038752,0.0,0.0,0.0
6284,50,1.5957691216057308,1835.5,847.0,90.00003218077504,2.0,0.0,0.0
6285,25,1.1283791670955126,3004.0,847.0,45.00001609038752,0.0,0.0,0.0
6286,50,1.5957691216057308,8957.0,847.5,0.0,2.0,0.0,0.0
6287,125,2.5231325220201604,9139.2,847.8,79.09932353989771,4.743365517193277,1.3492529674978502,4.207106781186548
6288,50,1.5957691216057308,1823.5,848.0,90.00003218077504,2.0,0.0,0.0
6289,200,3.1915382432114616,1831.0,848.625,90.00003218077504,4.898979485566356,2.7838821814150108,8.621320343559642
6290,25,1.1283791670955126,3003.0,848.0,45.00001609038752,0.0,0.0,0.0
6291,150,2.763953195770684,3016.1666666666665,849.1666666666666,45.000016090387525,3.1269438398822857,2.309401076758503,6.242640687119286
6292,50,1.5957691216057308,3534.5,848.0,90.00003218077504,2.0,0.0,0.0
6293,25,1.1283791670955126,3538.0,848.0,45.00001609038752,0.0,0.0,0.0
6294,75,1.9544100476116797,3557.3333333333335,848.3333333333334,45.00001609038752,2.3094010767585034,1.3333333333333333,3.414213562373095
6295,25,1.1283791670955126,3602.0,848.0,45.00001609038752,0.0,0.0,0.0
6296,150,2.763953195770684,9291.5,850.0,0.0,3.265986323710904,2.0,6.0
6297,25,1.1283791670955126,9145.0,850.0,45.00001609038752,0.0,0.0,0.0
6298,125,2.5231325220201604,3008.2,851.8,-45.00001609038752,4.0,1.3856406460551023,5.414213562373095
6299,25,1.1283791670955126,3014.0,851.0,45.00001609038752,0.0,0.0,0.0
6300,1700,9.304852983362556,3621.5882352941176,857.8529411764706,-41.37804922247935,14.021678974272039,8.989120282226716,42.970562748477136
6301,25,1.1283791670955126,3625.0,851.0,45.00001609038752,0.0,0.0,0.0
6302,25,1.1283791670955126,9152.0,851.0,45.00001609038752,0.0,0.0,0.0
6303,75,1.9544100476116797,3547.6666666666665,852.3333333333334,-45.00001609038752,2.3094010767585034,1.3333333333333333,3.414213562373095
6304,50,1.5957691216057308,5592.0,852.5,0.0,2.0,0.0,0.0
6305,25,1.1283791670955126,8195.0,852.0,45.00001609038752,0.0,0.0,0.0
6306,200,3.1915382432114616,9161.125,853.875,4.002365859748531,6.156900895097835,2.364861807367076,8.621320343559642
6307,100,2.256758334191025,552.5,853.5,45.00001609038752,2.0,2.0,4.0
6308,25,1.1283791670955126,555.0,853.0,45.00001609038752,0.0,0.0,0.0
6309,50,1.5957691216057308,3007.0,853.5,0.0,2.0,0.0,0.0
6310,75,1.9544100476116797,3012.0,853.0,90.00003218077504,3.265986323710904,0.0,1.0
6311,50,1.5957691216057308,3015.5,853.0,90.00003218077504,2.0,0.0,0.0
6312,75,1.9544100476116797,3598.6666666666665,853.6666666666666,45.00001609038752,2.3094010767585034,1.3333333333333333,3.414213562373095
6313,25,1.1283791670955126,4441.0,853.0,45.00001609038752,0.0,0.0,0.0
6314,50,1.5957691216057308,9175.5,853.0,90.00003218077504,2.0,0.0,0.0
6315,6600,18.333991376950163,3016.7310606060605,872.7651515151515,5.872776833995713,43.14954204411941,9.624071934116873,111.9827560572969
6316,25,1.1283791670955126,3595.0,855.0,45.00001609038752,0.0,0.0,0.0
6317,25,1.1283791670955126,5592.0,855.0,45.00001609038752,0.0,0.0,0.0
6318,25,1.1283791670955126,2992.0,856.0,45.00001609038752,0.0,0.0,0.0
6319,25,1.1283791670955126,3522.0,856.0,45.00001609038752,0.0,0.0,0.0
6320,25,1.1283791670955126,3545.0,856.0,45.00001609038752,0.0,0.0,0.0
6321,1225,7.898654169668588,3597.081632653061,862.9387755102041,-2.5563156560181497,15.525039840069446,4.792682549390641,33.7634559672906
6322,25,1.1283791670955126,3601.0,856.0,45.00001609038752,0.0,0.0,0.0
6323,150,2.763953195770684,9175.333333333334,857.3333333333334,45.00001609038752,3.651483716701107,2.1081851067789197,5.414213562373095
6324,25,1.1283791670955126,3609.0,857.0,45.00001609038752,0.0,0.0,0.0
6325,50,1.5957691216057308,5592.0,857.5,0.0,2.0,0.0,0.0
6326,25,1.1283791670955126,2991.0,858.0,45.00001609038752,0.0,0.0,0.0
6327,50,1.5957691216057308,3011.0,858.5,0.0,2.0,0.0,0.0
6328,550,5.292567428401227,3073.3636363636365,862.5,17.52792960733074,8.573957702879342,3.5686388432473155,14.278174593052023
6329,400,4.51351666838205,3523.375,860.625,29.19625931640796,6.843275670546393,2.94441472909436,12.449747468305834
6330,25,1.1283791670955126,3610.0,858.0,45.00001609038752,0.0,0.0,0.0
6331,25,1.1283791670955126,3600.0,859.0,45.00001609038752,0.0,0.0,0.0
6332,50,1.5957691216057308,2926.5,860.0,90.00003218077504,2.0,0.0,0.0
6333,50,1.5957691216057308,2991.0,860.5,0.0,2.0,0.0,0.0
6334,25,1.1283791670955126,2925.0,861.0,45.00001609038752,0.0,0.0,0.0
6335,25,1.1283791670955126,2935.0,861.0,45.00001609038752,0.0,0.0,0.0
6336,25,1.1283791670955126,3592.0,861.0,45.00001609038752,0.0,0.0,0.0
6337,25,1.1283791670955126,2924.0,862.0,45.00001609038752,0.0,0.0,0.0
6338,25,1.1283791670955126,2937.0,862.0,45.00001609038752,0.0,0.0,0.0
6339,25,1.1283791670955126,3006.0,862.0,45.00001609038752,0.0,0.0,0.0
6340,25,1.1283791670955126,2938.0,863.0,45.00001609038752,0.0,0.0,0.0
6341,375,4.370193722368317,3522.4666666666667,865.0,83.69036877795092,6.8644491036727615,2.8392887710320074,11.621320343559642
6342,75,1.9544100476116797,5925.0,865.0,0.0,3.265986323710904,0.0,1.0
6343,25,1.1283791670955126,10592.0,864.0,45.00001609038752,0.0,0.0,0.0
6344,25,1.1283791670955126,2923.0,865.0,45.00001609038752,0.0,0.0,0.0
6345,25,1.1283791670955126,2993.0,865.0,45.00001609038752,0.0,0.0,0.0
6346,25,1.1283791670955126,3010.0,865.0,45.00001609038752,0.0,0.0,0.0
6347,25,1.1283791670955126,3023.0,865.0,45.00001609038752,0.0,0.0,0.0
6348,75,1.9544100476116797,3551.0,865.0,90.00003218077504,3.265986323710904,0.0,1.0
6349,100,2.256758334191025,3619.0,865.5,58.28254642828171,3.23606797749979,1.2360679774997898,4.414213562373095
6350,25,1.1283791670955126,10586.0,865.0,45.00001609038752,0.0,0.0,0.0
6351,50,1.5957691216057308,10590.5,865.0,90.00003218077504,2.0,0.0,0.0
6352,50,1.5957691216057308,3548.5,866.0,90.00003218077504,2.0,0.0,0.0
6353,25,1.1283791670955126,9284.0,867.0,45.00001609038752,0.0,0.0,0.0
6354,50,1.5957691216057308,10588.5,867.0,90.00003218077504,2.0,0.0,0.0
6355,25,1.1283791670955126,2995.0,868.0,45.00001609038752,0.0,0.0,0.0
6356,125,2.5231325220201604,2998.6,869.4,20.99361375446966,4.34169545110285,1.2765894445250698,4.207106781186548
6357,25,1.1283791670955126,3010.0,868.0,45.00001609038752,0.0,0.0,0.0
6358,25,1.1283791670955126,3020.0,868.0,45.00001609038752,0.0,0.0,0.0
6359,5150,16.195287778099022,3521.393203883495,883.242718446602,-11.863077175205564,35.634971074561456,10.276491536992108,105.94722215136416
6360,25,1.1283791670955126,3546.0,868.0,45.00001609038752,0.0,0.0,0.0
6361,50,1.5957691216057308,9287.0,868.5,0.0,2.0,0.0,0.0
6362,100,2.256758334191025,10586.5,868.5,45.00001609038752,2.0,2.0,4.0
6363,25,1.1283791670955126,2994.0,869.0,45.00001609038752,0.0,0.0,0.0
6364,25,1.1283791670955126,3021.0,869.0,45.00001609038752,0.0,0.0,0.0
6365,50,1.5957691216057308,3617.0,869.5,0.0,2.0,0.0,0.0
6366,50,1.5957691216057308,6865.0,869.5,0.0,2.0,0.0,0.0
6367,700,5.970821321441846,10590.535714285714,872.2142857142857,13.106968620774833,7.819124781018574,5.985020579106696,22.485281374238568
6368,1100,7.48482063701911,3071.2954545454545,878.0227272727273,-6.642287590195016,19.123568865747018,4.448960110906403,33.89949493661166
6369,25,1.1283791670955126,3520.0,870.0,45.00001609038752,0.0,0.0,0.0
6370,25,1.1283791670955126,4452.0,870.0,45.00001609038752,0.0,0.0,0.0
6371,475,4.918490759365935,5593.1578947368425,875.5263157894736,9.057435238183302,13.421276150834931,2.1241482440752364,17.0
6372,25,1.1283791670955126,9288.0,870.0,45.00001609038752,0.0,0.0,0.0
6373,25,1.1283791670955126,9296.0,870.0,45.00001609038752,0.0,0.0,0.0
6374,50,1.5957691216057308,10582.5,870.0,90.00003218077504,2.0,0.0,0.0
6375,125,2.5231325220201604,2930.4,871.8,-18.43495541459913,3.098386676965933,1.7888543819998317,5.207106781186548
6376,1225,7.898654169668588,3596.9795918367345,876.3265306122449,7.085356929157607,9.320752656182625,7.702552663074045,27.485281374238568
6377,50,1.5957691216057308,3619.0,871.5,0.0,2.0,0.0,0.0
6378,225,3.385137501286538,9274.777777777777,872.7777777777778,7.2672301387702225,5.292161503352436,2.443017655361868,9.621320343559642
6379,25,1.1283791670955126,9293.0,871.0,45.00001609038752,0.0,0.0,0.0
6380,75,1.9544100476116797,10585.666666666666,871.3333333333334,-45.00001609038752,2.3094010767585034,1.3333333333333333,3.414213562373095
6381,50,1.5957691216057308,2923.0,872.5,0.0,2.0,0.0,0.0
6382,25,1.1283791670955126,3025.0,872.0,45.00001609038752,0.0,0.0,0.0
6383,25,1.1283791670955126,4450.0,872.0,45.00001609038752,0.0,0.0,0.0
6384,50,1.5957691216057308,5924.0,872.5,0.0,2.0,0.0,0.0
6385,50,1.5957691216057308,6864.5,872.0,90.00003218077504,2.0,0.0,0.0
6386,125,2.5231325220201604,3616.2,873.6,-71.5650767661759,3.098386676965933,1.7888543819998317,5.207106781186548
6387,25,1.1283791670955126,10584.0,873.0,45.00001609038752,0.0,0.0,0.0
6388,25,1.1283791670955126,2995.0,874.0,45.00001609038752,0.0,0.0,0.0
6389,25,1.1283791670955126,3549.0,874.0,45.00001609038752,0.0,0.0,0.0
6390,25,1.1283791670955126,10585.0,874.0,45.00001609038752,0.0,0.0,0.0
6391,125,2.5231325220201604,2922.8,875.8,45.00001609038752,4.0,1.3856406460551023,5.414213562373095
6392,400,4.51351666838205,4448.375,877.8125,21.229773888698535,7.316843453580752,3.8277019052941537,13.449747468305832
6393,25,1.1283791670955126,2925.0,876.0,45.00001609038752,0.0,0.0,0.0
6394,25,1.1283791670955126,2938.0,876.0,45.00001609038752,0.0,0.0,0.0
6395,25,1.1283791670955126,2994.0,876.0,45.00001609038752,0.0,0.0,0.0
6396,250,3.5682482323055424,5805.4,879.3,8.956257895417382,7.250543597277502,1.6216095534925243,9.207106781186548
6397,25,1.1283791670955126,8959.0,876.0,45.00001609038752,0.0,0.0,0.0
6398,50,1.5957691216057308,2926.5,877.0,90.00003218077504,2.0,0.0,0.0
6399,25,1.1283791670955126,2937.0,877.0,45.00001609038752,0.0,0.0,0.0
6400,25,1.1283791670955126,3009.0,877.0,45.00001609038752,0.0,0.0,0.0
6401,200,3.1915382432114616,3011.125,879.125,-4.002365859748531,6.156900895097835,2.364861807367076,8.621320343559642
6402,75,1.9544100476116797,3614.3333333333335,877.3333333333334,45.00001609038752,2.3094010767585034,1.3333333333333333,3.414213562373095
6403,25,1.1283791670955126,9160.0,877.0,45.00001609038752,0.0,0.0,0.0
6404,25,1.1283791670955126,9286.0,877.0,45.00001609038752,0.0,0.0,0.0
6405,25,1.1283791670955126,1083.0,879.0,45.00001609038752,0.0,0.0,0.0
6406,4000,14.27299292922217,2932.225,885.99375,60.288949407193265,20.871315272409937,11.08501573294633,60.00609665440987
6407,25,1.1283791670955126,3616.0,879.0,45.00001609038752,0.0,0.0,0.0
6408,100,2.256758334191025,9121.0,881.5,0.0,4.47213595499958,0.0,2.0
6409,50,1.5957691216057308,9342.0,881.5,0.0,2.0,0.0,0.0
6410,200,3.1915382432114616,10592.375,883.0,0.0,4.898979485566356,1.9364916731037085,8.414213562373096
6411,47925,49.404455338130255,478.490871152843,915.5440792905582,7.358606865471709,59.54047095226041,43.37471903477131,176.2670273047588
6412,25,1.1283791670955126,8963.0,882.0,45.00001609038752,0.0,0.0,0.0
6413,300,3.9088200952233594,9289.083333333334,884.4166666666666,-13.069538723414476,5.8812676463467435,2.802701431918763,11.035533905932738
6414,25,1.1283791670955126,3589.0,883.0,45.00001609038752,0.0,0.0,0.0
6415,750,6.180387232371033,3594.133333333333,887.0,6.454669371343561,8.165560452009723,4.868864829382408,18.65685424949238
6416,100,2.256758334191025,4449.75,883.75,18.43495541459913,3.4641016151377544,1.4142135623730951,3.2071067811865475
6417,75,1.9544100476116797,3589.6666666666665,885.3333333333334,-45.00001609038752,2.3094010767585034,1.3333333333333333,3.414213562373095
6418,75,1.9544100476116797,3620.0,885.0,90.00003218077504,3.265986323710904,0.0,1.0
6419,25,1.1283791670955126,4448.0,885.0,45.00001609038752,0.0,0.0,0.0
6420,75,1.9544100476116797,9122.0,886.0,0.0,3.265986323710904,0.0,1.0
6421,425,4.652426491681278,1080.1176470588234,888.6470588235294,-40.495762608815866,6.884499902652309,3.259512591792688,13.071067811865476
6422,25,1.1283791670955126,3617.0,886.0,45.00001609038752,0.0,0.0,0.0
6423,50,1.5957691216057308,3622.5,886.0,90.00003218077504,2.0,0.0,0.0
6424,100,2.256758334191025,5807.0,887.5,0.0,4.47213595499958,0.0,2.0
6425,25,1.1283791670955126,9270.0,886.0,45.00001609038752,0.0,0.0,0.0
6426,130450,81.5092874734412,7936.695093905711,940.1492909160598,13.91662270442453,100.22064446250519,68.69456084447708,308.2081528017131
6427,25,1.1283791670955126,2979.0,888.0,45.00001609038752,0.0,0.0,0.0
6428,25,1.1283791670955126,3621.0,888.0,45.00001609038752,0.0,0.0,0.0
6429,25,1.1283791670955126,9271.0,888.0,45.00001609038752,0.0,0.0,0.0
6430,50,1.5957691216057308,3068.0,889.5,0.0,2.0,0.0,0.0
6431,25,1.1283791670955126,3531.0,889.0,45.00001609038752,0.0,0.0,0.0
6432,25,1.1283791670955126,3620.0,889.0,45.00001609038752,0.0,0.0,0.0
6433,75,1.9544100476116797,3622.3333333333335,889.6666666666666,-45.00001609038752,2.3094010767585034,1.3333333333333333,3.414213562373095
6434,25,1.1283791670955126,3625.0,889.0,45.00001609038752,0.0,0.0,0.0
6435,150,2.763953195770684,9278.5,889.6666666666666,90.00003218077504,3.8297084310253524,1.8856180831641272,6.414213562373095
6436,150,2.763953195770684,9283.833333333334,889.8333333333334,-45.00001609038752,3.126943839882286,2.309401076758503,6.242640687119286
6437,75,1.9544100476116797,2923.3333333333335,890.6666666666666,-45.00001609038752,2.3094010767585034,1.3333333333333333,3.414213562373095
6438,25,1.1283791670955126,2981.0,890.0,45.00001609038752,0.0,0.0,0.0
6439,25,1.1283791670955126,2982.0,891.0,45.00001609038752,0.0,0.0,0.0
6440,25,1.1283791670955126,3526.0,891.0,45.00001609038752,0.0,0.0,0.0
6441,25,1.1283791670955126,2922.0,892.0,45.00001609038752,0.0,0.0,0.0
6442,525,5.170882945826411,3026.6666666666665,895.9047619047619,24.88790564880034,10.370675032561284,2.6641369045354066,19.485281374238568
6443,25,1.1283791670955126,3524.0,892.0,45.00001609038752,0.0,0.0,0.0
6444,525,5.170882945826411,3601.6666666666665,897.5714285714286,5.764889144459591,11.99873283138722,2.596618682359802,18.242640687119284
6445,25,1.1283791670955126,2921.0,893.0,45.00001609038752,0.0,0.0,0.0
6446,25,1.1283791670955126,2933.0,893.0,45.00001609038752,0.0,0.0,0.0
6447,100,2.256758334191025,3014.5,893.5,45.00001609038752,2.0,2.0,4.0
6448,50,1.5957691216057308,3022.0,893.5,0.0,2.0,0.0,0.0
6449,125,2.5231325220201604,3527.2,893.4,71.5650767661759,3.098386676965933,1.7888543819998317,5.207106781186548
6450,25,1.1283791670955126,9174.0,893.0,45.00001609038752,0.0,0.0,0.0
6451,25,1.1283791670955126,9177.0,893.0,45.00001609038752,0.0,0.0,0.0
6452,25,1.1283791670955126,10374.0,893.0,45.00001609038752,0.0,0.0,0.0
6453,25,1.1283791670955126,2920.0,894.0,45.00001609038752,0.0,0.0,0.0
6454,25,1.1283791670955126,2935.0,894.0,45.00001609038752,0.0,0.0,0.0
6455,25,1.1283791670955126,3530.0,894.0,45.00001609038752,0.0,0.0,0.0
6456,25,1.1283791670955126,3591.0,894.0,45.00001609038752,0.0,0.0,0.0
6457,25,1.1283791670955126,2919.0,895.0,45.00001609038752,0.0,0.0,0.0
6458,25,1.1283791670955126,2937.0,895.0,45.00001609038752,0.0,0.0,0.0
6459,1075,7.399277020331919,3013.7906976744184,898.5116279069767,-77.74170053041676,11.105558131634915,7.380726505190618,32.935028842544405
6460,25,1.1283791670955126,1098.0,896.0,45.00001609038752,0.0,0.0,0.0
6461,25,1.1283791670955126,2917.0,896.0,45.00001609038752,0.0,0.0,0.0
6462,50,1.5957691216057308,2938.5,896.0,90.00003218077504,2.0,0.0,0.0
6463,25,1.1283791670955126,2984.0,896.0,45.00001609038752,0.0,0.0,0.0
6464,50,1.5957691216057308,3007.5,896.0,90.00003218077504,2.0,0.0,0.0
6465,125,2.5231325220201604,3527.6,896.6,-69.00641842630537,4.34169545110285,1.2765894445250698,4.207106781186548
6466,150,2.763953195770684,3531.0,896.8333333333334,-53.130121351576776,3.8297084310253524,1.8856180831641265,6.207106781186548
6467,50,1.5957691216057308,9294.5,896.0,90.00003218077504,2.0,0.0,0.0
6468,25,1.1283791670955126,731.0,897.0,45.00001609038752,0.0,0.0,0.0
6469,25,1.1283791670955126,2940.0,897.0,45.00001609038752,0.0,0.0,0.0
6470,50,1.5957691216057308,5595.0,897.5,0.0,2.0,0.0,0.0
6471,50,1.5957691216057308,9292.0,897.5,0.0,2.0,0.0,0.0
6472,25,1.1283791670955126,2916.0,898.0,45.00001609038752,0.0,0.0,0.0
6473,25,1.1283791670955126,2941.0,898.0,45.00001609038752,0.0,0.0,0.0
6474,25,1.1283791670955126,736.0,899.0,45.00001609038752,0.0,0.0,0.0
6475,25,1.1283791670955126,2915.0,899.0,45.00001609038752,0.0,0.0,0.0
6476,75,1.9544100476116797,2942.6666666666665,899.3333333333334,-45.00001609038752,2.3094010767585034,1.3333333333333333,3.414213562373095
6477,25,1.1283791670955126,2981.0,899.0,45.00001609038752,0.0,0.0,0.0
6478,25,1.1283791670955126,3529.0,899.0,45.00001609038752,0.0,0.0,0.0
6479,150,2.763953195770684,9273.666666666666,900.8333333333334,-12.933183021488421,4.363338213437162,1.65500979239906,5.0
6480,25,1.1283791670955126,734.0,900.0,45.00001609038752,0.0,0.0,0.0
6481,25,1.1283791670955126,2983.0,900.0,45.00001609038752,0.0,0.0,0.0
6482,50,1.5957691216057308,5595.0,900.5,0.0,2.0,0.0,0.0
6483,50,1.5957691216057308,5920.0,900.5,0.0,2.0,0.0,0.0
6484,25,1.1283791670955126,9124.0,900.0,45.00001609038752,0.0,0.0,0.0
6485,50,1.5957691216057308,737.5,901.0,90.00003218077504,2.0,0.0,0.0
6486,25,1.1283791670955126,1084.0,901.0,45.00001609038752,0.0,0.0,0.0
6487,25,1.1283791670955126,2944.0,901.0,45.00001609038752,0.0,0.0,0.0
6488,25,1.1283791670955126,3009.0,901.0,45.00001609038752,0.0,0.0,0.0
6489,50,1.5957691216057308,3597.5,901.0,90.00003218077504,2.0,0.0,0.0
6490,25,1.1283791670955126,8961.0,901.0,45.00001609038752,0.0,0.0,0.0
6491,25,1.1283791670955126,1083.0,902.0,45.00001609038752,0.0,0.0,0.0
6492,25,1.1283791670955126,2913.0,902.0,45.00001609038752,0.0,0.0,0.0
6493,25,1.1283791670955126,2945.0,902.0,45.00001609038752,0.0,0.0,0.0
6494,25,1.1283791670955126,3029.0,902.0,45.00001609038752,0.0,0.0,0.0
6495,25,1.1283791670955126,3512.0,902.0,45.00001609038752,0.0,0.0,0.0
6496,25,1.1283791670955126,3515.0,902.0,45.00001609038752,0.0,0.0,0.0
6497,25,1.1283791670955126,9125.0,902.0,45.00001609038752,0.0,0.0,0.0
6498,75,1.9544100476116797,734.3333333333334,903.6666666666666,-45.00001609038752,2.3094010767585034,1.3333333333333333,3.414213562373095
6499,50,1.5957691216057308,2946.0,903.5,0.0,2.0,0.0,0.0
6500,125,2.5231325220201604,3526.0,904.0,31.71748575249332,4.093338188813542,1.5635160606788385,5.414213562373095
6501,25,1.1283791670955126,2912.0,904.0,45.00001609038752,0.0,0.0,0.0
6502,25,1.1283791670955126,3009.0,904.0,45.00001609038752,0.0,0.0,0.0
6503,25,1.1283791670955126,3030.0,904.0,45.00001609038752,0.0,0.0,0.0
6504,75,1.9544100476116797,3510.3333333333335,904.3333333333334,45.00001609038752,2.3094010767585034,1.3333333333333333,3.414213562373095
6505,25,1.1283791670955126,3514.0,904.0,45.00001609038752,0.0,0.0,0.0
6506,250,3.5682482323055424,3600.6,905.6,-13.608060644406864,5.552868442405136,2.37605809300639,9.414213562373096
6507,25,1.1283791670955126,9125.0,904.0,45.00001609038752,0.0,0.0,0.0
6508,50,1.5957691216057308,10091.0,904.5,0.0,2.0,0.0,0.0
6509,25,1.1283791670955126,10220.0,904.0,45.00001609038752,0.0,0.0,0.0
6510,50,1.5957691216057308,2911.0,905.5,0.0,2.0,0.0,0.0
6511,25,1.1283791670955126,2947.0,905.0,45.00001609038752,0.0,0.0,0.0
6512,25,1.1283791670955126,3018.0,905.0,45.00001609038752,0.0,0.0,0.0
6513,25,1.1283791670955126,2948.0,906.0,45.00001609038752,0.0,0.0,0.0
6514,300,3.9088200952233594,5919.166666666667,910.5833333333334,0.5349126168541063,11.01056746212923,1.487228498363826,10.414213562373096
6515,25,1.1283791670955126,10090.0,906.0,45.00001609038752,0.0,0.0,0.0
6516,25,1.1283791670955126,10216.0,906.0,45.00001609038752,0.0,0.0,0.0
6517,25,1.1283791670955126,10221.0,906.0,45.00001609038752,0.0,0.0,0.0
6518,350,4.222008245644752,1092.642857142857,910.0714285714286,2.445886964799852,6.675031633901144,2.8598333105217955,12.242640687119284
6519,25,1.1283791670955126,2910.0,907.0,45.00001609038752,0.0,0.0,0.0
6520,50,1.5957691216057308,3525.5,907.0,90.00003218077504,2.0,0.0,0.0
6521,25,1.1283791670955126,10217.0,907.0,45.00001609038752,0.0,0.0,0.0
6522,25,1.1283791670955126,1089.0,908.0,45.00001609038752,0.0,0.0,0.0
6523,25,1.1283791670955126,2949.0,908.0,45.00001609038752,0.0,0.0,0.0
6524,50,1.5957691216057308,734.0,909.5,0.0,2.0,0.0,0.0
6525,150,2.763953195770684,3602.1666666666665,910.1666666666666,45.000016090387525,3.1269438398822857,2.309401076758503,6.242640687119286
6526,50,1.5957691216057308,9277.5,909.0,90.00003218077504,2.0,0.0,0.0
6527,25,1.1283791670955126,9285.0,909.0,45.00001609038752,0.0,0.0,0.0
6528,50,1.5957691216057308,1088.0,910.5,0.0,2.0,0.0,0.0
6529,25,1.1283791670955126,2950.0,910.0,45.00001609038752,0.0,0.0,0.0
6530,50,1.5957691216057308,2953.0,910.5,0.0,2.0,0.0,0.0
6531,25,1.1283791670955126,5596.0,910.0,45.00001609038752,0.0,0.0,0.0
6532,1208900,248.1305531876587,7711.13137976673,1105.2127553974688,-33.00809545865301,484.5358034131747,146.38707306337844,1192.638743755012
6533,25,1.1283791670955126,9276.0,910.0,45.00001609038752,0.0,0.0,0.0
6534,25,1.1283791670955126,9286.0,910.0,45.00001609038752,0.0,0.0,0.0
6535,25,1.1283791670955126,10208.0,910.0,45.00001609038752,0.0,0.0,0.0
6536,25,1.1283791670955126,2908.0,911.0,45.00001609038752,0.0,0.0,0.0
6537,25,1.1283791670955126,3507.0,911.0,45.00001609038752,0.0,0.0,0.0
6538,25,1.1283791670955126,3511.0,911.0,45.00001609038752,0.0,0.0,0.0
6539,25,1.1283791670955126,9287.0,911.0,45.00001609038752,0.0,0.0,0.0
6540,25,1.1283791670955126,10093.0,911.0,45.00001609038752,0.0,0.0,0.0
6541,350,4.222008245644752,10210.857142857143,914.6428571428571,29.532564478800694,9.498172120862638,2.6164768013998647,14.414213562373096
6542,25,1.1283791670955126,3506.0,912.0,45.00001609038752,0.0,0.0,0.0
6543,25,1.1283791670955126,2907.0,913.0,45.00001609038752,0.0,0.0,0.0
6544,25,1.1283791670955126,2954.0,913.0,45.00001609038752,0.0,0.0,0.0
6545,25,1.1283791670955126,9288.0,913.0,45.00001609038752,0.0,0.0,0.0
6546,100,2.256758334191025,3011.5,915.5,45.00001609038752,2.0,2.0,4.0
6547,175,2.985410660720923,10207.857142857143,916.2857142857143,59.527323334368745,3.582070095417669,2.4713456540351713,6.207106781186548
6548,75,1.9544100476116797,1094.3333333333333,916.6666666666666,-45.00001609038752,2.3094010767585034,1.3333333333333333,3.414213562373095
6549,75,1.9544100476116797,3512.3333333333335,916.3333333333334,45.00001609038752,2.3094010767585034,1.3333333333333333,3.414213562373095
6550,25,1.1283791670955126,2953.0,917.0,45.00001609038752,0.0,0.0,0.0
6551,25,1.1283791670955126,3013.0,917.0,45.00001609038752,0.0,0.0,0.0
6552,25,1.1283791670955126,3520.0,917.0,45.00001609038752,0.0,0.0,0.0
6553,800,6.383076486422923,5921.09375,925.625,19.696500769441755,17.790354276460523,3.2577092746319023,28.242640687119284
6554,125,2.5231325220201604,505.4,919.2,18.43495541459913,3.098386676965933,1.7888543819998317,5.207106781186548
6555,25,1.1283791670955126,3013.0,919.0,45.00001609038752,0.0,0.0,0.0
6556,25,1.1283791670955126,10210.0,919.0,45.00001609038752,0.0,0.0,0.0
6557,50,1.5957691216057308,8949.5,920.0,90.00003218077504,2.0,0.0,0.0
6558,50,1.5957691216057308,10211.0,920.5,0.0,2.0,0.0,0.0
6559,300,3.9088200952233594,3517.4166666666665,923.5833333333334,-4.363640407867275,7.4062343186343895,1.8952935556073236,11.0
6560,25,1.1283791670955126,8952.0,922.0,45.00001609038752,0.0,0.0,0.0
6561,25,1.1283791670955126,9177.0,922.0,45.00001609038752,0.0,0.0,0.0
6562,25,1.1283791670955126,5917.0,923.0,45.00001609038752,0.0,0.0,0.0
6563,50,1.5957691216057308,1091.0,924.5,0.0,2.0,0.0,0.0
6564,100,2.256758334191025,5915.5,925.0,-31.71748575249332,3.23606797749979,1.2360679774997898,4.414213562373095
6565,25,1.1283791670955126,8949.0,924.0,45.00001609038752,0.0,0.0,0.0
6566,25,1.1283791670955126,9178.0,924.0,45.00001609038752,0.0,0.0,0.0
6567,25,1.1283791670955126,1089.0,926.0,45.00001609038752,0.0,0.0,0.0
6568,25,1.1283791670955126,1085.0,927.0,45.00001609038752,0.0,0.0,0.0
6569,25,1.1283791670955126,5914.0,927.0,45.00001609038752,0.0,0.0,0.0
6570,50,1.5957691216057308,1080.5,928.0,90.00003218077504,2.0,0.0,0.0
6571,1225,7.898654169668588,5911.469387755102,935.7551020408164,6.533584976620256,19.181306193712174,4.729503663843349,35.72792206135786
6572,250,3.5682482323055424,1085.5,929.8,90.00003218077504,4.09878030638384,2.9933259094191533,8.82842712474619
6573,25,1.1283791670955126,9176.0,930.0,45.00001609038752,0.0,0.0,0.0
6574,1575,8.95623198216277,9176.666666666666,939.015873015873,-8.320467439268764,15.23570598126882,7.073044759432335,38.14213562373095
6575,248350,112.46493514602277,3058.8358163881617,992.9804711093216,60.041759676813015,151.31530132988328,104.36034650943974,1507.1362184380703
6576,25,1.1283791670955126,3081.0,932.0,45.00001609038752,0.0,0.0,0.0
6577,25,1.1283791670955126,9175.0,932.0,45.00001609038752,0.0,0.0,0.0
6578,25,1.1283791670955126,3082.0,933.0,45.00001609038752,0.0,0.0,0.0
6579,600,5.527906391541368,5918.708333333333,935.25,87.93446718709869,7.258165505102191,4.504581636818991,17.48528137423857
6580,25,1.1283791670955126,3083.0,934.0,45.00001609038752,0.0,0.0,0.0
6581,25,1.1283791670955126,4097.0,934.0,45.00001609038752,0.0,0.0,0.0
6582,50,1.5957691216057308,4098.0,935.5,0.0,2.0,0.0,0.0
6583,1250,7.978845608028654,5921.8,943.22,-36.309147035908126,15.377506579000622,5.295081813607093,30.692388155425114
6584,25,1.1283791670955126,2900.0,936.0,45.00001609038752,0.0,0.0,0.0
6585,50,1.5957691216057308,2961.0,936.5,0.0,2.0,0.0,0.0
6586,25,1.1283791670955126,3082.0,936.0,45.00001609038752,0.0,0.0,0.0
6587,25,1.1283791670955126,9174.0,936.0,45.00001609038752,0.0,0.0,0.0
6588,25,1.1283791670955126,3083.0,937.0,45.00001609038752,0.0,0.0,0.0
6589,25,1.1283791670955126,3084.0,939.0,45.00001609038752,0.0,0.0,0.0
6590,25,1.1283791670955126,9171.0,940.0,45.00001609038752,0.0,0.0,0.0
6591,25,1.1283791670955126,2990.0,941.0,45.00001609038752,0.0,0.0,0.0
6592,25,1.1283791670955126,3086.0,941.0,45.00001609038752,0.0,0.0,0.0
6593,25,1.1283791670955126,3084.0,942.0,45.00001609038752,0.0,0.0,0.0
6594,25,1.1283791670955126,3515.0,943.0,45.00001609038752,0.0,0.0,0.0
6595,75,1.9544100476116797,9163.333333333334,943.3333333333334,45.00001609038752,2.3094010767585034,1.3333333333333333,3.414213562373095
6596,25,1.1283791670955126,9274.0,943.0,45.00001609038752,0.0,0.0,0.0
6597,100,2.256758334191025,3085.5,944.5,45.00001609038752,2.0,2.0,4.0
6598,25,1.1283791670955126,10109.0,944.0,45.00001609038752,0.0,0.0,0.0
6599,527750,163.94537745651533,9182.792089057319,1011.2814779725248,-83.0143705145619,209.74053932909624,131.42290484497872,629.8549057834387
6600,50,1.5957691216057308,5910.5,946.0,90.00003218077504,2.0,0.0,0.0
6601,25,1.1283791670955126,9195.0,946.0,45.00001609038752,0.0,0.0,0.0
6602,150,2.763953195770684,9275.333333333334,948.1666666666666,14.655008775562198,5.545131758410893,1.3022896092295921,5.207106781186548
6603,25,1.1283791670955126,5912.0,947.0,45.00001609038752,0.0,0.0,0.0
6604,127875,80.70080712929925,2968.009970674487,1010.1143695014663,-25.629744704606598,115.78374135160341,62.07294287165194,419.95436482630055
6605,25,1.1283791670955126,3038.0,950.0,45.00001609038752,0.0,0.0,0.0
6606,50,1.5957691216057308,3039.0,951.5,0.0,2.0,0.0,0.0
6607,25,1.1283791670955126,3070.0,951.0,45.00001609038752,0.0,0.0,0.0
6608,25,1.1283791670955126,5914.0,951.0,45.00001609038752,0.0,0.0,0.0
6609,25,1.1283791670955126,5916.0,951.0,45.00001609038752,0.0,0.0,0.0
6610,125,2.5231325220201604,9277.8,952.2,-45.00001609038752,4.0,1.3856406460551023,5.414213562373095
6611,75,1.9544100476116797,2964.3333333333335,952.6666666666666,-45.00001609038752,2.3094010767585034,1.3333333333333333,3.414213562373095
6612,775,6.282549314314218,5913.580645161291,959.1612903225806,-14.026612969337117,14.140387087544742,3.6869605070120928,23.899494936611664
6613,25,1.1283791670955126,9288.0,952.0,45.00001609038752,0.0,0.0,0.0
6614,25,1.1283791670955126,3085.0,953.0,45.00001609038752,0.0,0.0,0.0
6615,25,1.1283791670955126,9287.0,953.0,45.00001609038752,0.0,0.0,0.0
6616,25,1.1283791670955126,10240.0,953.0,45.00001609038752,0.0,0.0,0.0
6617,25,1.1283791670955126,3084.0,954.0,45.00001609038752,0.0,0.0,0.0
6618,25,1.1283791670955126,3524.0,954.0,45.00001609038752,0.0,0.0,0.0
6619,50,1.5957691216057308,9281.5,954.0,90.00003218077504,2.0,0.0,0.0
6620,50,1.5957691216057308,9285.5,954.0,90.00003218077504,2.0,0.0,0.0
6621,1025,7.225151993843567,3085.121951219512,958.8780487804878,-70.9767367104672,10.932093366365942,6.2636203290176615,31.556349186104043
6622,25,1.1283791670955126,3064.0,957.0,45.00001609038752,0.0,0.0,0.0
6623,25,1.1283791670955126,3069.0,957.0,45.00001609038752,0.0,0.0,0.0
6624,525,5.170882945826411,2951.809523809524,962.4285714285714,-4.718293120022381,11.78609182786323,2.477941407738872,17.414213562373096
6625,25,1.1283791670955126,3073.0,960.0,45.00001609038752,0.0,0.0,0.0
6626,25,1.1283791670955126,3077.0,960.0,45.00001609038752,0.0,0.0,0.0
6627,25,1.1283791670955126,9275.0,960.0,45.00001609038752,0.0,0.0,0.0
6628,50,1.5957691216057308,10236.5,960.0,90.00003218077504,2.0,0.0,0.0
6629,25,1.1283791670955126,9271.0,961.0,45.00001609038752,0.0,0.0,0.0
6630,575,5.4115163798060095,10238.04347826087,964.5217391304348,36.07485374796201,8.81785100086083,4.638107843651308,16.621320343559645
6631,75,1.9544100476116797,3105.3333333333335,962.3333333333334,45.00001609038752,2.3094010767585034,1.3333333333333333,3.414213562373095
6632,75,1.9544100476116797,2899.0,964.0,0.0,3.265986323710904,0.0,1.0
6633,25,1.1283791670955126,3070.0,963.0,45.00001609038752,0.0,0.0,0.0
6634,50,1.5957691216057308,9272.0,963.5,0.0,2.0,0.0,0.0
6635,25,1.1283791670955126,9275.0,963.0,45.00001609038752,0.0,0.0,0.0
6636,25,1.1283791670955126,3087.0,964.0,45.00001609038752,0.0,0.0,0.0
6637,25,1.1283791670955126,3104.0,964.0,45.00001609038752,0.0,0.0,0.0
6638,25,1.1283791670955126,3107.0,964.0,45.00001609038752,0.0,0.0,0.0
6639,75,1.9544100476116797,2962.0,966.0,0.0,3.265986323710904,0.0,1.0
6640,25,1.1283791670955126,3067.0,966.0,45.00001609038752,0.0,0.0,0.0
6641,25,1.1283791670955126,7710.0,966.0,45.00001609038752,0.0,0.0,0.0
6642,25,1.1283791670955126,9278.0,966.0,45.00001609038752,0.0,0.0,0.0
6643,25,1.1283791670955126,3071.0,967.0,45.00001609038752,0.0,0.0,0.0
6644,25,1.1283791670955126,3090.0,967.0,45.00001609038752,0.0,0.0,0.0
6645,100,2.256758334191025,5911.0,968.5,0.0,4.47213595499958,0.0,2.0
6646,25,1.1283791670955126,3066.0,968.0,45.00001609038752,0.0,0.0,0.0
6647,50,1.5957691216057308,3069.0,968.5,0.0,2.0,0.0,0.0
6648,25,1.1283791670955126,3105.0,968.0,45.00001609038752,0.0,0.0,0.0
6649,25,1.1283791670955126,3065.0,969.0,45.00001609038752,0.0,0.0,0.0
6650,25,1.1283791670955126,3104.0,971.0,45.00001609038752,0.0,0.0,0.0
6651,175,2.985410660720923,7890.857142857143,973.1428571428571,5.511729952667995,7.260683829712151,1.2192423703306703,6.207106781186548
6652,250,3.5682482323055424,7894.2,973.5,3.020283671393463,6.00703091467554,2.3823474956715174,10.82842712474619
6653,18350,30.570538527078803,5889.700272479564,986.4877384196185,-76.18226376299093,48.29742689037801,22.290391296125378,182.5391052434009
6654,13753200,836.9257579176696,8105.142352325277,1387.0014451182271,-47.24207395647948,943.4437600601854,765.1549664326271,6678.819043731977
6655,25,1.1283791670955126,619.0,973.0,45.00001609038752,0.0,0.0,0.0
6656,25,1.1283791670955126,5912.0,973.0,45.00001609038752,0.0,0.0,0.0
6657,25,1.1283791670955126,2900.0,974.0,45.00001609038752,0.0,0.0,0.0
6658,25,1.1283791670955126,7973.0,978.0,45.00001609038752,0.0,0.0,0.0
6659,25,1.1283791670955126,117.0,979.0,45.00001609038752,0.0,0.0,0.0
6660,25,1.1283791670955126,7915.0,979.0,45.00001609038752,0.0,0.0,0.0
6661,50,1.5957691216057308,7920.5,979.0,90.00003218077504,2.0,0.0,0.0
6662,25,1.1283791670955126,7974.0,979.0,45.00001609038752,0.0,0.0,0.0
6663,25,1.1283791670955126,7911.0,980.0,45.00001609038752,0.0,0.0,0.0
6664,50,1.5957691216057308,3164.5,981.0,90.00003218077504,2.0,0.0,0.0
6665,200,3.1915382432114616,7906.375,982.625,-35.41050864861914,4.453975508570176,2.768050246844706,7.621320343559642
6666,25,1.1283791670955126,7909.0,981.0,45.00001609038752,0.0,0.0,0.0
6667,25,1.1283791670955126,7933.0,981.0,45.00001609038752,0.0,0.0,0.0
6668,25,1.1283791670955126,2901.0,982.0,45.00001609038752,0.0,0.0,0.0
6669,25,1.1283791670955126,3166.0,982.0,45.00001609038752,0.0,0.0,0.0
6670,25,1.1283791670955126,7935.0,982.0,45.00001609038752,0.0,0.0,0.0
6671,25,1.1283791670955126,7936.0,983.0,45.00001609038752,0.0,0.0,0.0
6672,25,1.1283791670955126,3155.0,984.0,45.00001609038752,0.0,0.0,0.0
6673,25,1.1283791670955126,3172.0,984.0,45.00001609038752,0.0,0.0,0.0
6674,50,1.5957691216057308,7937.5,984.0,90.00003218077504,2.0,0.0,0.0
6675,70700,60.00601163642723,2907.3677510608204,1035.302333804809,-2.6356637168833412,85.0961474691439,49.764973422997684,472.8122292025696
6676,25,1.1283791670955126,3174.0,985.0,45.00001609038752,0.0,0.0,0.0
6677,50,1.5957691216057308,4099.0,985.5,0.0,2.0,0.0,0.0
6678,25,1.1283791670955126,5938.0,985.0,45.00001609038752,0.0,0.0,0.0
6679,50,1.5957691216057308,7939.5,985.0,90.00003218077504,2.0,0.0,0.0
6680,1200,7.817640190446719,3139.2083333333335,990.7916666666666,-49.04555207165113,16.988171960294228,4.831817245293688,34.9350288425444
6681,100,2.256758334191025,3150.0,986.5,-58.28254642828171,3.23606797749979,1.2360679774997898,4.414213562373095
6682,25,1.1283791670955126,3176.0,986.0,45.00001609038752,0.0,0.0,0.0
6683,25,1.1283791670955126,4575.0,986.0,45.00001609038752,0.0,0.0,0.0
6684,25,1.1283791670955126,7904.0,986.0,45.00001609038752,0.0,0.0,0.0
6685,25,1.1283791670955126,7941.0,986.0,45.00001609038752,0.0,0.0,0.0
6686,25,1.1283791670955126,7945.0,986.0,45.00001609038752,0.0,0.0,0.0
6687,25,1.1283791670955126,3177.0,987.0,45.00001609038752,0.0,0.0,0.0
6688,25,1.1283791670955126,7903.0,987.0,45.00001609038752,0.0,0.0,0.0
6689,25,1.1283791670955126,7942.0,987.0,45.00001609038752,0.0,0.0,0.0
6690,3077500,395.89870921347864,9275.446539398863,1332.9856295694558,-9.68637312927745,626.3735233443099,287.87131810080433,2986.833836696128
6691,25,1.1283791670955126,2908.0,988.0,45.00001609038752,0.0,0.0,0.0
6692,25,1.1283791670955126,3148.0,988.0,45.00001609038752,0.0,0.0,0.0
6693,25,1.1283791670955126,3178.0,988.0,45.00001609038752,0.0,0.0,0.0
6694,25,1.1283791670955126,3181.0,988.0,45.00001609038752,0.0,0.0,0.0
6695,50,1.5957691216057308,7870.5,988.0,90.00003218077504,2.0,0.0,0.0
6696,50,1.5957691216057308,7902.0,988.5,0.0,2.0,0.0,0.0
6697,25,1.1283791670955126,7943.0,988.0,45.00001609038752,0.0,0.0,0.0
6698,25,1.1283791670955126,2909.0,989.0,45.00001609038752,0.0,0.0,0.0
6699,25,1.1283791670955126,2953.0,989.0,45.00001609038752,0.0,0.0,0.0
6700,25,1.1283791670955126,3147.0,989.0,45.00001609038752,0.0,0.0,0.0
6701,25,1.1283791670955126,5604.0,989.0,45.00001609038752,0.0,0.0,0.0
6702,25,1.1283791670955126,7944.0,989.0,45.00001609038752,0.0,0.0,0.0
6703,25,1.1283791670955126,2910.0,990.0,45.00001609038752,0.0,0.0,0.0
6704,25,1.1283791670955126,3146.0,990.0,45.00001609038752,0.0,0.0,0.0
6705,25,1.1283791670955126,3179.0,990.0,45.00001609038752,0.0,0.0,0.0
6706,25,1.1283791670955126,3182.0,990.0,45.00001609038752,0.0,0.0,0.0
6707,225,3.385137501286538,7946.111111111111,991.7777777777778,49.486331001980595,4.713432721951591,2.6491734327655063,9.242640687119284
6708,25,1.1283791670955126,3104.0,991.0,45.00001609038752,0.0,0.0,0.0
6709,575,5.4115163798060095,3109.9565217391305,992.3913043478261,-79.94373444046686,10.24791653411566,3.6801540377999116,17.071067811865476
6710,25,1.1283791670955126,3125.0,991.0,45.00001609038752,0.0,0.0,0.0
6711,25,1.1283791670955126,3145.0,991.0,45.00001609038752,0.0,0.0,0.0
6712,25,1.1283791670955126,3180.0,991.0,45.00001609038752,0.0,0.0,0.0
6713,100,2.256758334191025,3143.0,992.5,-58.28254642828171,3.23606797749979,1.2360679774997898,4.414213562373095
6714,25,1.1283791670955126,2949.0,993.0,45.00001609038752,0.0,0.0,0.0
6715,25,1.1283791670955126,3181.0,993.0,45.00001609038752,0.0,0.0,0.0
6716,25,1.1283791670955126,7900.0,993.0,45.00001609038752,0.0,0.0,0.0
6717,400,4.51351666838205,3126.5625,997.25,-10.683493380995861,7.236555677866175,3.5453860045336145,14.035533905932738
6718,25,1.1283791670955126,3141.0,994.0,45.00001609038752,0.0,0.0,0.0
6719,50,1.5957691216057308,5911.5,994.0,90.00003218077504,2.0,0.0,0.0
6720,25,1.1283791670955126,8288.0,994.0,45.00001609038752,0.0,0.0,0.0
6721,25,1.1283791670955126,3140.0,995.0,45.00001609038752,0.0,0.0,0.0
6722,25,1.1283791670955126,5910.0,995.0,45.00001609038752,0.0,0.0,0.0
6723,50,1.5957691216057308,3109.5,996.0,90.00003218077504,2.0,0.0,0.0
6724,25,1.1283791670955126,3139.0,996.0,45.00001609038752,0.0,0.0,0.0
6725,25,1.1283791670955126,5799.0,996.0,45.00001609038752,0.0,0.0,0.0
6726,25,1.1283791670955126,2928.0,997.0,45.00001609038752,0.0,0.0,0.0
6727,25,1.1283791670955126,2938.0,997.0,45.00001609038752,0.0,0.0,0.0
6728,25,1.1283791670955126,3107.0,997.0,45.00001609038752,0.0,0.0,0.0
6729,25,1.1283791670955126,3138.0,997.0,45.00001609038752,0.0,0.0,0.0
6730,25,1.1283791670955126,2929.0,998.0,45.00001609038752,0.0,0.0,0.0
6731,25,1.1283791670955126,2931.0,998.0,45.00001609038752,0.0,0.0,0.0
6732,400,4.51351666838205,3134.8125,1002.0,-27.51219460502182,10.53170662747772,1.876340990529677,16.414213562373096
6733,275,3.742410318509555,7986.0,1000.7272727272727,19.52924708608009,6.755367456166083,2.0208955432270623,11.207106781186548
6734,25,1.1283791670955126,2930.0,999.0,45.00001609038752,0.0,0.0,0.0
6735,25,1.1283791670955126,7879.0,999.0,45.00001609038752,0.0,0.0,0.0
6736,125,2.5231325220201604,4099.6,1001.8,18.43495541459913,3.098386676965933,1.7888543819998317,5.207106781186548
6737,125,2.5231325220201604,5819.6,1002.2,-18.43495541459913,3.098386676965933,1.7888543819998317,5.207106781186548
6738,50,1.5957691216057308,7869.5,1001.0,90.00003218077504,2.0,0.0,0.0
6739,200,3.1915382432114616,3005.5,1003.5,0.0,4.47213595499958,2.0,8.0
6740,75,1.9544100476116797,3121.3333333333335,1002.3333333333334,45.00001609038752,2.3094010767585034,1.3333333333333333,3.414213562373095
6741,50,1.5957691216057308,3126.0,1002.5,0.0,2.0,0.0,0.0
6742,500,5.046265044040321,3119.0,1005.1,68.45171890083525,7.500301612605709,4.33422146641634,15.86396103067893
6743,150,2.763953195770684,3124.5,1004.5,18.43495541459913,3.9999999999999996,1.632993161855452,6.414213562373095
6744,25,1.1283791670955126,2918.0,1005.0,45.00001609038752,0.0,0.0,0.0
6745,50,1.5957691216057308,7944.5,1007.0,90.00003218077504,2.0,0.0,0.0
6746,25,1.1283791670955126,3009.0,1008.0,45.00001609038752,0.0,0.0,0.0
6747,75,1.9544100476116797,3114.0,1008.0,90.00003218077504,3.265986323710904,0.0,1.0
6748,225,3.385137501286538,3118.4444444444443,1009.7777777777778,30.092929391250042,6.7047328114763545,2.1045840387342807,9.207106781186548
6749,75,1.9544100476116797,3123.3333333333335,1008.3333333333334,45.00001609038752,2.3094010767585034,1.3333333333333333,3.414213562373095
6750,75,1.9544100476116797,3132.0,1009.0,0.0,3.265986323710904,0.0,1.0
6751,1925,9.901487006738307,3113.155844155844,1015.4155844155844,7.301480769991779,12.373857345191352,8.600549733384579,39.17766952966369
6752,50,1.5957691216057308,7897.0,1009.5,0.0,2.0,0.0,0.0
6753,150,2.763953195770684,8705.333333333334,1011.1666666666666,14.655008775562198,5.545131758410893,1.3022896092295921,5.207106781186548
6754,25,1.1283791670955126,3116.0,1010.0,45.00001609038752,0.0,0.0,0.0
6755,50,1.5957691216057308,4100.0,1010.5,0.0,2.0,0.0,0.0
6756,2550,11.396070970426017,7887.078431372549,1025.4117647058824,3.1690698851710737,36.33275131793801,7.11408119829542,77.2842712474619
6757,4825,15.67594437773643,7895.673575129534,1038.9948186528497,7.490441177078715,62.313076691788154,5.940731518108546,151.94112549695427
6758,50,1.5957691216057308,3122.5,1011.0,90.00003218077504,2.0,0.0,0.0
6759,50,1.5957691216057308,7864.5,1012.0,90.00003218077504,2.0,0.0,0.0
6760,50,1.5957691216057308,8979.0,1012.5,0.0,2.0,0.0,0.0
6761,75,1.9544100476116797,4100.0,1014.0,0.0,3.265986323710904,0.0,1.0
6762,25,1.1283791670955126,3131.0,1014.0,45.00001609038752,0.0,0.0,0.0
6763,50,1.5957691216057308,5834.5,1014.0,90.00003218077504,2.0,0.0,0.0
6764,50,1.5957691216057308,8980.0,1014.5,0.0,2.0,0.0,0.0
6765,300,3.9088200952233594,7926.083333333333,1017.1666666666666,9.416879823467008,4.894994431930091,2.9693109114997,10.242640687119284
6766,25,1.1283791670955126,3063.0,1016.0,45.00001609038752,0.0,0.0,0.0
6767,25,1.1283791670955126,3058.0,1017.0,45.00001609038752,0.0,0.0,0.0
6768,5575,16.85029431422316,7874.713004484305,1030.3139013452915,5.245020517617032,24.2612289229552,21.70482113078268,161.33199846221441
6769,2275,10.764051215546116,7921.6373626373625,1022.967032967033,56.89056083415564,18.475418104057606,8.371135198169378,48.21320343559643
6770,25,1.1283791670955126,3060.0,1018.0,45.00001609038752,0.0,0.0,0.0
6771,50,1.5957691216057308,5611.0,1018.5,0.0,2.0,0.0,0.0
6772,25,1.1283791670955126,5830.0,1018.0,45.00001609038752,0.0,0.0,0.0
6773,25,1.1283791670955126,7896.0,1018.0,45.00001609038752,0.0,0.0,0.0
6774,3250,12.865501965161373,3056.4076923076923,1025.3615384615384,5.793460699939706,16.27393579999548,12.089751465629986,60.49137802864845
6775,25,1.1283791670955126,5831.0,1019.0,45.00001609038752,0.0,0.0,0.0
6776,25,1.1283791670955126,2914.0,1020.0,45.00001609038752,0.0,0.0,0.0
6777,150,2.763953195770684,5612.5,1022.0,17.608802780371004,5.404236119112784,1.208676398190789,4.0
6778,25,1.1283791670955126,5822.0,1020.0,45.00001609038752,0.0,0.0,0.0
6779,200,3.1915382432114616,5826.875,1021.125,-74.32148396268504,6.362913006049331,1.7358969086464402,8.207106781186548
6780,66700,58.28381512352648,2992.706146926537,1057.2466266866568,-51.85822816037192,85.06293259414426,41.01865935168185,233.45689014324222
6781,25,1.1283791670955126,3044.0,1022.0,45.00001609038752,0.0,0.0,0.0
6782,25,1.1283791670955126,3111.0,1022.0,45.00001609038752,0.0,0.0,0.0
6783,100,2.256758334191025,3111.75,1025.0,0.0,2.8284271247461903,1.7320508075688772,4.621320343559642
6784,25,1.1283791670955126,5825.0,1024.0,45.00001609038752,0.0,0.0,0.0
6785,50,1.5957691216057308,5614.0,1025.5,0.0,2.0,0.0,0.0
6786,25,1.1283791670955126,5826.0,1025.0,45.00001609038752,0.0,0.0,0.0
6787,50,1.5957691216057308,3065.5,1026.0,90.00003218077504,2.0,0.0,0.0
6788,25,1.1283791670955126,7878.0,1026.0,45.00001609038752,0.0,0.0,0.0
6789,25,1.1283791670955126,3050.0,1027.0,45.00001609038752,0.0,0.0,0.0
6790,25,1.1283791670955126,7897.0,1027.0,45.00001609038752,0.0,0.0,0.0
6791,25,1.1283791670955126,189.0,1028.0,45.00001609038752,0.0,0.0,0.0
6792,50,1.5957691216057308,3099.5,1028.0,90.00003218077504,2.0,0.0,0.0
6793,50,1.5957691216057308,5615.0,1028.5,0.0,2.0,0.0,0.0
6794,25,1.1283791670955126,7885.0,1028.0,45.00001609038752,0.0,0.0,0.0
6795,25,1.1283791670955126,289.0,1029.0,45.00001609038752,0.0,0.0,0.0
6796,25,1.1283791670955126,305.0,1029.0,45.00001609038752,0.0,0.0,0.0
6797,800,6.383076486422923,3168.40625,1034.1875,10.882163585353908,10.627888353820948,3.7874614372580857,22.48528137423857
6798,25,1.1283791670955126,7856.0,1029.0,45.00001609038752,0.0,0.0,0.0
6799,25,1.1283791670955126,7879.0,1029.0,45.00001609038752,0.0,0.0,0.0
6800,50,1.5957691216057308,3043.5,1030.0,90.00003218077504,2.0,0.0,0.0
6801,25,1.1283791670955126,5816.0,1031.0,45.00001609038752,0.0,0.0,0.0
6802,475,4.918490759365935,7923.526315789473,1035.7894736842106,2.7345484628321617,11.369294356989641,1.9243530714998989,18.207106781186546
6803,100,2.256758334191025,3052.0,1032.5,58.28254642828171,3.23606797749979,1.2360679774997898,4.414213562373095
6804,25,1.1283791670955126,3050.0,1033.0,45.00001609038752,0.0,0.0,0.0
6805,75,1.9544100476116797,7863.333333333333,1033.3333333333333,45.00001609038752,2.3094010767585034,1.3333333333333333,3.414213562373095
6806,25,1.1283791670955126,185.0,1036.0,45.00001609038752,0.0,0.0,0.0
6807,25,1.1283791670955126,3048.0,1036.0,45.00001609038752,0.0,0.0,0.0
6808,100,2.256758334191025,3051.75,1037.0,0.0,2.8284271247461903,1.7320508075688772,4.621320343559642
6809,125,2.5231325220201604,3057.6,1036.6,-69.00641842630537,4.34169545110285,1.2765894445250698,4.207106781186548
6810,25,1.1283791670955126,3061.0,1036.0,45.00001609038752,0.0,0.0,0.0
6811,475,4.918490759365935,181.42105263157896,1040.7368421052631,-38.44349333603934,9.091235275946921,3.4541509244533395,15.278174593052022
6812,50,1.5957691216057308,5823.5,1037.0,90.00003218077504,2.0,0.0,0.0
6813,25,1.1283791670955126,3049.0,1038.0,45.00001609038752,0.0,0.0,0.0
6814,25,1.1283791670955126,5827.0,1039.0,45.00001609038752,0.0,0.0,0.0
6815,675,5.863230142835039,7862.7037037037035,1040.2222222222222,-89.33072178648037,16.504825541911114,2.733133828626037,26.82842712474619
6816,50,1.5957691216057308,3050.5,1040.0,90.00003218077504,2.0,0.0,0.0
6817,25,1.1283791670955126,3055.0,1040.0,45.00001609038752,0.0,0.0,0.0
6818,50,1.5957691216057308,5824.5,1040.0,90.00003218077504,2.0,0.0,0.0
6819,25,1.1283791670955126,169.0,1041.0,45.00001609038752,0.0,0.0,0.0
6820,25,1.1283791670955126,3054.0,1041.0,45.00001609038752,0.0,0.0,0.0
6821,25,1.1283791670955126,168.0,1042.0,45.00001609038752,0.0,0.0,0.0
6822,125,2.5231325220201604,3131.2,1043.8,-45.00001609038752,4.0,1.3856406460551023,5.414213562373095
6823,25,1.1283791670955126,169.0,1044.0,45.00001609038752,0.0,0.0,0.0
6824,25,1.1283791670955126,3129.0,1044.0,45.00001609038752,0.0,0.0,0.0
6825,25,1.1283791670955126,182.0,1045.0,45.00001609038752,0.0,0.0,0.0
6826,25,1.1283791670955126,3128.0,1045.0,45.00001609038752,0.0,0.0,0.0
6827,25,1.1283791670955126,170.0,1046.0,45.00001609038752,0.0,0.0,0.0
6828,3800,13.911592676604096,3129.8486842105262,1056.296052631579,23.26185820963733,21.35008120479047,9.951729168103359,54.526911934581186
6829,25,1.1283791670955126,3133.0,1046.0,45.00001609038752,0.0,0.0,0.0
6830,25,1.1283791670955126,5830.0,1046.0,45.00001609038752,0.0,0.0,0.0
6831,25,1.1283791670955126,171.0,1047.0,45.00001609038752,0.0,0.0,0.0
6832,25,1.1283791670955126,183.0,1047.0,45.00001609038752,0.0,0.0,0.0
6833,50,1.5957691216057308,4101.0,1047.5,0.0,2.0,0.0,0.0
6834,25,1.1283791670955126,172.0,1048.0,45.00001609038752,0.0,0.0,0.0
6835,25,1.1283791670955126,7902.0,1048.0,45.00001609038752,0.0,0.0,0.0
6836,2025,10.155412503859614,7926.098765432099,1051.6049382716049,78.81367789159043,14.256711985514663,8.862130315528237,44.17766952966369
6837,25,1.1283791670955126,173.0,1049.0,45.00001609038752,0.0,0.0,0.0
6838,50,1.5957691216057308,184.0,1049.5,0.0,2.0,0.0,0.0
6839,4937575,501.46647924246025,6509.4825698850145,1368.0093871991817,36.67339639366497,593.8003308952588,452.50719687605454,5998.310242291876
6840,25,1.1283791670955126,174.0,1050.0,45.00001609038752,0.0,0.0,0.0
6841,2025,10.155412503859614,3088.456790123457,1054.148148148148,-79.21498286483389,13.449240916232103,9.027863058344652,39.3492424049175
6842,25,1.1283791670955126,4101.0,1050.0,45.00001609038752,0.0,0.0,0.0
6843,50,1.5957691216057308,7877.5,1050.0,90.00003218077504,2.0,0.0,0.0
6844,25,1.1283791670955126,8980.0,1050.0,45.00001609038752,0.0,0.0,0.0
6845,25,1.1283791670955126,175.0,1051.0,45.00001609038752,0.0,0.0,0.0
6846,100,2.256758334191025,181.5,1051.0,90.00003218077504,4.47213595499958,0.0,2.0
6847,6463050,573.7250505111518,2880.8215277616605,1544.4714337657917,-32.634136260687534,1077.033805748616,394.54471735862575,6250.023012451584
6848,25,1.1283791670955126,3121.0,1051.0,45.00001609038752,0.0,0.0,0.0
6849,150,2.763953195770684,3170.5,1052.5,-18.43495541459913,3.9999999999999996,1.632993161855452,6.414213562373095
6850,50,1.5957691216057308,176.5,1052.0,90.00003218077504,2.0,0.0,0.0
6851,25,1.1283791670955126,3135.0,1053.0,45.00001609038752,0.0,0.0,0.0
6852,25,1.1283791670955126,5627.0,1055.0,45.00001609038752,0.0,0.0,0.0
6853,4424425,474.69370641350923,5676.211428603717,1358.150352870712,-76.74762348579513,536.1629392552159,507.4561885751334,2401.589103967956
6854,25,1.1283791670955126,7937.0,1056.0,45.00001609038752,0.0,0.0,0.0
6855,25,1.1283791670955126,8982.0,1056.0,45.00001609038752,0.0,0.0,0.0
6856,25,1.1283791670955126,4102.0,1058.0,45.00001609038752,0.0,0.0,0.0
6857,25,1.1283791670955126,3123.0,1059.0,45.00001609038752,0.0,0.0,0.0
6858,25,1.1283791670955126,3124.0,1060.0,45.00001609038752,0.0,0.0,0.0
6859,25,1.1283791670955126,4101.0,1060.0,45.00001609038752,0.0,0.0,0.0
6860,6175,17.733870630789692,7862.712550607287,1073.8785425101214,43.21663106893685,24.977171317488096,14.975548681089151,89.29036790187178
6861,3325,13.013103375051497,7895.744360902256,1072.5187969924812,15.115106244924535,22.304941542553426,9.103950626089775,66.62741699796952
6862,25,1.1283791670955126,3110.0,1061.0,45.00001609038752,0.0,0.0,0.0
6863,25,1.1283791670955126,3125.0,1061.0,45.00001609038752,0.0,0.0,0.0
6864,50,1.5957691216057308,4102.0,1061.5,0.0,2.0,0.0,0.0
6865,1025,7.225151993843567,7925.341463414634,1064.4878048780488,-60.47394214239385,8.377636506724675,6.8322015577512705,24.31370849898476
6866,1679875,292.4984294119872,9052.258873428082,1189.8040628022918,61.391713198418245,327.13913520725964,272.12626250031644,1050.288455329568
6867,25,1.1283791670955126,7885.0,1062.0,45.00001609038752,0.0,0.0,0.0
6868,25,1.1283791670955126,7903.0,1063.0,45.00001609038752,0.0,0.0,0.0
6869,25,1.1283791670955126,3111.0,1064.0,45.00001609038752,0.0,0.0,0.0
6870,25,1.1283791670955126,5839.0,1064.0,45.00001609038752,0.0,0.0,0.0
6871,100,2.256758334191025,7852.0,1064.75,90.00003218077504,2.8284271247461903,1.7320508075688772,4.621320343559642
6872,100,2.256758334191025,2882.0,1066.5,0.0,4.47213595499958,0.0,2.0
6873,25,1.1283791670955126,3129.0,1065.0,45.00001609038752,0.0,0.0,0.0
6874,150,2.763953195770684,3139.1666666666665,1066.3333333333333,-26.56506067578838,3.0550504633038935,2.666666666666667,6.414213562373095
6875,25,1.1283791670955126,6321.0,1065.0,45.00001609038752,0.0,0.0,0.0
6876,25,1.1283791670955126,7862.0,1065.0,45.00001609038752,0.0,0.0,0.0
6877,50,1.5957691216057308,3110.0,1066.5,0.0,2.0,0.0,0.0
6878,25,1.1283791670955126,3099.0,1067.0,45.00001609038752,0.0,0.0,0.0
6879,804000,202.35459905493335,3312.3198383084577,1145.3785447761195,75.99044330782259,258.26990052645044,162.76543768708314,753.0081886954629
6880,25,1.1283791670955126,3103.0,1068.0,45.00001609038752,0.0,0.0,0.0
6881,75,1.9544100476116797,3111.6666666666665,1068.6666666666667,45.00001609038752,2.3094010767585034,1.3333333333333333,3.414213562373095
6882,25,1.1283791670955126,3137.0,1068.0,45.00001609038752,0.0,0.0,0.0
6883,25,1.1283791670955126,3141.0,1068.0,45.00001609038752,0.0,0.0,0.0
6884,25,1.1283791670955126,3142.0,1069.0,45.00001609038752,0.0,0.0,0.0
6885,50,1.5957691216057308,4102.0,1069.5,0.0,2.0,0.0,0.0
6886,75,1.9544100476116797,3099.6666666666665,1070.3333333333333,-45.00001609038752,2.3094010767585034,1.3333333333333333,3.414213562373095
6887,125,2.5231325220201604,3139.2,1070.4,71.5650767661759,3.098386676965933,1.7888543819998317,5.207106781186548
6888,50,1.5957691216057308,6491.5,1070.0,90.00003218077504,2.0,0.0,0.0
6889,25,1.1283791670955126,7868.0,1070.0,45.00001609038752,0.0,0.0,0.0
6890,25,1.1283791670955126,7902.0,1070.0,45.00001609038752,0.0,0.0,0.0
6891,5204950,514.864959707661,4191.868365690352,1374.222077061259,14.67222465054746,599.7750532340945,460.3713818674863,2961.501838233914
6892,75,1.9544100476116797,5842.666666666667,1071.3333333333333,-45.00001609038752,2.3094010767585034,1.3333333333333333,3.414213562373095
6893,25,1.1283791670955126,6490.0,1071.0,45.00001609038752,0.0,0.0,0.0
6894,100,2.256758334191025,7925.5,1071.5,45.00001609038752,2.0,2.0,4.0
6895,25,1.1283791670955126,3144.0,1072.0,45.00001609038752,0.0,0.0,0.0
6896,25,1.1283791670955126,6488.0,1072.0,45.00001609038752,0.0,0.0,0.0
6897,25,1.1283791670955126,3145.0,1073.0,45.00001609038752,0.0,0.0,0.0
6898,50,1.5957691216057308,6489.0,1073.5,0.0,2.0,0.0,0.0
6899,25,1.1283791670955126,7905.0,1073.0,45.00001609038752,0.0,0.0,0.0
6900,25,1.1283791670955126,3146.0,1074.0,45.00001609038752,0.0,0.0,0.0
6901,25,1.1283791670955126,6852.0,1074.0,45.00001609038752,0.0,0.0,0.0
6902,300,3.9088200952233594,7903.166666666667,1076.0,38.2320854858518,5.7839389943762045,2.96112680099259,10.621320343559642
6903,25,1.1283791670955126,7906.0,1074.0,45.00001609038752,0.0,0.0,0.0
6904,25,1.1283791670955126,3147.0,1075.0,45.00001609038752,0.0,0.0,0.0
6905,25,1.1283791670955126,6490.0,1075.0,45.00001609038752,0.0,0.0,0.0
6906,25,1.1283791670955126,7945.0,1075.0,45.00001609038752,0.0,0.0,0.0
6907,25,1.1283791670955126,3149.0,1076.0,45.00001609038752,0.0,0.0,0.0
6908,100,2.256758334191025,3193.25,1077.0,0.0,2.8284271247461903,1.7320508075688772,4.621320343559642
6909,25,1.1283791670955126,7907.0,1076.0,45.00001609038752,0.0,0.0,0.0
6910,25,1.1283791670955126,7944.0,1076.0,45.00001609038752,0.0,0.0,0.0
6911,25,1.1283791670955126,3103.0,1077.0,45.00001609038752,0.0,0.0,0.0
6912,25,1.1283791670955126,3150.0,1077.0,45.00001609038752,0.0,0.0,0.0
6913,25,1.1283791670955126,6491.0,1077.0,45.00001609038752,0.0,0.0,0.0
6914,25,1.1283791670955126,6494.0,1077.0,45.00001609038752,0.0,0.0,0.0
6915,25,1.1283791670955126,6852.0,1077.0,45.00001609038752,0.0,0.0,0.0
6916,25,1.1283791670955126,7874.0,1077.0,45.00001609038752,0.0,0.0,0.0
6917,25,1.1283791670955126,413.0,1078.0,45.00001609038752,0.0,0.0,0.0
6918,25,1.1283791670955126,3151.0,1078.0,45.00001609038752,0.0,0.0,0.0
6919,25,1.1283791670955126,7908.0,1078.0,45.00001609038752,0.0,0.0,0.0
6920,25,1.1283791670955126,7943.0,1078.0,45.00001609038752,0.0,0.0,0.0
6921,25,1.1283791670955126,3099.0,1079.0,45.00001609038752,0.0,0.0,0.0
6922,25,1.1283791670955126,3152.0,1079.0,45.00001609038752,0.0,0.0,0.0
6923,50,1.5957691216057308,7906.0,1079.5,0.0,2.0,0.0,0.0
6924,25,1.1283791670955126,7909.0,1079.0,45.00001609038752,0.0,0.0,0.0
6925,75,1.9544100476116797,3097.6666666666665,1080.3333333333333,-45.00001609038752,2.3094010767585034,1.3333333333333333,3.414213562373095
6926,25,1.1283791670955126,3153.0,1080.0,45.00001609038752,0.0,0.0,0.0
6927,125,2.5231325220201604,4054.8,1080.4,-71.5650767661759,3.098386676965933,1.7888543819998317,5.207106781186548
6928,50,1.5957691216057308,6361.0,1080.5,0.0,2.0,0.0,0.0
6929,25,1.1283791670955126,3154.0,1081.0,45.00001609038752,0.0,0.0,0.0
6930,25,1.1283791670955126,3191.0,1081.0,45.00001609038752,0.0,0.0,0.0
6931,250,3.5682482323055424,7908.7,1083.8,36.74531859309349,8.205772734866159,1.6078848913175166,10.414213562373096
6932,25,1.1283791670955126,7910.0,1081.0,45.00001609038752,0.0,0.0,0.0
6933,25,1.1283791670955126,7941.0,1081.0,45.00001609038752,0.0,0.0,0.0
6934,25,1.1283791670955126,3155.0,1082.0,45.00001609038752,0.0,0.0,0.0
6935,25,1.1283791670955126,3190.0,1082.0,45.00001609038752,0.0,0.0,0.0
6936,3875,14.048207338801282,7910.432258064516,1093.4645161290323,53.70962871797804,21.29501068766631,11.591010795378791,58.4558441227157
6937,50,1.5957691216057308,7911.0,1082.5,0.0,2.0,0.0,0.0
6938,50,1.5957691216057308,3157.5,1083.0,90.00003218077504,2.0,0.0,0.0
6939,25,1.1283791670955126,3189.0,1083.0,45.00001609038752,0.0,0.0,0.0
6940,25,1.1283791670955126,7940.0,1083.0,45.00001609038752,0.0,0.0,0.0
6941,100,2.256758334191025,3098.25,1084.75,-18.43495541459913,3.4641016151377544,1.4142135623730951,3.2071067811865475
6942,25,1.1283791670955126,3159.0,1084.0,45.00001609038752,0.0,0.0,0.0
6943,25,1.1283791670955126,3188.0,1084.0,45.00001609038752,0.0,0.0,0.0
6944,25,1.1283791670955126,6468.0,1084.0,45.00001609038752,0.0,0.0,0.0
6945,3275,12.914889870235298,6484.167938931298,1091.0,44.11513107025247,23.55771493019748,15.227623630655183,84.2842712474619
6946,25,1.1283791670955126,6487.0,1084.0,45.00001609038752,0.0,0.0,0.0
6947,25,1.1283791670955126,7912.0,1084.0,45.00001609038752,0.0,0.0,0.0
6948,25,1.1283791670955126,7939.0,1084.0,45.00001609038752,0.0,0.0,0.0
6949,25,1.1283791670955126,3160.0,1085.0,45.00001609038752,0.0,0.0,0.0
6950,25,1.1283791670955126,7913.0,1085.0,45.00001609038752,0.0,0.0,0.0
6951,25,1.1283791670955126,3162.0,1086.0,45.00001609038752,0.0,0.0,0.0
6952,25,1.1283791670955126,3187.0,1086.0,45.00001609038752,0.0,0.0,0.0
6953,25,1.1283791670955126,6469.0,1086.0,45.00001609038752,0.0,0.0,0.0
6954,25,1.1283791670955126,7914.0,1086.0,45.00001609038752,0.0,0.0,0.0
6955,25,1.1283791670955126,3164.0,1087.0,45.00001609038752,0.0,0.0,0.0
6956,50,1.5957691216057308,3185.5,1087.0,90.00003218077504,2.0,0.0,0.0
6957,25,1.1283791670955126,7915.0,1087.0,45.00001609038752,0.0,0.0,0.0
6958,125,2.5231325220201604,3142.8,1089.2,-45.00001609038752,4.0,1.3856406460551023,5.414213562373095
6959,25,1.1283791670955126,3184.0,1088.0,45.00001609038752,0.0,0.0,0.0
6960,25,1.1283791670955126,6319.0,1088.0,45.00001609038752,0.0,0.0,0.0
6961,25,1.1283791670955126,6477.0,1088.0,45.00001609038752,0.0,0.0,0.0
6962,75,1.9544100476116797,6481.666666666667,1088.6666666666667,45.00001609038752,2.3094010767585034,1.3333333333333333,3.414213562373095
6963,25,1.1283791670955126,7916.0,1088.0,45.00001609038752,0.0,0.0,0.0
6964,25,1.1283791670955126,3181.0,1089.0,45.00001609038752,0.0,0.0,0.0
6965,25,1.1283791670955126,4054.0,1089.0,45.00001609038752,0.0,0.0,0.0
6966,75,1.9544100476116797,6317.333333333333,1089.6666666666667,-45.00001609038752,2.3094010767585034,1.3333333333333333,3.414213562373095
6967,25,1.1283791670955126,6494.0,1089.0,45.00001609038752,0.0,0.0,0.0
6968,50,1.5957691216057308,7917.5,1089.0,90.00003218077504,2.0,0.0,0.0
6969,25,1.1283791670955126,7935.0,1089.0,45.00001609038752,0.0,0.0,0.0
6970,25,1.1283791670955126,3179.0,1090.0,45.00001609038752,0.0,0.0,0.0
6971,25,1.1283791670955126,7919.0,1090.0,45.00001609038752,0.0,0.0,0.0
6972,25,1.1283791670955126,7933.0,1090.0,45.00001609038752,0.0,0.0,0.0
6973,25,1.1283791670955126,3173.0,1091.0,45.00001609038752,0.0,0.0,0.0
6974,150,2.763953195770684,3175.5,1091.5,-71.5650767661759,3.9999999999999996,1.632993161855452,6.414213562373095
6975,25,1.1283791670955126,6493.0,1091.0,45.00001609038752,0.0,0.0,0.0
6976,25,1.1283791670955126,7921.0,1091.0,45.00001609038752,0.0,0.0,0.0
6977,125,2.5231325220201604,3138.8,1092.4,-71.5650767661759,3.098386676965933,1.7888543819998317,5.207106781186548
6978,125,2.5231325220201604,3142.8,1092.8,45.00001609038752,4.0,1.3856406460551023,5.414213562373095
6979,25,1.1283791670955126,6316.0,1092.0,45.00001609038752,0.0,0.0,0.0
6980,100,2.256758334191025,6331.5,1092.5,45.00001609038752,2.0,2.0,4.0
6981,250,3.5682482323055424,7924.0,1093.5,36.323000669668176,5.282539336881088,3.807200829258146,8.414213562373096
6982,75,1.9544100476116797,4052.6666666666665,1093.3333333333333,-45.00001609038752,2.3094010767585034,1.3333333333333333,3.414213562373095
6983,75,1.9544100476116797,6314.333333333333,1093.3333333333333,45.00001609038752,2.3094010767585034,1.3333333333333333,3.414213562373095
6984,150,2.763953195770684,6479.666666666667,1096.5,0.0,3.8297084310253524,1.8856180831641272,6.414213562373095
6985,25,1.1283791670955126,3105.0,1096.0,45.00001609038752,0.0,0.0,0.0
6986,50,1.5957691216057308,6317.5,1096.0,90.00003218077504,2.0,0.0,0.0
6987,25,1.1283791670955126,6467.0,1096.0,45.00001609038752,0.0,0.0,0.0
6988,25,1.1283791670955126,3104.0,1097.0,45.00001609038752,0.0,0.0,0.0
6989,25,1.1283791670955126,3106.0,1098.0,45.00001609038752,0.0,0.0,0.0
6990,25,1.1283791670955126,4480.0,1098.0,45.00001609038752,0.0,0.0,0.0
6991,25,1.1283791670955126,7922.0,1098.0,45.00001609038752,0.0,0.0,0.0
6992,50,1.5957691216057308,3105.0,1099.5,0.0,2.0,0.0,0.0
6993,50,1.5957691216057308,3127.0,1099.5,0.0,2.0,0.0,0.0
6994,50,1.5957691216057308,3142.0,1099.5,0.0,2.0,0.0,0.0
6995,25,1.1283791670955126,6489.0,1099.0,45.00001609038752,0.0,0.0,0.0
6996,25,1.1283791670955126,6464.0,1100.0,45.00001609038752,0.0,0.0,0.0
6997,100,2.256758334191025,6476.25,1100.25,71.5650767661759,3.4641016151377544,1.4142135623730951,3.2071067811865475
6998,25,1.1283791670955126,7923.0,1100.0,45.00001609038752,0.0,0.0,0.0
6999,25,1.1283791670955126,3126.0,1101.0,45.00001609038752,0.0,0.0,0.0
7000,25,1.1283791670955126,3145.0,1101.0,45.00001609038752,0.0,0.0,0.0
7001,25,1.1283791670955126,6488.0,1101.0,45.00001609038752,0.0,0.0,0.0
7002,50,1.5957691216057308,7922.0,1101.5,0.0,2.0,0.0,0.0
7003,25,1.1283791670955126,6478.0,1102.0,45.00001609038752,0.0,0.0,0.0
7004,75,1.9544100476116797,6486.333333333333,1102.6666666666667,-45.00001609038752,2.3094010767585034,1.3333333333333333,3.414213562373095
7005,50,1.5957691216057308,6479.5,1103.0,90.00003218077504,2.0,0.0,0.0
7006,150,2.763953195770684,6482.5,1104.8333333333333,-59.03626457717171,4.320493798938573,1.885618083164126,6.621320343559642
7007,50,1.5957691216057308,6351.0,1105.5,0.0,2.0,0.0,0.0
7008,25,1.1283791670955126,6371.0,1105.0,45.00001609038752,0.0,0.0,0.0
7009,25,1.1283791670955126,6326.0,1106.0,45.00001609038752,0.0,0.0,0.0
7010,25,1.1283791670955126,6487.0,1106.0,45.00001609038752,0.0,0.0,0.0
7011,25,1.1283791670955126,6353.0,1107.0,45.00001609038752,0.0,0.0,0.0
7012,25,1.1283791670955126,3143.0,1109.0,45.00001609038752,0.0,0.0,0.0
7013,50,1.5957691216057308,6486.0,1109.5,0.0,2.0,0.0,0.0
7014,25,1.1283791670955126,3144.0,1110.0,45.00001609038752,0.0,0.0,0.0
7015,25,1.1283791670955126,6350.0,1110.0,45.00001609038752,0.0,0.0,0.0
7016,25,1.1283791670955126,6485.0,1111.0,45.00001609038752,0.0,0.0,0.0
7017,3950,14.183506197980657,4476.930379746836,1121.740506329114,16.453977984081135,22.06386061204728,10.464199262458559,71.31980515339464
7018,25,1.1283791670955126,6481.0,1112.0,45.00001609038752,0.0,0.0,0.0
7019,25,1.1283791670955126,3154.0,1113.0,45.00001609038752,0.0,0.0,0.0
7020,25,1.1283791670955126,3153.0,1114.0,45.00001609038752,0.0,0.0,0.0
7021,75,1.9544100476116797,6483.333333333333,1115.3333333333333,45.00001609038752,2.3094010767585034,1.3333333333333333,3.414213562373095
7022,50,1.5957691216057308,3140.0,1116.5,0.0,2.0,0.0,0.0
7023,25,1.1283791670955126,4482.0,1116.0,45.00001609038752,0.0,0.0,0.0
7024,50,1.5957691216057308,3154.5,1117.0,90.00003218077504,2.0,0.0,0.0
7025,275,3.742410318509555,6344.818181818182,1119.2727272727273,16.898288609605657,6.657769815411071,2.20548945352938,11.207106781186548
7026,25,1.1283791670955126,6359.0,1117.0,45.00001609038752,0.0,0.0,0.0
7027,25,1.1283791670955126,3156.0,1118.0,45.00001609038752,0.0,0.0,0.0
7028,25,1.1283791670955126,3850.0,1118.0,45.00001609038752,0.0,0.0,0.0
7029,25,1.1283791670955126,8552.0,1119.0,45.00001609038752,0.0,0.0,0.0
7030,25,1.1283791670955126,7898.0,1120.0,45.00001609038752,0.0,0.0,0.0
7031,25,1.1283791670955126,7916.0,1121.0,45.00001609038752,0.0,0.0,0.0
7032,25,1.1283791670955126,6324.0,1123.0,45.00001609038752,0.0,0.0,0.0
7033,225,3.385137501286538,8553.666666666666,1124.6666666666667,-45.00001609038752,4.8074017006186525,2.309401076758503,6.242640687119286
7034,75,1.9544100476116797,6373.0,1125.0,0.0,3.265986323710904,0.0,1.0
7035,25,1.1283791670955126,4483.0,1125.0,45.00001609038752,0.0,0.0,0.0
7036,75,1.9544100476116797,5603.0,1127.0,0.0,3.265986323710904,0.0,1.0
7037,75,1.9544100476116797,6346.666666666667,1126.6666666666667,45.00001609038752,2.3094010767585034,1.3333333333333333,3.414213562373095
7038,25,1.1283791670955126,6581.0,1126.0,45.00001609038752,0.0,0.0,0.0
7039,150,2.763953195770684,6585.833333333333,1127.0,36.86991082919826,3.8297084310253524,1.8856180831641265,6.207106781186548
7040,75,1.9544100476116797,6659.333333333333,1126.6666666666667,-45.00001609038752,2.3094010767585034,1.3333333333333333,3.414213562373095
7041,25,1.1283791670955126,6661.0,1126.0,45.00001609038752,0.0,0.0,0.0
7042,25,1.1283791670955126,7904.0,1126.0,45.00001609038752,0.0,0.0,0.0
7043,25,1.1283791670955126,4483.0,1127.0,45.00001609038752,0.0,0.0,0.0
7044,25,1.1283791670955126,6317.0,1127.0,45.00001609038752,0.0,0.0,0.0
7045,25,1.1283791670955126,6368.0,1127.0,45.00001609038752,0.0,0.0,0.0
7046,25,1.1283791670955126,6662.0,1127.0,45.00001609038752,0.0,0.0,0.0
7047,25,1.1283791670955126,8556.0,1127.0,45.00001609038752,0.0,0.0,0.0
7048,50,1.5957691216057308,8890.0,1127.5,0.0,2.0,0.0,0.0
7049,25,1.1283791670955126,4484.0,1128.0,45.00001609038752,0.0,0.0,0.0
7050,25,1.1283791670955126,6319.0,1128.0,45.00001609038752,0.0,0.0,0.0
7051,25,1.1283791670955126,6658.0,1128.0,45.00001609038752,0.0,0.0,0.0
7052,75,1.9544100476116797,4487.333333333333,1129.3333333333333,45.00001609038752,2.3094010767585034,1.3333333333333333,3.414213562373095
7053,50,1.5957691216057308,5602.0,1129.5,0.0,2.0,0.0,0.0
7054,25,1.1283791670955126,6657.0,1129.0,45.00001609038752,0.0,0.0,0.0
7055,25,1.1283791670955126,6661.0,1129.0,45.00001609038752,0.0,0.0,0.0
7056,25,1.1283791670955126,8889.0,1129.0,45.00001609038752,0.0,0.0,0.0
7057,25,1.1283791670955126,6327.0,1130.0,45.00001609038752,0.0,0.0,0.0
7058,25,1.1283791670955126,6345.0,1130.0,45.00001609038752,0.0,0.0,0.0
7059,25,1.1283791670955126,6348.0,1130.0,45.00001609038752,0.0,0.0,0.0
7060,25,1.1283791670955126,6660.0,1130.0,45.00001609038752,0.0,0.0,0.0
7061,25,1.1283791670955126,7909.0,1130.0,45.00001609038752,0.0,0.0,0.0
7062,50,1.5957691216057308,4485.0,1131.5,0.0,2.0,0.0,0.0
7063,625,5.641895835477563,6285.72,1138.84,1.0658603839085854,20.295119040587945,1.7561728640326388,24.414213562373096
7064,25,1.1283791670955126,6318.0,1132.0,45.00001609038752,0.0,0.0,0.0
7065,25,1.1283791670955126,6322.0,1132.0,45.00001609038752,0.0,0.0,0.0
7066,75,1.9544100476116797,6346.666666666667,1132.3333333333333,-45.00001609038752,2.3094010767585034,1.3333333333333333,3.414213562373095
7067,25,1.1283791670955126,6361.0,1132.0,45.00001609038752,0.0,0.0,0.0
7068,25,1.1283791670955126,7912.0,1132.0,45.00001609038752,0.0,0.0,0.0
7069,25,1.1283791670955126,6320.0,1134.0,45.00001609038752,0.0,0.0,0.0
7070,25,1.1283791670955126,6346.0,1134.0,45.00001609038752,0.0,0.0,0.0
7071,25,1.1283791670955126,6578.0,1134.0,45.00001609038752,0.0,0.0,0.0
7072,50,1.5957691216057308,6321.5,1135.0,90.00003218077504,2.0,0.0,0.0
7073,25,1.1283791670955126,6468.0,1135.0,45.00001609038752,0.0,0.0,0.0
7074,25,1.1283791670955126,204.0,1136.0,45.00001609038752,0.0,0.0,0.0
7075,25,1.1283791670955126,6326.0,1136.0,45.00001609038752,0.0,0.0,0.0
7076,225,3.385137501286538,6321.111111111111,1138.5555555555557,-26.565060675788388,4.618802153517006,2.3517789431685254,7.621320343559642
7077,25,1.1283791670955126,7904.0,1139.0,45.00001609038752,0.0,0.0,0.0
7078,50,1.5957691216057308,10017.0,1139.5,0.0,2.0,0.0,0.0
7079,25,1.1283791670955126,6486.0,1140.0,45.00001609038752,0.0,0.0,0.0
7080,100,2.256758334191025,10002.5,1141.5,45.00001609038752,2.0,2.0,4.0
7081,75,1.9544100476116797,10001.333333333334,1143.6666666666667,-45.00001609038752,2.3094010767585034,1.3333333333333333,3.414213562373095
7082,75,1.9544100476116797,10020.0,1144.0,0.0,3.265986323710904,0.0,1.0
7083,900,6.770275002573076,11456.611111111111,1151.3333333333333,-6.607885417824976,16.462754200825614,3.0372088672736175,27.242640687119284
7084,25,1.1283791670955126,6319.0,1146.0,45.00001609038752,0.0,0.0,0.0
7085,25,1.1283791670955126,7915.0,1147.0,45.00001609038752,0.0,0.0,0.0
7086,25,1.1283791670955126,8564.0,1147.0,45.00001609038752,0.0,0.0,0.0
7087,25,1.1283791670955126,6315.0,1148.0,45.00001609038752,0.0,0.0,0.0
7088,25,1.1283791670955126,7914.0,1148.0,45.00001609038752,0.0,0.0,0.0
7089,25,1.1283791670955126,10021.0,1149.0,45.00001609038752,0.0,0.0,0.0
7090,400,4.51351666838205,2946.375,1156.125,-1.1090473852295917,12.157435464899248,2.3867892485114908,15.414213562373096
7091,125,2.5231325220201604,6286.0,1154.0,0.0,5.656854249492381,0.0,3.0
7092,25,1.1283791670955126,3140.0,1153.0,45.00001609038752,0.0,0.0,0.0
7093,25,1.1283791670955126,6671.0,1154.0,45.00001609038752,0.0,0.0,0.0
7094,25,1.1283791670955126,6311.0,1155.0,45.00001609038752,0.0,0.0,0.0
7095,1425,8.51907589177983,6674.456140350877,1166.2105263157894,10.203239921098769,25.27170678782337,3.834863649831624,42.48528137423857
7096,4765375,492.6444517293309,4574.200802665058,1530.3003908401752,11.831059510527167,758.3736183171549,327.5791946459784,3057.207465718685
7097,25,1.1283791670955126,2948.0,1162.0,45.00001609038752,0.0,0.0,0.0
7098,825,6.4820448144285745,4476.30303030303,1167.6363636363637,-40.7441619994348,9.325396065248558,5.080913724682796,23.520815280171306
7099,25,1.1283791670955126,6304.0,1164.0,45.00001609038752,0.0,0.0,0.0
7100,50,1.5957691216057308,6322.0,1164.5,0.0,2.0,0.0,0.0
7101,3430525,417.98947781984145,8928.150734945817,1435.837561306214,34.69113343541757,519.0186219766458,356.7701501585409,1855.0195154525054
7102,25,1.1283791670955126,7322.0,1166.0,45.00001609038752,0.0,0.0,0.0
7103,25,1.1283791670955126,6327.0,1167.0,45.00001609038752,0.0,0.0,0.0
7104,475,4.918490759365935,3137.5263157894738,1173.7894736842106,2.7345484628321617,11.369294356989641,1.9243530714998989,18.207106781186546
7105,25,1.1283791670955126,6304.0,1170.0,45.00001609038752,0.0,0.0,0.0
7106,25,1.1283791670955126,8574.0,1170.0,45.00001609038752,0.0,0.0,0.0
7107,25,1.1283791670955126,6300.0,1171.0,45.00001609038752,0.0,0.0,0.0
7108,25,1.1283791670955126,6327.0,1171.0,45.00001609038752,0.0,0.0,0.0
7109,25,1.1283791670955126,6302.0,1172.0,45.00001609038752,0.0,0.0,0.0
7110,25,1.1283791670955126,7305.0,1172.0,45.00001609038752,0.0,0.0,0.0
7111,75,1.9544100476116797,6671.333333333333,1173.3333333333333,45.00001609038752,2.3094010767585034,1.3333333333333333,3.414213562373095
7112,25,1.1283791670955126,6673.0,1174.0,45.00001609038752,0.0,0.0,0.0
7113,25,1.1283791670955126,6670.0,1175.0,45.00001609038752,0.0,0.0,0.0
7114,25,1.1283791670955126,6674.0,1175.0,45.00001609038752,0.0,0.0,0.0
7115,200,3.1915382432114616,3149.25,1177.125,7.796408257348401,4.237378738251683,2.6066494640846076,7.414213562373095
7116,100,2.256758334191025,6645.5,1176.5,45.00001609038752,2.0,2.0,4.0
7117,25,1.1283791670955126,6669.0,1176.0,45.00001609038752,0.0,0.0,0.0
7118,25,1.1283791670955126,11317.0,1177.0,45.00001609038752,0.0,0.0,0.0
7119,50,1.5957691216057308,11318.0,1178.5,0.0,2.0,0.0,0.0
7120,50,1.5957691216057308,6323.0,1179.5,0.0,2.0,0.0,0.0
7121,50,1.5957691216057308,6668.0,1179.5,0.0,2.0,0.0,0.0
7122,25,1.1283791670955126,6676.0,1179.0,45.00001609038752,0.0,0.0,0.0
7123,125,2.5231325220201604,8583.6,1179.8,18.43495541459913,3.098386676965933,1.7888543819998317,5.207106781186548
7124,25,1.1283791670955126,4187.0,1180.0,45.00001609038752,0.0,0.0,0.0
7125,25,1.1283791670955126,6306.0,1180.0,45.00001609038752,0.0,0.0,0.0
7126,75,1.9544100476116797,6637.0,1180.0,90.00003218077504,3.265986323710904,0.0,1.0
7127,100,2.256758334191025,6678.75,1181.0,0.0,2.8284271247461903,1.7320508075688772,4.621320343559642
7128,475,4.918490759365935,6662.526315789473,1186.2105263157894,-29.730102467909347,13.034701443830633,1.865904558504042,18.207106781186546
7129,25,1.1283791670955126,4186.0,1183.0,45.00001609038752,0.0,0.0,0.0
7130,275,3.742410318509555,6307.090909090909,1183.5454545454545,77.85929779192955,6.614859355313337,2.273599688629109,9.207106781186548
7131,75,1.9544100476116797,6653.333333333333,1183.3333333333333,45.00001609038752,2.3094010767585034,1.3333333333333333,3.414213562373095
7132,50,1.5957691216057308,6677.0,1183.5,0.0,2.0,0.0,0.0
7133,25,1.1283791670955126,4191.0,1184.0,45.00001609038752,0.0,0.0,0.0
7134,25,1.1283791670955126,4479.0,1184.0,45.00001609038752,0.0,0.0,0.0
7135,50,1.5957691216057308,6329.0,1184.5,0.0,2.0,0.0,0.0
7136,25,1.1283791670955126,4187.0,1185.0,45.00001609038752,0.0,0.0,0.0
7137,25,1.1283791670955126,4189.0,1185.0,45.00001609038752,0.0,0.0,0.0
7138,25,1.1283791670955126,4171.0,1186.0,45.00001609038752,0.0,0.0,0.0
7139,50,1.5957691216057308,4190.5,1186.0,90.00003218077504,2.0,0.0,0.0
7140,25,1.1283791670955126,8595.0,1186.0,45.00001609038752,0.0,0.0,0.0
7141,102675,72.31317176163215,8611.301680058437,1243.6376917457999,11.174741298237743,96.45334042748682,64.22534349285063,422.5107140124046
7142,1575,8.95623198216277,4189.6349206349205,1190.5238095238096,89.34039473651018,14.853321617988493,6.563422078014856,39.55634918610404
7143,375,4.370193722368317,4481.066666666667,1189.4,12.362215115788082,6.45365354564035,2.8259355032270834,11.621320343559642
7144,25,1.1283791670955126,6659.0,1187.0,45.00001609038752,0.0,0.0,0.0
7145,25,1.1283791670955126,6665.0,1188.0,45.00001609038752,0.0,0.0,0.0
7146,100,2.256758334191025,4180.0,1189.5,58.28254642828171,3.23606797749979,1.2360679774997898,4.414213562373095
7147,50,1.5957691216057308,8582.0,1189.5,0.0,2.0,0.0,0.0
7148,25,1.1283791670955126,6664.0,1190.0,45.00001609038752,0.0,0.0,0.0
7149,50,1.5957691216057308,6663.0,1192.5,0.0,2.0,0.0,0.0
7150,100,2.256758334191025,8582.75,1193.0,0.0,2.8284271247461903,1.7320508075688772,4.621320343559642
7151,50,1.5957691216057308,11450.0,1192.5,0.0,2.0,0.0,0.0
7152,1775,9.507891862878783,6660.281690140845,1207.394366197183,8.692700401483732,31.067916346551257,4.033116162042944,53.27817459305203
7153,50,1.5957691216057308,8458.0,1193.5,0.0,2.0,0.0,0.0
7154,25,1.1283791670955126,8455.0,1194.0,45.00001609038752,0.0,0.0,0.0
7155,1925,9.901487006738307,8574.896103896104,1204.7922077922078,23.08017880349744,25.23643764422469,5.78165150848847,51.248737341529164
7156,725,6.076507779746499,4192.448275862069,1196.896551724138,-82.94551916942429,9.892030885912611,4.2348192448526385,20.485281374238568
7157,2344350,345.53836989254194,11291.63703158658,1351.926301533474,-83.40670468636812,396.3776982840703,317.38973017521283,1291.2590180780453
7158,25,1.1283791670955126,6648.0,1196.0,45.00001609038752,0.0,0.0,0.0
7159,25,1.1283791670955126,5597.0,1197.0,45.00001609038752,0.0,0.0,0.0
7160,250,3.5682482323055424,5574.6,1199.9,42.253852829894576,4.244901238393524,3.108184916681298,9.242640687119284
7161,24125,35.0524772401243,5598.980310880829,1222.5709844559585,28.662086201239024,52.65548944060388,24.719622949371562,161.1959594928933
7162,50,1.5957691216057308,8576.0,1200.5,0.0,2.0,0.0,0.0
7163,25,1.1283791670955126,10028.0,1200.0,45.00001609038752,0.0,0.0,0.0
7164,25,1.1283791670955126,6639.0,1201.0,45.00001609038752,0.0,0.0,0.0
7165,25,1.1283791670955126,6641.0,1201.0,45.00001609038752,0.0,0.0,0.0
7166,25,1.1283791670955126,6663.0,1201.0,45.00001609038752,0.0,0.0,0.0
7167,25,1.1283791670955126,4184.0,1202.0,45.00001609038752,0.0,0.0,0.0
7168,25,1.1283791670955126,4188.0,1202.0,45.00001609038752,0.0,0.0,0.0
7169,20729050,1027.4832589350044,10846.797582378353,2022.324393785533,6.5675941177410255,1549.2344495735501,777.5369417612255,6571.712442014179
7170,200,3.1915382432114616,11333.875,1204.375,27.391213310016514,5.861440866801747,1.772994913976459,7.0
7171,25,1.1283791670955126,6640.0,1204.0,45.00001609038752,0.0,0.0,0.0
7172,350,4.222008245644752,10027.0,1207.0714285714287,13.67674261007039,6.83481177584873,2.63020931675485,12.242640687119284
7173,525,5.170882945826411,6637.047619047619,1208.7619047619048,-17.173734334022253,11.522607456016445,2.5449327982157186,17.035533905932738
7174,25,1.1283791670955126,8436.0,1205.0,45.00001609038752,0.0,0.0,0.0
7175,100,2.256758334191025,8568.0,1205.75,90.00003218077504,2.8284271247461903,1.7320508075688772,4.621320343559642
7176,2525,11.340070282773887,5565.366336633663,1213.3663366336634,6.232632877040056,15.95664816610007,8.30732751546858,40.62741699796952
7177,475,4.918490759365935,5574.894736842105,1209.842105263158,-1.6113559886517541,7.373541895336917,3.8664505007174204,15.449747468305834
7178,25,1.1283791670955126,8564.0,1207.0,45.00001609038752,0.0,0.0,0.0
7179,25,1.1283791670955126,8570.0,1207.0,45.00001609038752,0.0,0.0,0.0
7180,75,1.9544100476116797,11336.0,1208.0,0.0,3.265986323710904,0.0,1.0
7181,25,1.1283791670955126,8563.0,1208.0,45.00001609038752,0.0,0.0,0.0
7182,25,1.1283791670955126,4179.0,1209.0,45.00001609038752,0.0,0.0,0.0
7183,25,1.1283791670955126,4182.0,1209.0,45.00001609038752,0.0,0.0,0.0
7184,25,1.1283791670955126,8562.0,1209.0,45.00001609038752,0.0,0.0,0.0
7185,4811625,495.02934153184606,3284.9972722313146,1470.5709661496896,-48.46948172039269,603.5203314088367,416.74469411721,2311.245958217448
7186,25,1.1283791670955126,8441.0,1210.0,45.00001609038752,0.0,0.0,0.0
7187,25,1.1283791670955126,8561.0,1210.0,45.00001609038752,0.0,0.0,0.0
7188,25,1.1283791670955126,8622.0,1210.0,45.00001609038752,0.0,0.0,0.0
7189,50,1.5957691216057308,11337.0,1210.5,0.0,2.0,0.0,0.0
7190,25,1.1283791670955126,4184.0,1211.0,45.00001609038752,0.0,0.0,0.0
7191,25,1.1283791670955126,5579.0,1211.0,45.00001609038752,0.0,0.0,0.0
7192,25,1.1283791670955126,8574.0,1211.0,45.00001609038752,0.0,0.0,0.0
7193,100,2.256758334191025,6657.5,1212.5,45.00001609038752,2.0,2.0,4.0
7194,25,1.1283791670955126,8560.0,1212.0,45.00001609038752,0.0,0.0,0.0
7195,25,1.1283791670955126,8623.0,1212.0,45.00001609038752,0.0,0.0,0.0
7196,50,1.5957691216057308,8444.0,1213.5,0.0,2.0,0.0,0.0
7197,175,2.985410660720923,5574.428571428572,1216.142857142857,14.678882020035983,5.133805351608394,1.5423153015346875,6.207106781186548
7198,50,1.5957691216057308,8559.0,1214.5,0.0,2.0,0.0,0.0
7199,325,4.068428945128219,5580.538461538462,1216.3076923076924,-57.152295068573835,5.417867508696684,3.167227027357554,11.242640687119284
7200,50,1.5957691216057308,3948.0,1216.5,0.0,2.0,0.0,0.0
7201,75,1.9544100476116797,4183.666666666667,1216.6666666666667,45.00001609038752,2.3094010767585034,1.3333333333333333,3.414213562373095
7202,25,1.1283791670955126,8472.0,1216.0,45.00001609038752,0.0,0.0,0.0
7203,475,4.918490759365935,8472.21052631579,1219.3157894736842,51.830595386209794,7.285480045614868,3.6972561370049437,15.656854249492381
7204,25,1.1283791670955126,8474.0,1217.0,45.00001609038752,0.0,0.0,0.0
7205,4525,15.180789096653193,5574.1988950276245,1228.6132596685084,-23.899308229959082,30.15548961716141,16.867912918944082,99.1543289325507
7206,200,3.1915382432114616,8439.25,1219.375,-19.329911038726113,4.1204045563213505,2.4025541184843804,7.035533905932738
7207,50,1.5957691216057308,8580.0,1218.5,0.0,2.0,0.0,0.0
7208,50,1.5957691216057308,8460.5,1219.0,90.00003218077504,2.0,0.0,0.0
7209,50,1.5957691216057308,8484.0,1219.5,0.0,2.0,0.0,0.0
7210,50,1.5957691216057308,8560.0,1219.5,0.0,2.0,0.0,0.0
7211,25,1.1283791670955126,4183.0,1220.0,45.00001609038752,0.0,0.0,0.0
7212,375,4.370193722368317,6636.666666666667,1222.7333333333333,14.784770953136302,7.57177596483951,3.349525317024761,13.621320343559642
7213,50,1.5957691216057308,8468.5,1220.0,90.00003218077504,2.0,0.0,0.0
7214,25,1.1283791670955126,3237.0,1221.0,45.00001609038752,0.0,0.0,0.0
7215,25,1.1283791670955126,8436.0,1221.0,45.00001609038752,0.0,0.0,0.0
7216,75,1.9544100476116797,8458.0,1221.0,90.00003218077504,3.265986323710904,0.0,1.0
7217,50,1.5957691216057308,8578.0,1221.5,0.0,2.0,0.0,0.0
7218,25,1.1283791670955126,4171.0,1222.0,45.00001609038752,0.0,0.0,0.0
7219,25,1.1283791670955126,8561.0,1222.0,45.00001609038752,0.0,0.0,0.0
7220,125,2.5231325220201604,8438.8,1223.8,45.00001609038752,4.0,1.3856406460551023,5.414213562373095
7221,25,1.1283791670955126,4172.0,1224.0,45.00001609038752,0.0,0.0,0.0
7222,100,2.256758334191025,8442.75,1225.0,0.0,2.8284271247461903,1.7320508075688772,4.621320343559642
7223,25,1.1283791670955126,8562.0,1224.0,45.00001609038752,0.0,0.0,0.0
7224,25,1.1283791670955126,3302.0,1225.0,45.00001609038752,0.0,0.0,0.0
7225,125,2.5231325220201604,5565.8,1225.6,71.5650767661759,3.098386676965933,1.7888543819998317,5.207106781186548
7226,50,1.5957691216057308,8563.0,1225.5,0.0,2.0,0.0,0.0
7227,25,1.1283791670955126,8579.0,1226.0,45.00001609038752,0.0,0.0,0.0
7228,25,1.1283791670955126,4165.0,1227.0,45.00001609038752,0.0,0.0,0.0
7229,25,1.1283791670955126,4170.0,1227.0,45.00001609038752,0.0,0.0,0.0
7230,175,2.985410660720923,5569.285714285715,1228.2857142857142,29.87179209931401,4.634736211286691,1.826347935745029,7.414213562373095
7231,25,1.1283791670955126,6638.0,1227.0,45.00001609038752,0.0,0.0,0.0
7232,25,1.1283791670955126,8454.0,1227.0,45.00001609038752,0.0,0.0,0.0
7233,25,1.1283791670955126,8462.0,1227.0,45.00001609038752,0.0,0.0,0.0
7234,25,1.1283791670955126,8472.0,1227.0,45.00001609038752,0.0,0.0,0.0
7235,25,1.1283791670955126,8564.0,1227.0,45.00001609038752,0.0,0.0,0.0
7236,50,1.5957691216057308,4171.0,1228.5,0.0,2.0,0.0,0.0
7237,25,1.1283791670955126,4179.0,1228.0,45.00001609038752,0.0,0.0,0.0
7238,650,5.753627391751592,8440.0,1231.423076923077,8.281929333198413,7.326223765572829,5.2697468932581915,18.65685424949238
7239,25,1.1283791670955126,6667.0,1229.0,45.00001609038752,0.0,0.0,0.0
7240,25,1.1283791670955126,8459.0,1229.0,45.00001609038752,0.0,0.0,0.0
7241,100,2.256758334191025,8460.75,1230.0,0.0,2.8284271247461903,1.7320508075688772,4.621320343559642
7242,100,2.256758334191025,5587.5,1231.0,31.71748575249332,3.23606797749979,1.2360679774997898,4.414213562373095
7243,25,1.1283791670955126,8566.0,1230.0,45.00001609038752,0.0,0.0,0.0
7244,25,1.1283791670955126,8459.0,1232.0,45.00001609038752,0.0,0.0,0.0
7245,25,1.1283791670955126,7696.0,1233.0,45.00001609038752,0.0,0.0,0.0
7246,5300,16.42944866646031,5573.7830188679245,1257.9716981132076,19.861813252835326,45.56603290743208,11.231221993354398,129.4619407771256
7247,25,1.1283791670955126,5589.0,1234.0,45.00001609038752,0.0,0.0,0.0
7248,25,1.1283791670955126,5590.0,1235.0,45.00001609038752,0.0,0.0,0.0
7249,50,1.5957691216057308,5591.0,1236.5,0.0,2.0,0.0,0.0
7250,75,1.9544100476116797,6288.0,1237.0,0.0,3.265986323710904,0.0,1.0
7251,25,1.1283791670955126,6767.0,1236.0,45.00001609038752,0.0,0.0,0.0
7252,25,1.1283791670955126,8433.0,1236.0,45.00001609038752,0.0,0.0,0.0
7253,25,1.1283791670955126,8572.0,1236.0,45.00001609038752,0.0,0.0,0.0
7254,25,1.1283791670955126,8579.0,1236.0,45.00001609038752,0.0,0.0,0.0
7255,50,1.5957691216057308,6766.0,1237.5,0.0,2.0,0.0,0.0
7256,100,2.256758334191025,8435.25,1237.75,-71.5650767661759,3.4641016151377544,1.4142135623730951,3.2071067811865475
7257,25,1.1283791670955126,7701.0,1238.0,45.00001609038752,0.0,0.0,0.0
7258,75,1.9544100476116797,8577.666666666666,1238.3333333333333,-45.00001609038752,2.3094010767585034,1.3333333333333333,3.414213562373095
7259,3375,13.110581167104948,5590.311111111111,1258.4296296296295,-12.87113505924787,40.858795157490334,7.271294604075678,83.8700576850888
7260,25,1.1283791670955126,8923.0,1239.0,45.00001609038752,0.0,0.0,0.0
7261,200,3.1915382432114616,205.5,1243.0,-10.900708640877319,4.976979969245306,1.7971283720789095,8.414213562373096
7262,25,1.1283791670955126,5594.0,1241.0,45.00001609038752,0.0,0.0,0.0
7263,100,2.256758334191025,8438.5,1241.5,45.00001609038752,2.0,2.0,4.0
7264,25,1.1283791670955126,4180.0,1242.0,45.00001609038752,0.0,0.0,0.0
7265,25,1.1283791670955126,4185.0,1242.0,45.00001609038752,0.0,0.0,0.0
7266,1075,7.399277020331919,5580.53488372093,1252.139534883721,18.72452696011861,24.09307207846214,3.751880732124253,39.31370849898477
7267,25,1.1283791670955126,6667.0,1242.0,45.00001609038752,0.0,0.0,0.0
7268,7996275,638.1590253401471,7472.547826956927,1667.1647392066932,-49.207284000780504,693.1412019532066,654.2927191583436,3924.991303690258
7269,25,1.1283791670955126,8454.0,1242.0,45.00001609038752,0.0,0.0,0.0
7270,25,1.1283791670955126,5576.0,1244.0,45.00001609038752,0.0,0.0,0.0
7271,25,1.1283791670955126,8448.0,1244.0,45.00001609038752,0.0,0.0,0.0
7272,25,1.1283791670955126,8580.0,1244.0,45.00001609038752,0.0,0.0,0.0
7273,225,3.385137501286538,5607.888888888889,1247.4444444444443,-78.69009566272824,4.0,3.2960882164869614,8.449747468305834
7274,4450,15.054455784347004,5604.685393258427,1254.5842696629213,-65.66803451336496,24.03784161951687,12.675357395711117,93.01219330881976
7275,75,1.9544100476116797,3953.0,1248.0,0.0,3.265986323710904,0.0,1.0
7276,25,1.1283791670955126,8435.0,1248.0,45.00001609038752,0.0,0.0,0.0
7277,25,1.1283791670955126,8434.0,1249.0,45.00001609038752,0.0,0.0,0.0
7278,25,1.1283791670955126,8436.0,1253.0,45.00001609038752,0.0,0.0,0.0
7279,250,3.5682482323055424,5576.8,1256.5,0.0,4.09878030638384,2.9933259094191533,8.82842712474619
7280,25,1.1283791670955126,3955.0,1257.0,45.00001609038752,0.0,0.0,0.0
7281,25,1.1283791670955126,8437.0,1257.0,45.00001609038752,0.0,0.0,0.0
7282,25,1.1283791670955126,5614.0,1259.0,45.00001609038752,0.0,0.0,0.0
7283,25,1.1283791670955126,8472.0,1259.0,45.00001609038752,0.0,0.0,0.0
7284,75,1.9544100476116797,144.33333333333334,1261.3333333333333,45.00001609038752,2.3094010767585034,1.3333333333333333,3.414213562373095
7285,15700,28.277100878514442,5603.988853503185,1279.0780254777071,7.472391841395826,37.32187435124347,22.28357954260012,105.0477272147525
7286,50,1.5957691216057308,3956.0,1263.5,0.0,2.0,0.0,0.0
7287,25,1.1283791670955126,8414.0,1263.0,45.00001609038752,0.0,0.0,0.0
7288,25,1.1283791670955126,10890.0,1264.0,45.00001609038752,0.0,0.0,0.0
7289,25,1.1283791670955126,8413.0,1266.0,45.00001609038752,0.0,0.0,0.0
7290,50,1.5957691216057308,6664.0,1267.5,0.0,2.0,0.0,0.0
7291,25,1.1283791670955126,8412.0,1267.0,45.00001609038752,0.0,0.0,0.0
7292,25,1.1283791670955126,6667.0,1269.0,45.00001609038752,0.0,0.0,0.0
7293,450,4.787307364817192,10037.555555555555,1272.8333333333333,7.570766992108019,8.308061924103644,3.1682543238068783,15.242640687119284
7294,25,1.1283791670955126,8434.0,1270.0,45.00001609038752,0.0,0.0,0.0
7295,225,3.385137501286538,8410.444444444445,1272.888888888889,68.74480104166831,4.45681924317785,2.6459326832903023,7.82842712474619
7296,25,1.1283791670955126,6668.0,1273.0,45.00001609038752,0.0,0.0,0.0
7297,25,1.1283791670955126,8423.0,1273.0,45.00001609038752,0.0,0.0,0.0
7298,300,3.9088200952233594,8955.666666666666,1275.75,31.275326157970063,7.057978342131663,2.177268306285644,11.035533905932738
7299,25,1.1283791670955126,10041.0,1274.0,45.00001609038752,0.0,0.0,0.0
7300,50,1.5957691216057308,3958.0,1277.5,0.0,2.0,0.0,0.0
7301,25,1.1283791670955126,8446.0,1277.0,45.00001609038752,0.0,0.0,0.0
7302,25,1.1283791670955126,8587.0,1277.0,45.00001609038752,0.0,0.0,0.0
7303,25,1.1283791670955126,8953.0,1277.0,45.00001609038752,0.0,0.0,0.0
7304,50,1.5957691216057308,3959.0,1280.5,0.0,2.0,0.0,0.0
7305,25,1.1283791670955126,4635.0,1280.0,45.00001609038752,0.0,0.0,0.0
7306,25,1.1283791670955126,6662.0,1280.0,45.00001609038752,0.0,0.0,0.0
7307,25,1.1283791670955126,8466.0,1281.0,45.00001609038752,0.0,0.0,0.0
7308,25,1.1283791670955126,6668.0,1282.0,45.00001609038752,0.0,0.0,0.0
7309,175,2.985410660720923,8466.142857142857,1283.2857142857142,-59.52732333436876,3.5820700954176696,2.4713456540351717,6.207106781186548
7310,50,1.5957691216057308,8460.0,1283.5,0.0,2.0,0.0,0.0
7311,25,1.1283791670955126,8462.0,1284.0,45.00001609038752,0.0,0.0,0.0
7312,25,1.1283791670955126,11101.0,1284.0,45.00001609038752,0.0,0.0,0.0
7313,25,1.1283791670955126,6667.0,1285.0,45.00001609038752,0.0,0.0,0.0
7314,385125,140.05090212720938,1436.0614735475494,1389.4080493346316,-3.45526084974825,177.46828784309633,116.54521238472864,519.723917448001
7315,25,1.1283791670955126,3960.0,1288.0,45.00001609038752,0.0,0.0,0.0
7316,100,2.256758334191025,8466.0,1288.5,-58.28254642828171,3.23606797749979,1.2360679774997898,4.414213562373095
7317,25,1.1283791670955126,8693.0,1288.0,45.00001609038752,0.0,0.0,0.0
7318,25,1.1283791670955126,8693.0,1290.0,45.00001609038752,0.0,0.0,0.0
7319,650,5.753627391751592,131.30769230769232,1294.6923076923076,26.78935457032078,8.298610685371369,5.03331343397099,18.27817459305202
7320,75,1.9544100476116797,8480.666666666666,1291.3333333333333,-45.00001609038752,2.3094010767585034,1.3333333333333333,3.414213562373095
7321,50,1.5957691216057308,3164.0,1293.5,0.0,2.0,0.0,0.0
7322,25,1.1283791670955126,3167.0,1294.0,45.00001609038752,0.0,0.0,0.0
7323,25,1.1283791670955126,3165.0,1295.0,45.00001609038752,0.0,0.0,0.0
7324,25,1.1283791670955126,3169.0,1296.0,45.00001609038752,0.0,0.0,0.0
7325,125,2.5231325220201604,4186.8,1297.0,55.900724731264845,3.335641688875783,2.0575457524521585,5.621320343559642
7326,25,1.1283791670955126,6747.0,1298.0,45.00001609038752,0.0,0.0,0.0
7327,25,1.1283791670955126,3175.0,1299.0,45.00001609038752,0.0,0.0,0.0
7328,25,1.1283791670955126,6750.0,1300.0,45.00001609038752,0.0,0.0,0.0
7329,75,1.9544100476116797,8690.666666666666,1300.6666666666667,45.00001609038752,2.3094010767585034,1.3333333333333333,3.414213562373095
7330,150,2.763953195770684,167.83333333333334,1303.1666666666667,-4.731162795706489,5.39192040212807,1.4276923647012265,5.414213562373095
7331,50,1.5957691216057308,8466.0,1302.5,0.0,2.0,0.0,0.0
7332,25,1.1283791670955126,7724.0,1306.0,45.00001609038752,0.0,0.0,0.0
7333,25,1.1283791670955126,8989.0,1306.0,45.00001609038752,0.0,0.0,0.0
7334,25,1.1283791670955126,6668.0,1307.0,45.00001609038752,0.0,0.0,0.0
7335,50,1.5957691216057308,7723.0,1307.5,0.0,2.0,0.0,0.0
7336,25,1.1283791670955126,8601.0,1307.0,45.00001609038752,0.0,0.0,0.0
7337,25,1.1283791670955126,168.0,1308.0,45.00001609038752,0.0,0.0,0.0
7338,25,1.1283791670955126,3098.0,1308.0,45.00001609038752,0.0,0.0,0.0
7339,50,1.5957691216057308,6661.0,1309.5,0.0,2.0,0.0,0.0
7340,50,1.5957691216057308,7722.0,1309.5,0.0,2.0,0.0,0.0
7341,25,1.1283791670955126,6669.0,1311.0,45.00001609038752,0.0,0.0,0.0
7342,25,1.1283791670955126,1468.0,1314.0,45.00001609038752,0.0,0.0,0.0
7343,25,1.1283791670955126,6670.0,1314.0,45.00001609038752,0.0,0.0,0.0
7344,25,1.1283791670955126,8599.0,1314.0,45.00001609038752,0.0,0.0,0.0
7345,25,1.1283791670955126,8467.0,1315.0,45.00001609038752,0.0,0.0,0.0
7346,225,3.385137501286538,6675.111111111111,1317.3333333333333,-20.300654581286288,3.885753375057407,2.7954428906961324,8.242640687119284
7347,100,2.256758334191025,1939.25,1318.75,-71.5650767661759,3.4641016151377544,1.4142135623730951,3.2071067811865475
7348,177450,95.06552628860888,6791.1837137221755,1405.6489151873768,2.3160020478883037,189.32892401199592,50.60939570469315,446.9360748630709
7349,25,1.1283791670955126,1941.0,1320.0,45.00001609038752,0.0,0.0,0.0
7350,1425,8.51907589177983,1945.4561403508771,1325.280701754386,30.738891558525022,10.742555068962446,8.148236348362165,33.76345596729059
7351,25,1.1283791670955126,3097.0,1320.0,45.00001609038752,0.0,0.0,0.0
7352,50,1.5957691216057308,6287.0,1320.5,0.0,2.0,0.0,0.0
7353,25,1.1283791670955126,1938.0,1325.0,45.00001609038752,0.0,0.0,0.0
7354,175,2.985410660720923,48.57142857142857,1329.2857142857142,8.34962510252249,4.155374705678736,1.9054711331003737,7.207106781186548
7355,25,1.1283791670955126,8484.0,1330.0,45.00001609038752,0.0,0.0,0.0
7356,25,1.1283791670955126,3097.0,1331.0,45.00001609038752,0.0,0.0,0.0
7357,25,1.1283791670955126,5368.0,1331.0,45.00001609038752,0.0,0.0,0.0
7358,25,1.1283791670955126,3098.0,1332.0,45.00001609038752,0.0,0.0,0.0
7359,25,1.1283791670955126,8479.0,1332.0,45.00001609038752,0.0,0.0,0.0
7360,25,1.1283791670955126,8496.0,1332.0,45.00001609038752,0.0,0.0,0.0
7361,25,1.1283791670955126,8477.0,1333.0,45.00001609038752,0.0,0.0,0.0
7362,50,1.5957691216057308,8497.5,1333.0,90.00003218077504,2.0,0.0,0.0
7363,25,1.1283791670955126,8476.0,1334.0,45.00001609038752,0.0,0.0,0.0
7364,25,1.1283791670955126,8499.0,1334.0,45.00001609038752,0.0,0.0,0.0
7365,50,1.5957691216057308,8475.0,1335.5,0.0,2.0,0.0,0.0
7366,25,1.1283791670955126,8500.0,1335.0,45.00001609038752,0.0,0.0,0.0
7367,125,2.5231325220201604,8470.4,1337.4,-20.99361375446966,4.34169545110285,1.2765894445250698,4.207106781186548
7368,100,2.256758334191025,8502.0,1336.5,58.28254642828171,3.23606797749979,1.2360679774997898,4.414213562373095
7369,25,1.1283791670955126,6754.0,1337.0,45.00001609038752,0.0,0.0,0.0
7370,25,1.1283791670955126,8474.0,1337.0,45.00001609038752,0.0,0.0,0.0
7371,25,1.1283791670955126,6753.0,1338.0,45.00001609038752,0.0,0.0,0.0
7372,25,1.1283791670955126,8504.0,1338.0,45.00001609038752,0.0,0.0,0.0
7373,25,1.1283791670955126,10987.0,1338.0,45.00001609038752,0.0,0.0,0.0
7374,25,1.1283791670955126,8505.0,1339.0,45.00001609038752,0.0,0.0,0.0
7375,25,1.1283791670955126,8603.0,1339.0,45.00001609038752,0.0,0.0,0.0
7376,1475250,274.1055737025826,10098.543331638706,1521.4384002711404,-8.007692114981522,335.72655230974493,246.98129861804674,2473.264248180678
7377,400,4.51351666838205,10993.6875,1340.5,84.08092480180119,12.850998793874437,2.0710697718420175,16.82842712474619
7378,25,1.1283791670955126,26.0,1340.0,45.00001609038752,0.0,0.0,0.0
7379,25,1.1283791670955126,6670.0,1340.0,45.00001609038752,0.0,0.0,0.0
7380,25,1.1283791670955126,8506.0,1340.0,45.00001609038752,0.0,0.0,0.0
7381,25,1.1283791670955126,25.0,1341.0,45.00001609038752,0.0,0.0,0.0
7382,25,1.1283791670955126,8472.0,1341.0,45.00001609038752,0.0,0.0,0.0
7383,100,2.256758334191025,8508.0,1341.5,58.28254642828171,3.23606797749979,1.2360679774997898,4.414213562373095
7384,25,1.1283791670955126,8604.0,1341.0,45.00001609038752,0.0,0.0,0.0
7385,25,1.1283791670955126,24.0,1342.0,45.00001609038752,0.0,0.0,0.0
7386,100,2.256758334191025,3096.0,1342.5,-58.28254642828171,3.23606797749979,1.2360679774997898,4.414213562373095
7387,1075,7.399277020331919,8487.139534883721,1348.2790697674418,-14.900789634932336,13.66126805011888,4.889292363585346,30.692388155425117
7388,25,1.1283791670955126,23.0,1343.0,45.00001609038752,0.0,0.0,0.0
7389,25,1.1283791670955126,8510.0,1343.0,45.00001609038752,0.0,0.0,0.0
7390,25,1.1283791670955126,2972.0,1344.0,45.00001609038752,0.0,0.0,0.0
7391,25,1.1283791670955126,3094.0,1344.0,45.00001609038752,0.0,0.0,0.0
7392,25,1.1283791670955126,8609.0,1344.0,45.00001609038752,0.0,0.0,0.0
7393,25,1.1283791670955126,8471.0,1345.0,45.00001609038752,0.0,0.0,0.0
7394,25,1.1283791670955126,8511.0,1345.0,45.00001609038752,0.0,0.0,0.0
7395,25,1.1283791670955126,2971.0,1346.0,45.00001609038752,0.0,0.0,0.0
7396,25,1.1283791670955126,6762.0,1346.0,45.00001609038752,0.0,0.0,0.0
7397,25,1.1283791670955126,8512.0,1346.0,45.00001609038752,0.0,0.0,0.0
7398,25,1.1283791670955126,8608.0,1346.0,45.00001609038752,0.0,0.0,0.0
7399,25,1.1283791670955126,6755.0,1347.0,45.00001609038752,0.0,0.0,0.0
7400,125,2.5231325220201604,8513.8,1348.0,55.900724731264845,3.335641688875783,2.0575457524521585,5.621320343559642
7401,25,1.1283791670955126,6663.0,1348.0,45.00001609038752,0.0,0.0,0.0
7402,25,1.1283791670955126,1973.0,1349.0,45.00001609038752,0.0,0.0,0.0
7403,25,1.1283791670955126,1975.0,1349.0,45.00001609038752,0.0,0.0,0.0
7404,25,1.1283791670955126,6670.0,1349.0,45.00001609038752,0.0,0.0,0.0
7405,25,1.1283791670955126,8609.0,1349.0,45.00001609038752,0.0,0.0,0.0
7406,25,1.1283791670955126,1976.0,1350.0,45.00001609038752,0.0,0.0,0.0
7407,25,1.1283791670955126,1962.0,1351.0,45.00001609038752,0.0,0.0,0.0
7408,25,1.1283791670955126,1978.0,1351.0,45.00001609038752,0.0,0.0,0.0
7409,25,1.1283791670955126,8608.0,1351.0,45.00001609038752,0.0,0.0,0.0
7410,25,1.1283791670955126,1960.0,1352.0,45.00001609038752,0.0,0.0,0.0
7411,25,1.1283791670955126,1979.0,1352.0,45.00001609038752,0.0,0.0,0.0
7412,50,1.5957691216057308,3088.0,1352.5,0.0,2.0,0.0,0.0
7413,75,1.9544100476116797,8592.333333333334,1352.3333333333333,45.00001609038752,2.3094010767585034,1.3333333333333333,3.414213562373095
7414,25,1.1283791670955126,9079.0,1352.0,45.00001609038752,0.0,0.0,0.0
7415,50,1.5957691216057308,10060.0,1352.5,0.0,2.0,0.0,0.0
7416,50,1.5957691216057308,1958.5,1353.0,90.00003218077504,2.0,0.0,0.0
7417,25,1.1283791670955126,1980.0,1353.0,45.00001609038752,0.0,0.0,0.0
7418,25,1.1283791670955126,1957.0,1354.0,45.00001609038752,0.0,0.0,0.0
7419,25,1.1283791670955126,7589.0,1354.0,45.00001609038752,0.0,0.0,0.0
7420,25,1.1283791670955126,1981.0,1355.0,45.00001609038752,0.0,0.0,0.0
7421,50,1.5957691216057308,7584.0,1355.5,0.0,2.0,0.0,0.0
7422,25,1.1283791670955126,1948.0,1356.0,45.00001609038752,0.0,0.0,0.0
7423,25,1.1283791670955126,1956.0,1356.0,45.00001609038752,0.0,0.0,0.0
7424,50,1.5957691216057308,9078.0,1356.5,0.0,2.0,0.0,0.0
7425,25,1.1283791670955126,9081.0,1356.0,45.00001609038752,0.0,0.0,0.0
7426,25,1.1283791670955126,1955.0,1357.0,45.00001609038752,0.0,0.0,0.0
7427,25,1.1283791670955126,8594.0,1357.0,45.00001609038752,0.0,0.0,0.0
7428,100,2.256758334191025,10065.0,1357.5,58.28254642828171,3.23606797749979,1.2360679774997898,4.414213562373095
7429,25,1.1283791670955126,8453.0,1358.0,45.00001609038752,0.0,0.0,0.0
7430,25,1.1283791670955126,10071.0,1358.0,45.00001609038752,0.0,0.0,0.0
7431,25,1.1283791670955126,6759.0,1359.0,45.00001609038752,0.0,0.0,0.0
7432,400,4.51351666838205,1968.5,1362.0,0.0,4.898979485566356,4.0,11.65685424949238
7433,50,1.5957691216057308,6810.0,1360.5,0.0,2.0,0.0,0.0
7434,25,1.1283791670955126,7577.0,1360.0,45.00001609038752,0.0,0.0,0.0
7435,25,1.1283791670955126,7578.0,1361.0,45.00001609038752,0.0,0.0,0.0
7436,25,1.1283791670955126,6811.0,1362.0,45.00001609038752,0.0,0.0,0.0
7437,25,1.1283791670955126,8438.0,1363.0,45.00001609038752,0.0,0.0,0.0
7438,125,2.5231325220201604,8604.8,1364.4,-71.5650767661759,3.098386676965933,1.7888543819998317,5.207106781186548
7439,125,2.5231325220201604,8608.2,1364.6,-71.5650767661759,3.098386676965933,1.7888543819998317,5.207106781186548
7440,25,1.1283791670955126,8612.0,1364.0,45.00001609038752,0.0,0.0,0.0
7441,100,2.256758334191025,10071.5,1364.5,45.00001609038752,2.0,2.0,4.0
7442,5500,16.73656774376801,10086.877272727274,1376.6636363636364,-26.53969081494101,27.840704396704574,17.19006935647552,135.81118318204307
7443,275,3.742410318509555,10093.818181818182,1364.8181818181818,-82.17085673183358,6.616658798362103,2.7432847956463275,11.621320343559644
7444,225,3.385137501286538,10100.777777777777,1364.4444444444443,-85.26886938506854,5.274258481434536,1.946056459258261,9.207106781186548
7445,75,1.9544100476116797,1953.0,1366.0,0.0,3.265986323710904,0.0,1.0
7446,50,1.5957691216057308,10082.5,1365.0,90.00003218077504,2.0,0.0,0.0
7447,25,1.1283791670955126,10062.0,1366.0,45.00001609038752,0.0,0.0,0.0
7448,25,1.1283791670955126,10101.0,1367.0,45.00001609038752,0.0,0.0,0.0
7449,25,1.1283791670955126,1954.0,1368.0,45.00001609038752,0.0,0.0,0.0
7450,75,1.9544100476116797,8438.666666666666,1368.3333333333333,-45.00001609038752,2.3094010767585034,1.3333333333333333,3.414213562373095
7451,50,1.5957691216057308,8591.0,1368.5,0.0,2.0,0.0,0.0
7452,100,2.256758334191025,10063.75,1368.75,18.43495541459913,3.4641016151377544,1.4142135623730951,3.2071067811865475
7453,25,1.1283791670955126,1981.0,1369.0,45.00001609038752,0.0,0.0,0.0
7454,25,1.1283791670955126,1955.0,1370.0,45.00001609038752,0.0,0.0,0.0
7455,25,1.1283791670955126,3080.0,1370.0,45.00001609038752,0.0,0.0,0.0
7456,125,2.5231325220201604,5365.4,1371.6,20.993613754469656,4.34169545110285,1.27658944452507,4.207106781186548
7457,50,1.5957691216057308,1956.0,1371.5,0.0,2.0,0.0,0.0
7458,25,1.1283791670955126,1980.0,1371.0,45.00001609038752,0.0,0.0,0.0
7459,25,1.1283791670955126,1979.0,1372.0,45.00001609038752,0.0,0.0,0.0
7460,25,1.1283791670955126,10065.0,1372.0,45.00001609038752,0.0,0.0,0.0
7461,50,1.5957691216057308,10097.5,1372.0,90.00003218077504,2.0,0.0,0.0
7462,25,1.1283791670955126,1957.0,1373.0,45.00001609038752,0.0,0.0,0.0
7463,25,1.1283791670955126,1978.0,1373.0,45.00001609038752,0.0,0.0,0.0
7464,25,1.1283791670955126,10062.0,1373.0,45.00001609038752,0.0,0.0,0.0
7465,25,1.1283791670955126,10100.0,1373.0,45.00001609038752,0.0,0.0,0.0
7466,25,1.1283791670955126,1958.0,1374.0,45.00001609038752,0.0,0.0,0.0
7467,25,1.1283791670955126,1977.0,1374.0,45.00001609038752,0.0,0.0,0.0
7468,25,1.1283791670955126,1959.0,1375.0,45.00001609038752,0.0,0.0,0.0
7469,25,1.1283791670955126,1976.0,1375.0,45.00001609038752,0.0,0.0,0.0
7470,50,1.5957691216057308,10060.0,1375.5,0.0,2.0,0.0,0.0
7471,25,1.1283791670955126,1962.0,1376.0,45.00001609038752,0.0,0.0,0.0
7472,25,1.1283791670955126,1969.0,1377.0,45.00001609038752,0.0,0.0,0.0
7473,25,1.1283791670955126,10085.0,1379.0,45.00001609038752,0.0,0.0,0.0
7474,25,1.1283791670955126,8435.0,1380.0,45.00001609038752,0.0,0.0,0.0
7475,75,1.9544100476116797,6259.0,1384.0,0.0,3.265986323710904,0.0,1.0
7476,25,1.1283791670955126,8475.0,1384.0,45.00001609038752,0.0,0.0,0.0
7477,25,1.1283791670955126,8507.0,1385.0,45.00001609038752,0.0,0.0,0.0
7478,25,1.1283791670955126,10075.0,1385.0,45.00001609038752,0.0,0.0,0.0
7479,100,2.256758334191025,10078.75,1385.25,-71.5650767661759,3.4641016151377544,1.4142135623730951,3.2071067811865475
7480,400,4.51351666838205,10090.5625,1386.3125,71.5650767661759,5.830951894845301,3.6571847095819483,13.035533905932738
7481,25,1.1283791670955126,8506.0,1386.0,45.00001609038752,0.0,0.0,0.0
7482,25,1.1283791670955126,8476.0,1387.0,45.00001609038752,0.0,0.0,0.0
7483,25,1.1283791670955126,8460.0,1388.0,45.00001609038752,0.0,0.0,0.0
7484,25,1.1283791670955126,8505.0,1388.0,45.00001609038752,0.0,0.0,0.0
7485,25,1.1283791670955126,9139.0,1388.0,45.00001609038752,0.0,0.0,0.0
7486,1750,9.440697438826296,10092.628571428571,1392.8285714285714,-50.1580921976928,11.756522804823994,8.887763205945546,39.21320343559643
7487,50,1.5957691216057308,8450.5,1389.0,90.00003218077504,2.0,0.0,0.0
7488,75,1.9544100476116797,8457.333333333334,1389.3333333333333,45.00001609038752,2.3094010767585034,1.3333333333333333,3.414213562373095
7489,50,1.5957691216057308,8503.5,1389.0,90.00003218077504,2.0,0.0,0.0
7490,25,1.1283791670955126,8478.0,1390.0,45.00001609038752,0.0,0.0,0.0
7491,25,1.1283791670955126,8502.0,1390.0,45.00001609038752,0.0,0.0,0.0
7492,25,1.1283791670955126,8452.0,1391.0,45.00001609038752,0.0,0.0,0.0
7493,25,1.1283791670955126,8500.0,1391.0,45.00001609038752,0.0,0.0,0.0
7494,200,3.1915382432114616,10080.0,1392.75,24.407046144227184,4.100618600451318,2.4869513653533066,7.82842712474619
7495,25,1.1283791670955126,8451.0,1392.0,45.00001609038752,0.0,0.0,0.0
7496,25,1.1283791670955126,8479.0,1392.0,45.00001609038752,0.0,0.0,0.0
7497,50,1.5957691216057308,8498.5,1392.0,90.00003218077504,2.0,0.0,0.0
7498,50,1.5957691216057308,10100.5,1392.0,90.00003218077504,2.0,0.0,0.0
7499,625,5.641895835477563,8453.64,1395.56,-69.54283325600379,7.254084800473813,5.408054521501683,20.106601717798213
7500,25,1.1283791670955126,8482.0,1393.0,45.00001609038752,0.0,0.0,0.0
7501,25,1.1283791670955126,8497.0,1393.0,45.00001609038752,0.0,0.0,0.0
7502,25,1.1283791670955126,8448.0,1394.0,45.00001609038752,0.0,0.0,0.0
7503,25,1.1283791670955126,8477.0,1394.0,45.00001609038752,0.0,0.0,0.0
7504,25,1.1283791670955126,8480.0,1394.0,45.00001609038752,0.0,0.0,0.0
7505,50,1.5957691216057308,8489.5,1394.0,90.00003218077504,2.0,0.0,0.0
7506,150,2.763953195770684,10084.0,1395.1666666666667,-53.13012135157677,3.8297084310253524,1.8856180831641272,6.207106781186548
7507,25,1.1283791670955126,10087.0,1394.0,45.00001609038752,0.0,0.0,0.0
7508,75,1.9544100476116797,10100.0,1394.0,90.00003218077504,3.265986323710904,0.0,1.0
7509,50,1.5957691216057308,10097.5,1395.0,90.00003218077504,2.0,0.0,0.0
7510,25,1.1283791670955126,6257.0,1396.0,45.00001609038752,0.0,0.0,0.0
7511,150,2.763953195770684,6260.0,1396.5,90.00003218077504,3.265986323710904,2.0,6.0
7512,50,1.5957691216057308,8476.0,1396.5,0.0,2.0,0.0,0.0
7513,25,1.1283791670955126,6256.0,1397.0,45.00001609038752,0.0,0.0,0.0
7514,25,1.1283791670955126,10085.0,1397.0,45.00001609038752,0.0,0.0,0.0
7515,25,1.1283791670955126,10082.0,1398.0,45.00001609038752,0.0,0.0,0.0
7516,225,3.385137501286538,10093.0,1400.2222222222222,75.0620304936381,5.465100424798249,2.907518701778373,9.621320343559642
7517,25,1.1283791670955126,10090.0,1401.0,45.00001609038752,0.0,0.0,0.0
7518,25,1.1283791670955126,8463.0,1403.0,45.00001609038752,0.0,0.0,0.0
7519,25,1.1283791670955126,10192.0,1403.0,45.00001609038752,0.0,0.0,0.0
7520,25,1.1283791670955126,10098.0,1404.0,45.00001609038752,0.0,0.0,0.0
7521,25,1.1283791670955126,10193.0,1404.0,45.00001609038752,0.0,0.0,0.0
7522,25,1.1283791670955126,6672.0,1405.0,45.00001609038752,0.0,0.0,0.0
7523,25,1.1283791670955126,10194.0,1405.0,45.00001609038752,0.0,0.0,0.0
7524,25,1.1283791670955126,8449.0,1406.0,45.00001609038752,0.0,0.0,0.0
7525,25,1.1283791670955126,8450.0,1408.0,45.00001609038752,0.0,0.0,0.0
7526,25,1.1283791670955126,9199.0,1408.0,45.00001609038752,0.0,0.0,0.0
7527,25,1.1283791670955126,72.0,1409.0,45.00001609038752,0.0,0.0,0.0
7528,25,1.1283791670955126,6234.0,1409.0,45.00001609038752,0.0,0.0,0.0
7529,50,1.5957691216057308,8451.5,1409.0,90.00003218077504,2.0,0.0,0.0
7530,400,4.51351666838205,6232.0625,1415.0625,-8.576524432505934,11.830606879514836,1.9778121403147113,14.0
7531,75,1.9544100476116797,492.0,1412.0,0.0,3.265986323710904,0.0,1.0
7532,25,1.1283791670955126,10200.0,1411.0,45.00001609038752,0.0,0.0,0.0
7533,300,3.9088200952233594,77.83333333333333,1414.0,2.8087912993861774,5.893393130972792,2.7368119456814943,9.621320343559642
7534,125,2.5231325220201604,10085.6,1412.2,84.84760710407011,4.093338188813542,1.563516060678838,4.414213562373095
7535,25,1.1283791670955126,10201.0,1412.0,45.00001609038752,0.0,0.0,0.0
7536,25,1.1283791670955126,10088.0,1415.0,45.00001609038752,0.0,0.0,0.0
7537,100,2.256758334191025,10085.0,1416.5,-58.28254642828171,3.23606797749979,1.2360679774997898,4.414213562373095
7538,25,1.1283791670955126,10089.0,1416.0,45.00001609038752,0.0,0.0,0.0
7539,25,1.1283791670955126,10205.0,1416.0,45.00001609038752,0.0,0.0,0.0
7540,155025,88.85582939178917,10248.151265924851,1468.5594258990486,20.007170274273196,112.34805439579169,71.50319596863085,351.5279579551077
7541,50,1.5957691216057308,10087.0,1417.5,0.0,2.0,0.0,0.0
7542,25,1.1283791670955126,10206.0,1417.0,45.00001609038752,0.0,0.0,0.0
7543,25,1.1283791670955126,6672.0,1421.0,45.00001609038752,0.0,0.0,0.0
7544,75,1.9544100476116797,9206.666666666666,1421.3333333333333,-45.00001609038752,2.3094010767585034,1.3333333333333333,3.414213562373095
7545,25,1.1283791670955126,10088.0,1421.0,45.00001609038752,0.0,0.0,0.0
7546,25,1.1283791670955126,6673.0,1424.0,45.00001609038752,0.0,0.0,0.0
7547,25,1.1283791670955126,10098.0,1425.0,45.00001609038752,0.0,0.0,0.0
7548,25,1.1283791670955126,6674.0,1427.0,45.00001609038752,0.0,0.0,0.0
7549,50,1.5957691216057308,6675.0,1429.5,0.0,2.0,0.0,0.0
7550,25,1.1283791670955126,6676.0,1431.0,45.00001609038752,0.0,0.0,0.0
7551,175,2.985410660720923,6678.285714285715,1433.5714285714287,50.004007780355664,5.12776684506934,1.9356713329329023,7.621320343559642
7552,7805600,630.5045151427478,1271.8087655016911,1779.487137439787,-53.60594566282521,723.1277851762328,567.2051637229932,2437.54851942814
7553,25,1.1283791670955126,6681.0,1433.0,45.00001609038752,0.0,0.0,0.0
7554,100,2.256758334191025,3065.0,1438.75,90.00003218077504,2.8284271247461903,1.7320508075688772,4.621320343559642
7555,25,1.1283791670955126,3067.0,1440.0,45.00001609038752,0.0,0.0,0.0
7556,50,1.5957691216057308,3053.5,1441.0,90.00003218077504,2.0,0.0,0.0
7557,25,1.1283791670955126,3069.0,1441.0,45.00001609038752,0.0,0.0,0.0
7558,25,1.1283791670955126,3052.0,1442.0,45.00001609038752,0.0,0.0,0.0
7559,25,1.1283791670955126,3070.0,1442.0,45.00001609038752,0.0,0.0,0.0
7560,25,1.1283791670955126,6665.0,1442.0,45.00001609038752,0.0,0.0,0.0
7561,25,1.1283791670955126,6667.0,1442.0,45.00001609038752,0.0,0.0,0.0
7562,25,1.1283791670955126,3051.0,1443.0,45.00001609038752,0.0,0.0,0.0
7563,25,1.1283791670955126,3071.0,1443.0,45.00001609038752,0.0,0.0,0.0
7564,50,1.5957691216057308,6669.5,1443.0,90.00003218077504,2.0,0.0,0.0
7565,25,1.1283791670955126,11466.0,1443.0,45.00001609038752,0.0,0.0,0.0
7566,25,1.1283791670955126,3050.0,1444.0,45.00001609038752,0.0,0.0,0.0
7567,25,1.1283791670955126,3072.0,1444.0,45.00001609038752,0.0,0.0,0.0
7568,25,1.1283791670955126,6659.0,1444.0,45.00001609038752,0.0,0.0,0.0
7569,50,1.5957691216057308,3049.0,1445.5,0.0,2.0,0.0,0.0
7570,50,1.5957691216057308,3073.0,1445.5,0.0,2.0,0.0,0.0
7571,50,1.5957691216057308,3048.0,1447.5,0.0,2.0,0.0,0.0
7572,50,1.5957691216057308,3074.0,1447.5,0.0,2.0,0.0,0.0
7573,25,1.1283791670955126,3047.0,1450.0,45.00001609038752,0.0,0.0,0.0
7574,25,1.1283791670955126,6659.0,1450.0,45.00001609038752,0.0,0.0,0.0
7575,175,2.985410660720923,6669.714285714285,1451.5714285714287,30.963767603603337,4.0,2.2131333406899523,7.65685424949238
7576,875,6.6755811781245455,3064.1714285714284,1455.4857142857143,-31.76882602011127,8.01445871783805,5.624752369231176,20.727922061357855
7577,75,1.9544100476116797,6660.333333333333,1453.3333333333333,45.00001609038752,2.3094010767585034,1.3333333333333333,3.414213562373095
7578,225,3.385137501286538,6667.333333333333,1457.111111111111,69.28819196246447,6.327463515989654,2.0518574594904866,8.207106781186548
7579,50,1.5957691216057308,3047.0,1460.5,0.0,2.0,0.0,0.0
7580,25,1.1283791670955126,3868.0,1462.0,45.00001609038752,0.0,0.0,0.0
7581,25,1.1283791670955126,853.0,1463.0,45.00001609038752,0.0,0.0,0.0
7582,25,1.1283791670955126,3073.0,1463.0,45.00001609038752,0.0,0.0,0.0
7583,25,1.1283791670955126,3869.0,1463.0,45.00001609038752,0.0,0.0,0.0
7584,25,1.1283791670955126,6669.0,1463.0,45.00001609038752,0.0,0.0,0.0
7585,25,1.1283791670955126,3048.0,1464.0,45.00001609038752,0.0,0.0,0.0
7586,50,1.5957691216057308,6671.0,1464.5,0.0,2.0,0.0,0.0
7587,25,1.1283791670955126,3072.0,1465.0,45.00001609038752,0.0,0.0,0.0
7588,25,1.1283791670955126,3049.0,1466.0,45.00001609038752,0.0,0.0,0.0
7589,25,1.1283791670955126,851.0,1467.0,45.00001609038752,0.0,0.0,0.0
7590,50,1.5957691216057308,3050.0,1467.5,0.0,2.0,0.0,0.0
7591,25,1.1283791670955126,3071.0,1467.0,45.00001609038752,0.0,0.0,0.0
7592,125,2.5231325220201604,849.2,1468.4,71.5650767661759,3.098386676965933,1.7888543819998317,5.207106781186548
7593,50,1.5957691216057308,3069.5,1468.0,90.00003218077504,2.0,0.0,0.0
7594,225,3.385137501286538,3053.1111111111113,1470.7777777777778,41.88710044510794,6.865949039077322,1.8511199386752606,9.621320343559642
7595,25,1.1283791670955126,3068.0,1469.0,45.00001609038752,0.0,0.0,0.0
7596,100,2.256758334191025,9980.25,1469.75,-18.43495541459913,3.4641016151377544,1.4142135623730951,3.2071067811865475
7597,50,1.5957691216057308,876.5,1470.0,90.00003218077504,2.0,0.0,0.0
7598,50,1.5957691216057308,3066.5,1470.0,90.00003218077504,2.0,0.0,0.0
7599,25,1.1283791670955126,3056.0,1471.0,45.00001609038752,0.0,0.0,0.0
7600,25,1.1283791670955126,3060.0,1471.0,45.00001609038752,0.0,0.0,0.0
7601,25,1.1283791670955126,3065.0,1471.0,45.00001609038752,0.0,0.0,0.0
7602,100,2.256758334191025,9983.0,1472.5,0.0,4.47213595499958,0.0,2.0
7603,25,1.1283791670955126,844.0,1472.0,45.00001609038752,0.0,0.0,0.0
7604,25,1.1283791670955126,875.0,1472.0,45.00001609038752,0.0,0.0,0.0
7605,25,1.1283791670955126,9322.0,1472.0,45.00001609038752,0.0,0.0,0.0
7606,25,1.1283791670955126,9984.0,1475.0,45.00001609038752,0.0,0.0,0.0
7607,50,1.5957691216057308,9989.0,1476.5,0.0,2.0,0.0,0.0
7608,6305825,566.7036527914605,6866.719576740554,1826.2350762985018,2.356079854917242,653.051750943149,500.304736080496,2133.937300352347
7609,1647775,289.6903374864949,5521.6737266920545,1630.7941466523039,69.42574980418168,335.1994164416818,264.2574018741511,1895.8946237714777
7610,25,1.1283791670955126,5389.0,1483.0,45.00001609038752,0.0,0.0,0.0
7611,7353925,611.990461331434,9361.11063139752,1901.2038027311946,11.674455906992256,831.7000124301392,469.4075169383187,3436.8826099314074
7612,25,1.1283791670955126,9468.0,1485.0,45.00001609038752,0.0,0.0,0.0
7613,25,1.1283791670955126,1308.0,1486.0,45.00001609038752,0.0,0.0,0.0
7614,125,2.5231325220201604,5469.4,1487.8,-18.43495541459913,3.098386676965933,1.7888543819998317,5.207106781186548
7615,25,1.1283791670955126,9469.0,1487.0,45.00001609038752,0.0,0.0,0.0
7616,25,1.1283791670955126,9470.0,1488.0,45.00001609038752,0.0,0.0,0.0
7617,34591825,1327.30824625719,6116.945190807365,2174.939357781788,39.080104328940095,1618.386862599979,1216.0608608594544,11347.50883223207
7618,25,1.1283791670955126,6672.0,1491.0,45.00001609038752,0.0,0.0,0.0
7619,25,1.1283791670955126,5388.0,1492.0,45.00001609038752,0.0,0.0,0.0
7620,25,1.1283791670955126,6667.0,1492.0,45.00001609038752,0.0,0.0,0.0
7621,25,1.1283791670955126,6668.0,1493.0,45.00001609038752,0.0,0.0,0.0
7622,125,2.5231325220201604,6662.8,1497.6,71.5650767661759,3.098386676965933,1.7888543819998317,5.207106781186548
7623,125,2.5231325220201604,1306.8,1498.6,71.5650767661759,3.098386676965933,1.7888543819998317,5.207106781186548
7624,5675,17.000746355818674,5506.859030837004,1506.079295154185,75.86270100788859,30.02641574785499,15.726327696501906,125.91168824543142
7625,1488075,275.2944558491345,814.4744720528199,1655.4040454950186,35.68701238818501,349.76618164897724,220.1051633587701,1081.5016587651644
7626,125,2.5231325220201604,1309.2,1501.4,71.5650767661759,3.098386676965933,1.7888543819998317,5.207106781186548
7627,450,4.787307364817192,4742.222222222223,1510.0,0.8148416201059815,13.985473983747873,2.8391615729939903,17.621320343559645
7628,50,1.5957691216057308,5474.5,1504.0,90.00003218077504,2.0,0.0,0.0
7629,25,1.1283791670955126,5976.0,1505.0,45.00001609038752,0.0,0.0,0.0
7630,25,1.1283791670955126,5502.0,1506.0,45.00001609038752,0.0,0.0,0.0
7631,50,1.5957691216057308,6024.5,1506.0,90.00003218077504,2.0,0.0,0.0
7632,150,2.763953195770684,5504.5,1507.3333333333333,90.00003218077504,3.8297084310253524,1.8856180831641272,6.414213562373095
7633,25,1.1283791670955126,5980.0,1507.0,45.00001609038752,0.0,0.0,0.0
7634,755725,196.18551984741188,2576.1286843759303,1576.922657051176,-80.28342934807603,255.3168599147345,174.76562649578213,849.7483040656405
7635,25,1.1283791670955126,5390.0,1508.0,45.00001609038752,0.0,0.0,0.0
7636,25,1.1283791670955126,5393.0,1508.0,45.00001609038752,0.0,0.0,0.0
7637,300,3.9088200952233594,5477.0,1508.8333333333333,-80.14603923585216,6.397374694090145,3.048904597660815,9.207106781186548
7638,25,1.1283791670955126,5977.0,1508.0,45.00001609038752,0.0,0.0,0.0
7639,100,2.256758334191025,5502.0,1509.75,90.00003218077504,2.8284271247461903,1.7320508075688772,4.621320343559642
7640,25,1.1283791670955126,5978.0,1509.0,45.00001609038752,0.0,0.0,0.0
7641,25,1.1283791670955126,5980.0,1510.0,45.00001609038752,0.0,0.0,0.0
7642,25,1.1283791670955126,5500.0,1511.0,45.00001609038752,0.0,0.0,0.0
7643,25,1.1283791670955126,5519.0,1512.0,45.00001609038752,0.0,0.0,0.0
7644,25,1.1283791670955126,6024.0,1512.0,45.00001609038752,0.0,0.0,0.0
7645,11275,23.96311821686732,92.98226164079823,1534.4035476718404,30.240999213705308,52.63005060136337,12.447287935792222,119.29646455628165
7646,175,2.985410660720923,5520.0,1515.0,76.71750184288085,6.580364194871051,1.553413266695241,7.414213562373095
7647,50,1.5957691216057308,5530.5,1514.0,90.00003218077504,2.0,0.0,0.0
7648,25,1.1283791670955126,5499.0,1515.0,45.00001609038752,0.0,0.0,0.0
7649,1325,8.214724333230155,888.0754716981132,1523.0377358490566,7.214950518305908,17.708047157936765,5.519247204482899,39.76345596729059
7650,675,5.863230142835039,4743.0,1520.7777777777778,17.542857222574984,10.550491942582823,3.5130386785729026,21.899494936611667
7651,25,1.1283791670955126,5491.0,1516.0,45.00001609038752,0.0,0.0,0.0
7652,50,1.5957691216057308,5519.5,1517.0,90.00003218077504,2.0,0.0,0.0
7653,50,1.5957691216057308,5532.0,1517.5,0.0,2.0,0.0,0.0
7654,27450,37.390065794529015,10263.591074681239,1532.0892531876138,89.50633497300726,65.29068575549998,25.863010764594982,171.78174593052023
7655,50,1.5957691216057308,883.0,1519.5,0.0,2.0,0.0,0.0
7656,25,1.1283791670955126,885.0,1519.0,45.00001609038752,0.0,0.0,0.0
7657,25,1.1283791670955126,91.0,1520.0,45.00001609038752,0.0,0.0,0.0
7658,125,2.5231325220201604,3014.8,1521.2,-45.00001609038752,4.0,1.3856406460551023,5.414213562373095
7659,25,1.1283791670955126,3023.0,1520.0,45.00001609038752,0.0,0.0,0.0
7660,25,1.1283791670955126,92.0,1521.0,45.00001609038752,0.0,0.0,0.0
7661,25,1.1283791670955126,5494.0,1521.0,45.00001609038752,0.0,0.0,0.0
7662,50,1.5957691216057308,5531.5,1521.0,90.00003218077504,2.0,0.0,0.0
7663,25,1.1283791670955126,93.0,1522.0,45.00001609038752,0.0,0.0,0.0
7664,25,1.1283791670955126,884.0,1522.0,45.00001609038752,0.0,0.0,0.0
7665,100,2.256758334191025,6042.5,1523.0,31.71748575249332,3.23606797749979,1.2360679774997898,4.414213562373095
7666,50,1.5957691216057308,3012.0,1524.5,0.0,2.0,0.0,0.0
7667,75,1.9544100476116797,6043.666666666667,1525.6666666666667,45.00001609038752,2.3094010767585034,1.3333333333333333,3.414213562373095
7668,50,1.5957691216057308,882.0,1527.5,0.0,2.0,0.0,0.0
7669,100,2.256758334191025,885.5,1529.0,31.71748575249332,3.23606797749979,1.2360679774997898,4.414213562373095
7670,50,1.5957691216057308,4746.5,1528.0,90.00003218077504,2.0,0.0,0.0
7671,25,1.1283791670955126,4745.0,1529.0,45.00001609038752,0.0,0.0,0.0
7672,25,1.1283791670955126,4742.0,1530.0,45.00001609038752,0.0,0.0,0.0
7673,25,1.1283791670955126,4740.0,1531.0,45.00001609038752,0.0,0.0,0.0
7674,25,1.1283791670955126,4756.0,1531.0,45.00001609038752,0.0,0.0,0.0
7675,25,1.1283791670955126,4738.0,1532.0,45.00001609038752,0.0,0.0,0.0
7676,25,1.1283791670955126,4758.0,1532.0,45.00001609038752,0.0,0.0,0.0
7677,25,1.1283791670955126,6251.0,1532.0,45.00001609038752,0.0,0.0,0.0
7678,25,1.1283791670955126,4737.0,1533.0,45.00001609038752,0.0,0.0,0.0
7679,175,2.985410660720923,4760.714285714285,1534.2857142857142,-45.00001609038752,5.656854249492381,1.3997084244475302,7.414213562373095
7680,25,1.1283791670955126,887.0,1534.0,45.00001609038752,0.0,0.0,0.0
7681,25,1.1283791670955126,4736.0,1534.0,45.00001609038752,0.0,0.0,0.0
7682,25,1.1283791670955126,4735.0,1535.0,45.00001609038752,0.0,0.0,0.0
7683,200,3.1915382432114616,6043.25,1536.5,21.35470261435446,4.7271453337587435,2.1573356237551296,8.207106781186548
7684,25,1.1283791670955126,4734.0,1536.0,45.00001609038752,0.0,0.0,0.0
7685,925,6.863662517577698,10223.378378378378,1540.945945945946,-18.96331836400561,13.692412052279664,4.108902807994664,27.727922061357855
7686,25,1.1283791670955126,4733.0,1537.0,45.00001609038752,0.0,0.0,0.0
7687,25,1.1283791670955126,4763.0,1537.0,45.00001609038752,0.0,0.0,0.0
7688,4475,15.09668435477122,11566.575418994413,1560.854748603352,14.365393613556593,47.54848353678811,5.629953613317752,97.07716446627535
7689,50,1.5957691216057308,4732.0,1538.5,0.0,2.0,0.0,0.0
7690,25,1.1283791670955126,4764.0,1538.0,45.00001609038752,0.0,0.0,0.0
7691,25,1.1283791670955126,10211.0,1538.0,45.00001609038752,0.0,0.0,0.0
7692,25,1.1283791670955126,4765.0,1540.0,45.00001609038752,0.0,0.0,0.0
7693,50,1.5957691216057308,6045.0,1540.5,0.0,2.0,0.0,0.0
7694,25,1.1283791670955126,10211.0,1540.0,45.00001609038752,0.0,0.0,0.0
7695,25,1.1283791670955126,10220.0,1540.0,45.00001609038752,0.0,0.0,0.0
7696,25,1.1283791670955126,10265.0,1540.0,45.00001609038752,0.0,0.0,0.0
7697,4275,14.755472278097805,10291.12865497076,1553.6374269005848,8.852074843593654,24.22878788508369,10.167083445189643,63.698484809834994
7698,25,1.1283791670955126,4731.0,1541.0,45.00001609038752,0.0,0.0,0.0
7699,150,2.763953195770684,10250.5,1541.0,90.00003218077504,6.831300510639732,0.0,4.0
7700,25,1.1283791670955126,4766.0,1542.0,45.00001609038752,0.0,0.0,0.0
7701,25,1.1283791670955126,1154.0,1543.0,45.00001609038752,0.0,0.0,0.0
7702,25,1.1283791670955126,4730.0,1543.0,45.00001609038752,0.0,0.0,0.0
7703,50,1.5957691216057308,4741.0,1543.5,0.0,2.0,0.0,0.0
7704,25,1.1283791670955126,10265.0,1543.0,45.00001609038752,0.0,0.0,0.0
7705,100,2.256758334191025,10197.25,1544.75,-18.43495541459913,3.4641016151377544,1.4142135623730951,3.2071067811865475
7706,25,1.1283791670955126,10236.0,1544.0,45.00001609038752,0.0,0.0,0.0
7707,50,1.5957691216057308,10267.5,1544.0,90.00003218077504,2.0,0.0,0.0
7708,375,4.370193722368317,10227.8,1547.3333333333333,-39.08319132166343,5.368417983111533,3.682704248351601,12.48528137423857
7709,50,1.5957691216057308,10269.5,1545.0,90.00003218077504,2.0,0.0,0.0
7710,25,1.1283791670955126,4729.0,1546.0,45.00001609038752,0.0,0.0,0.0
7711,25,1.1283791670955126,10232.0,1546.0,45.00001609038752,0.0,0.0,0.0
7712,25,1.1283791670955126,10271.0,1546.0,45.00001609038752,0.0,0.0,0.0
7713,125,2.5231325220201604,10273.2,1547.4,71.5650767661759,3.098386676965933,1.7888543819998317,5.207106781186548
7714,150,2.763953195770684,10222.0,1549.5,-39.69018655370586,4.8496611975202075,1.3468925727763872,6.414213562373095
7715,750,6.180387232371033,10279.9,1553.5,37.902343063631214,17.218096149729732,2.764748025648783,27.31370849898476
7716,25,1.1283791670955126,11568.0,1548.0,45.00001609038752,0.0,0.0,0.0
7717,150,2.763953195770684,4725.5,1551.0,-17.608802780371004,5.404236119112784,1.208676398190789,4.0
7718,25,1.1283791670955126,10127.0,1550.0,45.00001609038752,0.0,0.0,0.0
7719,25,1.1283791670955126,10225.0,1550.0,45.00001609038752,0.0,0.0,0.0
7720,25,1.1283791670955126,10224.0,1551.0,45.00001609038752,0.0,0.0,0.0
7721,50,1.5957691216057308,10208.0,1552.5,0.0,2.0,0.0,0.0
7722,50,1.5957691216057308,10220.0,1552.5,0.0,2.0,0.0,0.0
7723,50,1.5957691216057308,4728.0,1553.5,0.0,2.0,0.0,0.0
7724,25,1.1283791670955126,10223.0,1553.0,45.00001609038752,0.0,0.0,0.0
7725,50,1.5957691216057308,10219.0,1554.5,0.0,2.0,0.0,0.0
7726,25,1.1283791670955126,10222.0,1554.0,45.00001609038752,0.0,0.0,0.0
7727,475,4.918490759365935,4724.736842105263,1560.1052631578948,-7.259948513583319,11.908340001550853,2.067496287914105,19.414213562373096
7728,2450,11.170383851240114,4721.530612244898,1576.061224489796,0.20283363595465947,38.56136437365045,4.431713712613523,71.10660171779821
7729,300,3.9088200952233594,4736.0,1558.0833333333333,0.0,7.01585505994973,2.8284271247461903,12.071067811865476
7730,4625,15.347615963921077,10201.686486486486,1579.945945945946,9.863987693259334,50.23580125332678,6.481491825071813,103.2842712474619
7731,1225,7.898654169668588,10209.979591836734,1566.5714285714287,11.526329296550427,19.789503434964725,6.091271114063506,42.27817459305203
7732,325,4.068428945128219,10216.153846153846,1559.7692307692307,-23.623638674721384,10.120944871975404,1.8473301666428308,12.207106781186548
7733,25,1.1283791670955126,10221.0,1556.0,45.00001609038752,0.0,0.0,0.0
7734,25,1.1283791670955126,10220.0,1558.0,45.00001609038752,0.0,0.0,0.0
7735,25,1.1283791670955126,6384.0,1559.0,45.00001609038752,0.0,0.0,0.0
7736,175,2.985410660720923,4717.714285714285,1562.2857142857142,24.047037627814458,6.031273328889182,1.4677718750296185,6.207106781186548
7737,25,1.1283791670955126,10219.0,1560.0,45.00001609038752,0.0,0.0,0.0
7738,25,1.1283791670955126,10285.0,1561.0,45.00001609038752,0.0,0.0,0.0
7739,125,2.5231325220201604,4738.8,1562.4,-71.5650767661759,3.098386676965933,1.7888543819998317,5.207106781186548
7740,1025,7.225151993843567,4694.682926829269,1567.560975609756,14.119350746829042,10.053272200997357,5.445540122500703,24.899494936611667
7741,25,1.1283791670955126,10286.0,1563.0,45.00001609038752,0.0,0.0,0.0
7742,25,1.1283791670955126,10217.0,1565.0,45.00001609038752,0.0,0.0,0.0
7743,500,5.046265044040321,10264.6,1566.15,-78.56731970012842,6.703739894330493,4.115807506329931,15.65685424949238
7744,75,1.9544100476116797,10290.666666666666,1565.3333333333333,-45.00001609038752,2.3094010767585034,1.3333333333333333,3.414213562373095
7745,250,3.5682482323055424,1090.1,1568.6,-2.9785666223824196,5.127372753294169,2.791065862493498,8.207106781186548
7746,25,1.1283791670955126,10288.0,1566.0,45.00001609038752,0.0,0.0,0.0
7747,150,2.763953195770684,4727.0,1569.5,0.0,6.831300510639732,0.0,4.0
7748,300,3.9088200952233594,10293.666666666666,1569.4166666666667,32.92974870723799,6.710001977644449,2.25543445285353,11.242640687119284
7749,76375,62.36783473206299,5375.428150572831,1643.4834697217675,-2.5995464846078744,139.627805827466,29.39529115434444,311.16042558696057
7750,25,1.1283791670955126,10289.0,1568.0,45.00001609038752,0.0,0.0,0.0
7751,100,2.256758334191025,4773.0,1570.5,0.0,4.47213595499958,0.0,2.0
7752,25,1.1283791670955126,10290.0,1569.0,45.00001609038752,0.0,0.0,0.0
7753,25,1.1283791670955126,10216.0,1570.0,45.00001609038752,0.0,0.0,0.0
7754,550,5.292567428401227,10253.5,1571.909090909091,-81.9162267410234,8.9988453647218,3.615296513245413,18.485281374238568
7755,1175,7.735777827895049,10265.063829787234,1574.0851063829787,-81.92589496038974,11.848365225329193,6.65478984690006,31.763455967290593
7756,225,3.385137501286538,4701.777777777777,1574.6666666666667,5.872818812552792,6.830000195860242,2.427819433378906,9.621320343559642
7757,25,1.1283791670955126,10215.0,1572.0,45.00001609038752,0.0,0.0,0.0
7758,25,1.1283791670955126,10292.0,1572.0,45.00001609038752,0.0,0.0,0.0
7759,25,1.1283791670955126,10293.0,1573.0,45.00001609038752,0.0,0.0,0.0
7760,25,1.1283791670955126,10273.0,1574.0,45.00001609038752,0.0,0.0,0.0
7761,225,3.385137501286538,10295.333333333334,1576.6666666666667,27.6524331218987,7.6374967744199065,1.4536462654889462,9.414213562373096
7762,25,1.1283791670955126,10214.0,1575.0,45.00001609038752,0.0,0.0,0.0
7763,25,1.1283791670955126,10274.0,1575.0,45.00001609038752,0.0,0.0,0.0
7764,325,4.068428945128219,10271.23076923077,1577.6153846153845,59.03626457717168,4.296689244236598,3.9041777047536983,10.82842712474619
7765,25,1.1283791670955126,9487.0,1577.0,45.00001609038752,0.0,0.0,0.0
7766,1750,9.440697438826296,9495.628571428571,1590.8,7.963376270049137,32.01558345829635,3.2838453548632383,52.520815280171306
7767,25,1.1283791670955126,10214.0,1577.0,45.00001609038752,0.0,0.0,0.0
7768,75,1.9544100476116797,4700.333333333333,1578.6666666666667,-45.00001609038752,2.3094010767585034,1.3333333333333333,3.414213562373095
7769,1825,9.640875829802336,4704.109589041096,1585.9315068493152,4.811669225910156,15.519134354235169,6.927130877372796,40.17766952966369
7770,75,1.9544100476116797,4748.333333333333,1578.3333333333333,45.00001609038752,2.3094010767585034,1.3333333333333333,3.414213562373095
7771,25,1.1283791670955126,9486.0,1578.0,45.00001609038752,0.0,0.0,0.0
7772,750,6.180387232371033,10279.066666666668,1582.3333333333333,53.295728764918444,13.285726033160076,3.6933175984369044,20.106601717798213
7773,50,1.5957691216057308,9485.0,1579.5,0.0,2.0,0.0,0.0
7774,25,1.1283791670955126,4726.0,1580.0,45.00001609038752,0.0,0.0,0.0
7775,800,6.383076486422923,9482.84375,1588.5625,20.135998745547237,18.5360677445045,4.178644226437558,27.621320343559642
7776,25,1.1283791670955126,10273.0,1581.0,45.00001609038752,0.0,0.0,0.0
7777,275,3.742410318509555,11027.90909090909,1584.2727272727273,-13.102922032897482,6.552157585809402,2.28067147473699,11.207106781186548
7778,450,4.787307364817192,5671.111111111111,1586.2777777777778,7.853316110041649,7.571877794400365,3.8745768387028208,15.828427124746192
7779,50,1.5957691216057308,10213.0,1583.5,0.0,2.0,0.0,0.0
7780,25,1.1283791670955126,10206.0,1584.0,45.00001609038752,0.0,0.0,0.0
7781,75,1.9544100476116797,10258.666666666666,1584.3333333333333,-45.00001609038752,2.3094010767585034,1.3333333333333333,3.414213562373095
7782,25,1.1283791670955126,6688.0,1585.0,45.00001609038752,0.0,0.0,0.0
7783,25,1.1283791670955126,10205.0,1585.0,45.00001609038752,0.0,0.0,0.0
7784,150,2.763953195770684,10255.833333333334,1585.8333333333333,-45.00001609038752,3.126943839882286,2.309401076758503,6.242640687119286
7785,200,3.1915382432114616,10275.375,1586.75,-17.296150528236417,3.9722133299273006,2.6403638502198645,8.242640687119284
7786,25,1.1283791670955126,10300.0,1585.0,45.00001609038752,0.0,0.0,0.0
7787,25,1.1283791670955126,6687.0,1586.0,45.00001609038752,0.0,0.0,0.0
7788,75,1.9544100476116797,10213.0,1587.0,0.0,3.265986323710904,0.0,1.0
7789,800,6.383076486422923,10264.0625,1591.1875,7.891556440391717,11.9095426716145,3.8128458338875135,23.727922061357855
7790,25,1.1283791670955126,9485.0,1587.0,45.00001609038752,0.0,0.0,0.0
7791,100,2.256758334191025,4924.75,1589.0,0.0,2.8284271247461903,1.7320508075688772,4.621320343559642
7792,25,1.1283791670955126,11029.0,1588.0,45.00001609038752,0.0,0.0,0.0
7793,25,1.1283791670955126,9486.0,1589.0,45.00001609038752,0.0,0.0,0.0
7794,25,1.1283791670955126,9487.0,1590.0,45.00001609038752,0.0,0.0,0.0
7795,50,1.5957691216057308,10271.5,1590.0,90.00003218077504,2.0,0.0,0.0
7796,25,1.1283791670955126,9488.0,1591.0,45.00001609038752,0.0,0.0,0.0
7797,125,2.5231325220201604,10257.4,1592.4,-69.00641842630537,4.34169545110285,1.2765894445250698,4.207106781186548
7798,125,2.5231325220201604,4750.6,1594.4,20.99361375446966,4.34169545110285,1.2765894445250698,4.207106781186548
7799,25,1.1283791670955126,10214.0,1593.0,45.00001609038752,0.0,0.0,0.0
7800,25,1.1283791670955126,4702.0,1594.0,45.00001609038752,0.0,0.0,0.0
7801,75,1.9544100476116797,10233.666666666666,1594.6666666666667,45.00001609038752,2.3094010767585034,1.3333333333333333,3.414213562373095
7802,200,3.1915382432114616,10271.125,1594.875,-45.00001609038752,3.4641016151377544,2.7386127875258306,7.414213562373095
7803,75,1.9544100476116797,10285.666666666666,1594.6666666666667,45.00001609038752,2.3094010767585034,1.3333333333333333,3.414213562373095
7804,25,1.1283791670955126,4704.0,1595.0,45.00001609038752,0.0,0.0,0.0
7805,175,2.985410660720923,4707.571428571428,1596.142857142857,-22.500008045193763,4.762295591978364,2.460738623294734,6.414213562373095
7806,25,1.1283791670955126,4726.0,1595.0,45.00001609038752,0.0,0.0,0.0
7807,125,2.5231325220201604,9486.6,1596.8,18.43495541459913,3.098386676965933,1.7888543819998317,5.207106781186548
7808,4100,14.450303987687134,10257.957317073171,1604.5243902439024,52.52440288660585,20.68186520205371,13.76908268414316,77.2193000900063
7809,175,2.985410660720923,10275.0,1596.7142857142858,90.00003218077504,3.0237157840738176,2.7994168488950604,6.82842712474619
7810,3115750,398.35140825701035,4234.611233250421,1795.2567519858783,-79.13193821471611,495.91976408582894,358.23638837588135,2945.472400982391
7811,275,3.742410318509555,4726.909090909091,1601.1818181818182,21.175604691905427,7.469249597079698,1.7848016887304374,10.207106781186548
7812,75,1.9544100476116797,5690.666666666667,1598.3333333333333,-45.00001609038752,2.3094010767585034,1.3333333333333333,3.414213562373095
7813,25,1.1283791670955126,9490.0,1598.0,45.00001609038752,0.0,0.0,0.0
7814,175,2.985410660720923,10281.0,1598.7142857142858,90.00003218077504,3.0237157840738176,2.7994168488950604,6.82842712474619
7815,1150,7.653039857325812,9489.369565217392,1610.5652173913043,-2.8440868557332206,20.751674283197158,6.35075567313821,36.65685424949238
7816,25,1.1283791670955126,10202.0,1600.0,45.00001609038752,0.0,0.0,0.0
7817,50,1.5957691216057308,10245.0,1600.5,0.0,2.0,0.0,0.0
7818,125,2.5231325220201604,10243.2,1603.2,45.00001609038752,4.0,1.3856406460551023,5.414213562373095
7819,25,1.1283791670955126,9460.0,1603.0,45.00001609038752,0.0,0.0,0.0
7820,25,1.1283791670955126,9499.0,1603.0,45.00001609038752,0.0,0.0,0.0
7821,1978325,317.41969833885173,11779.080194103597,1790.6612412015215,21.40016105127587,424.53608763496936,260.2187064714824,2113.2276682542188
7822,10974600,747.6174077066562,899.8008310097862,2266.181521422193,20.553474346607864,1179.6129531415559,494.30278202077835,3428.2745289171935
7823,75,1.9544100476116797,9455.666666666666,1604.3333333333333,-45.00001609038752,2.3094010767585034,1.3333333333333333,3.414213562373095
7824,50,1.5957691216057308,9458.5,1604.0,90.00003218077504,2.0,0.0,0.0
7825,50,1.5957691216057308,9491.5,1605.0,90.00003218077504,2.0,0.0,0.0
7826,25,1.1283791670955126,9495.0,1605.0,45.00001609038752,0.0,0.0,0.0
7827,1125,7.569397566060481,10235.844444444445,1612.6222222222223,-31.892108864595848,16.61544972406858,4.045654989505387,32.14213562373095
7828,50,1.5957691216057308,9493.5,1606.0,90.00003218077504,2.0,0.0,0.0
7829,575,5.4115163798060095,9497.521739130434,1609.9565217391305,12.058010030870689,9.254908225227954,4.379318642966556,18.414213562373096
7830,32975,40.9805192683753,11809.455648218347,1621.1963608794542,76.96767622395325,62.936003211924294,27.94411523862894,205.75230867899737
7831,25,1.1283791670955126,10308.0,1608.0,45.00001609038752,0.0,0.0,0.0
7832,50,1.5957691216057308,11033.0,1609.5,0.0,2.0,0.0,0.0
7833,8308200,650.4868572252226,10277.40943585855,2092.376384174671,22.486583753692816,970.1761062637446,445.5447377182169,2717.6967517062803
7834,250,3.5682482323055424,10264.8,1611.4,-49.06506872098215,4.603066923192716,2.758944526555245,8.449747468305834
7835,100,2.256758334191025,10243.5,1611.5,45.00001609038752,2.0,2.0,4.0
7836,350,4.222008245644752,11034.5,1615.5,7.018124243392092,10.073592581964585,1.5883112077260153,12.0
7837,175,2.985410660720923,5700.428571428572,1614.4285714285713,-14.089300092806637,6.553504018576144,1.2082004568003004,5.0
7838,25,1.1283791670955126,9151.0,1613.0,45.00001609038752,0.0,0.0,0.0
7839,75,1.9544100476116797,9494.0,1614.0,90.00003218077504,3.265986323710904,0.0,1.0
7840,275,3.742410318509555,10268.454545454546,1615.909090909091,-46.91981494581528,6.757526012554684,2.484059768493594,10.414213562373096
7841,675,5.863230142835039,10286.703703703704,1617.851851851852,-2.3411735924961605,8.3457731255151,4.838083902565838,19.485281374238568
7842,25,1.1283791670955126,11141.0,1614.0,45.00001609038752,0.0,0.0,0.0
7843,25,1.1283791670955126,9492.0,1615.0,45.00001609038752,0.0,0.0,0.0
7844,25,1.1283791670955126,9496.0,1615.0,45.00001609038752,0.0,0.0,0.0
7845,375,4.370193722368317,9499.933333333332,1617.3333333333333,-33.31783967523152,7.176904594745003,3.5744209156690694,14.035533905932738
7846,4071825,455.38592904222475,9737.596440171177,1909.4349892247333,-16.60276956572656,646.3353757614467,375.88580073332946,3087.72113832392
7847,150,2.763953195770684,10250.0,1615.5,90.00003218077504,3.265986323710904,2.0,6.0
7848,25,1.1283791670955126,11140.0,1615.0,45.00001609038752,0.0,0.0,0.0
7849,50,1.5957691216057308,2492.0,1616.5,0.0,2.0,0.0,0.0
7850,5942200,550.1215873868352,5061.526883982364,1936.3028129312377,8.646546854092895,630.2873866815204,491.767902972036,2058.3910524340095
7851,25,1.1283791670955126,9503.0,1617.0,45.00001609038752,0.0,0.0,0.0
7852,25,1.1283791670955126,9504.0,1618.0,45.00001609038752,0.0,0.0,0.0
7853,25,1.1283791670955126,11124.0,1618.0,45.00001609038752,0.0,0.0,0.0
7854,25,1.1283791670955126,9505.0,1620.0,45.00001609038752,0.0,0.0,0.0
7855,1025,7.225151993843567,9486.829268292682,1630.7317073170732,5.369168790936688,20.0306394025941,6.361798002172706,34.03553390593274
7856,350,4.222008245644752,10281.285714285714,1623.0,-71.06253358385744,5.510787510002643,3.428362582806946,11.035533905932738
7857,75,1.9544100476116797,10291.666666666666,1621.3333333333333,-45.00001609038752,2.3094010767585034,1.3333333333333333,3.414213562373095
7858,150,2.763953195770684,11120.5,1622.0,0.0,3.265986323710904,2.0,6.0
7859,50,1.5957691216057308,9496.0,1622.5,0.0,2.0,0.0,0.0
7860,25,1.1283791670955126,9506.0,1622.0,45.00001609038752,0.0,0.0,0.0
7861,25,1.1283791670955126,9507.0,1623.0,45.00001609038752,0.0,0.0,0.0
7862,8000,20.185060176161283,11043.7,1632.49375,-60.50954736922684,30.070047303824254,14.389288729668738,78.01219330881975
7863,50,1.5957691216057308,10312.0,1625.5,0.0,2.0,0.0,0.0
7864,100,2.256758334191025,11119.5,1625.5,45.00001609038752,2.0,2.0,4.0
7865,25,1.1283791670955126,4765.0,1626.0,45.00001609038752,0.0,0.0,0.0
7866,25,1.1283791670955126,3423.0,1627.0,45.00001609038752,0.0,0.0,0.0
7867,25,1.1283791670955126,4731.0,1627.0,45.00001609038752,0.0,0.0,0.0
7868,100,2.256758334191025,9500.75,1628.0,0.0,2.8284271247461903,1.7320508075688772,4.621320343559642
7869,25,1.1283791670955126,10215.0,1627.0,45.00001609038752,0.0,0.0,0.0
7870,25,1.1283791670955126,10261.0,1628.0,45.00001609038752,0.0,0.0,0.0
7871,277375,118.85534379587916,10286.73492564218,1701.9646687697161,-56.84715682857641,144.71028680194175,108.88426305806615,491.8132752230962
7872,25,1.1283791670955126,4732.0,1629.0,45.00001609038752,0.0,0.0,0.0
7873,75,1.9544100476116797,1553.0,1631.0,0.0,3.265986323710904,0.0,1.0
7874,25,1.1283791670955126,4733.0,1630.0,45.00001609038752,0.0,0.0,0.0
7875,25,1.1283791670955126,4762.0,1630.0,45.00001609038752,0.0,0.0,0.0
7876,25,1.1283791670955126,4734.0,1631.0,45.00001609038752,0.0,0.0,0.0
7877,250,3.5682482323055424,10266.5,1632.2,90.00003218077504,4.09878030638384,2.9933259094191533,8.82842712474619
7878,50,1.5957691216057308,4735.5,1632.0,90.00003218077504,2.0,0.0,0.0
7879,1265125,253.83515745720274,8995.177630668906,1776.7438593024406,4.570448786760421,298.33224025095694,226.16929244415988,944.9726547895302
7880,100,2.256758334191025,9924.75,1633.0,0.0,2.8284271247461903,1.7320508075688772,4.621320343559642
7881,50,1.5957691216057308,11835.5,1632.0,90.00003218077504,2.0,0.0,0.0
7882,50,1.5957691216057308,1554.0,1633.5,0.0,2.0,0.0,0.0
7883,50,1.5957691216057308,4737.5,1633.0,90.00003218077504,2.0,0.0,0.0
7884,25,1.1283791670955126,4760.0,1633.0,45.00001609038752,0.0,0.0,0.0
7885,25,1.1283791670955126,4741.0,1634.0,45.00001609038752,0.0,0.0,0.0
7886,25,1.1283791670955126,4759.0,1634.0,45.00001609038752,0.0,0.0,0.0
7887,25,1.1283791670955126,9490.0,1634.0,45.00001609038752,0.0,0.0,0.0
7888,50,1.5957691216057308,4743.5,1635.0,90.00003218077504,2.0,0.0,0.0
7889,25,1.1283791670955126,4748.0,1635.0,45.00001609038752,0.0,0.0,0.0
7890,100,2.256758334191025,4756.0,1635.5,58.28254642828171,3.23606797749979,1.2360679774997898,4.414213562373095
7891,25,1.1283791670955126,4758.0,1635.0,45.00001609038752,0.0,0.0,0.0
7892,25,1.1283791670955126,9492.0,1635.0,45.00001609038752,0.0,0.0,0.0
7893,1175,7.735777827895049,9500.106382978724,1642.3829787234042,2.1977311806542117,14.920543382483974,5.140429223775134,32.72792206135786
7894,50,1.5957691216057308,9503.5,1635.0,90.00003218077504,2.0,0.0,0.0
7895,225,3.385137501286538,4740.222222222223,1637.3333333333333,56.01813350014281,6.232057085804465,1.742988149457966,9.414213562373096
7896,25,1.1283791670955126,9493.0,1636.0,45.00001609038752,0.0,0.0,0.0
7897,5925,17.371176474327626,4752.0801687763715,1650.3417721518988,13.05103844274749,32.219036849847654,10.23087295607558,78.31980515339464
7898,25,1.1283791670955126,9494.0,1637.0,45.00001609038752,0.0,0.0,0.0
7899,250,3.5682482323055424,9508.8,1639.8,1.9070380990334233,5.881493392263397,2.3933314598613395,8.035533905932738
7900,150,2.763953195770684,10268.833333333334,1638.1666666666667,45.00001609038752,3.126943839882286,2.309401076758503,6.242640687119286
7901,50,1.5957691216057308,9492.0,1640.5,0.0,2.0,0.0,0.0
7902,50,1.5957691216057308,9495.0,1640.5,0.0,2.0,0.0,0.0
7903,25,1.1283791670955126,10217.0,1640.0,45.00001609038752,0.0,0.0,0.0
7904,25,1.1283791670955126,10218.0,1642.0,45.00001609038752,0.0,0.0,0.0
7905,25,1.1283791670955126,9496.0,1643.0,45.00001609038752,0.0,0.0,0.0
7906,25,1.1283791670955126,10219.0,1644.0,45.00001609038752,0.0,0.0,0.0
7907,25,1.1283791670955126,9494.0,1645.0,45.00001609038752,0.0,0.0,0.0
7908,25,1.1283791670955126,10220.0,1645.0,45.00001609038752,0.0,0.0,0.0
7909,25425,35.98450523483212,11032.096361848575,1667.1533923303834,1.6790416580128869,40.00911358654007,34.532592893829396,130.5685424949238
7910,50,1.5957691216057308,9495.0,1646.5,0.0,2.0,0.0,0.0
7911,25,1.1283791670955126,9508.0,1646.0,45.00001609038752,0.0,0.0,0.0
7912,25,1.1283791670955126,10221.0,1646.0,45.00001609038752,0.0,0.0,0.0
7913,25,1.1283791670955126,10222.0,1647.0,45.00001609038752,0.0,0.0,0.0
7914,25,1.1283791670955126,3989.0,1648.0,45.00001609038752,0.0,0.0,0.0
7915,25,1.1283791670955126,10223.0,1648.0,45.00001609038752,0.0,0.0,0.0
7916,25,1.1283791670955126,10302.0,1648.0,45.00001609038752,0.0,0.0,0.0
7917,25,1.1283791670955126,10224.0,1649.0,45.00001609038752,0.0,0.0,0.0
7918,25,1.1283791670955126,10301.0,1649.0,45.00001609038752,0.0,0.0,0.0
7919,50,1.5957691216057308,11058.0,1649.5,0.0,2.0,0.0,0.0
7920,175,2.985410660720923,10218.857142857143,1652.142857142857,31.98521534100606,5.795253355551202,1.5275489818370205,6.207106781186548
7921,50,1.5957691216057308,10262.0,1650.5,0.0,2.0,0.0,0.0
7922,25,1.1283791670955126,10300.0,1650.0,45.00001609038752,0.0,0.0,0.0
7923,575,5.4115163798060095,10256.869565217392,1652.8695652173913,68.39323633833749,7.69718842132056,3.916542065246295,17.071067811865476
7924,25,1.1283791670955126,10226.0,1652.0,45.00001609038752,0.0,0.0,0.0
7925,225,3.385137501286538,10263.666666666666,1653.111111111111,69.69937759948874,3.885753375057407,2.7954428906961324,8.242640687119284
7926,325,4.068428945128219,10269.846153846154,1653.7692307692307,78.69009566272824,4.706787243316417,3.508232077228117,11.071067811865476
7927,25,1.1283791670955126,10227.0,1653.0,45.00001609038752,0.0,0.0,0.0
7928,25,1.1283791670955126,10298.0,1653.0,45.00001609038752,0.0,0.0,0.0
7929,125,2.5231325220201604,10250.2,1654.4,71.5650767661759,3.098386676965933,1.7888543819998317,5.207106781186548
7930,25,1.1283791670955126,10297.0,1654.0,45.00001609038752,0.0,0.0,0.0
7931,25,1.1283791670955126,10228.0,1655.0,45.00001609038752,0.0,0.0,0.0
7932,25,1.1283791670955126,10296.0,1655.0,45.00001609038752,0.0,0.0,0.0
7933,25,1.1283791670955126,11638.0,1655.0,45.00001609038752,0.0,0.0,0.0
7934,25,1.1283791670955126,10229.0,1656.0,45.00001609038752,0.0,0.0,0.0
7935,25,1.1283791670955126,10295.0,1656.0,45.00001609038752,0.0,0.0,0.0
7936,25,1.1283791670955126,10230.0,1657.0,45.00001609038752,0.0,0.0,0.0
7937,25,1.1283791670955126,10294.0,1657.0,45.00001609038752,0.0,0.0,0.0
7938,25,1.1283791670955126,7133.0,1658.0,45.00001609038752,0.0,0.0,0.0
7939,25,1.1283791670955126,10292.0,1658.0,45.00001609038752,0.0,0.0,0.0
7940,25,1.1283791670955126,9498.0,1659.0,45.00001609038752,0.0,0.0,0.0
7941,150,2.763953195770684,10230.0,1660.5,-39.69018655370586,4.8496611975202075,1.3468925727763872,6.414213562373095
7942,25,1.1283791670955126,10291.0,1659.0,45.00001609038752,0.0,0.0,0.0
7943,50,1.5957691216057308,10289.5,1660.0,90.00003218077504,2.0,0.0,0.0
7944,25,1.1283791670955126,10235.0,1661.0,45.00001609038752,0.0,0.0,0.0
7945,25,1.1283791670955126,10288.0,1661.0,45.00001609038752,0.0,0.0,0.0
7946,25,1.1283791670955126,11087.0,1661.0,45.00001609038752,0.0,0.0,0.0
7947,25,1.1283791670955126,4812.0,1662.0,45.00001609038752,0.0,0.0,0.0
7948,25,1.1283791670955126,10226.0,1662.0,45.00001609038752,0.0,0.0,0.0
7949,50,1.5957691216057308,10286.5,1662.0,90.00003218077504,2.0,0.0,0.0
7950,25,1.1283791670955126,10228.0,1663.0,45.00001609038752,0.0,0.0,0.0
7951,50,1.5957691216057308,10284.5,1663.0,90.00003218077504,2.0,0.0,0.0
7952,25,1.1283791670955126,11887.0,1663.0,45.00001609038752,0.0,0.0,0.0
7953,25,1.1283791670955126,10227.0,1664.0,45.00001609038752,0.0,0.0,0.0
7954,25,1.1283791670955126,10282.0,1664.0,45.00001609038752,0.0,0.0,0.0
7955,25,1.1283791670955126,11888.0,1664.0,45.00001609038752,0.0,0.0,0.0
7956,93800,69.11725379271323,4800.616204690831,1710.1441897654583,59.2496654066266,115.8800720805569,46.46779446793736,299.0782104868019
7957,25,1.1283791670955126,10226.0,1665.0,45.00001609038752,0.0,0.0,0.0
7958,25,1.1283791670955126,10280.0,1665.0,45.00001609038752,0.0,0.0,0.0
7959,25,1.1283791670955126,11889.0,1665.0,45.00001609038752,0.0,0.0,0.0
7960,2308500,342.8861903909881,3796.0069200779726,1869.9751461988303,-53.02667093080856,436.44679015866376,287.2138494136012,1882.4987001723343
7961,25,1.1283791670955126,10187.0,1666.0,45.00001609038752,0.0,0.0,0.0
7962,25,1.1283791670955126,10225.0,1666.0,45.00001609038752,0.0,0.0,0.0
7963,50,1.5957691216057308,10277.5,1666.0,90.00003218077504,2.0,0.0,0.0
7964,50,1.5957691216057308,11890.0,1666.5,0.0,2.0,0.0,0.0
7965,25,1.1283791670955126,10224.0,1667.0,45.00001609038752,0.0,0.0,0.0
7966,50,1.5957691216057308,10274.5,1667.0,90.00003218077504,2.0,0.0,0.0
7967,25,1.1283791670955126,11092.0,1667.0,45.00001609038752,0.0,0.0,0.0
7968,50,1.5957691216057308,9499.0,1668.5,0.0,2.0,0.0,0.0
7969,25,1.1283791670955126,10223.0,1668.0,45.00001609038752,0.0,0.0,0.0
7970,50,1.5957691216057308,10260.5,1668.0,90.00003218077504,2.0,0.0,0.0
7971,50,1.5957691216057308,10270.5,1668.0,90.00003218077504,2.0,0.0,0.0
7972,275,3.742410318509555,11893.272727272728,1670.7272727272727,-45.00001609038752,8.94427190999916,1.4083575804390622,11.414213562373096
7973,25,1.1283791670955126,11909.0,1670.0,45.00001609038752,0.0,0.0,0.0
7974,100,2.256758334191025,9500.25,1672.25,18.43495541459913,3.4641016151377544,1.4142135623730951,3.2071067811865475
7975,25,1.1283791670955126,10221.0,1671.0,45.00001609038752,0.0,0.0,0.0
7976,25,1.1283791670955126,11631.0,1671.0,45.00001609038752,0.0,0.0,0.0
7977,25,1.1283791670955126,11910.0,1671.0,45.00001609038752,0.0,0.0,0.0
7978,4150,14.538148590038452,11912.37951807229,1684.1927710843374,9.883621970342944,24.75962979422052,8.663115474814221,57.798989873223334
7979,75,1.9544100476116797,4834.333333333333,1673.6666666666667,-45.00001609038752,2.3094010767585034,1.3333333333333333,3.414213562373095
7980,25,1.1283791670955126,4832.0,1674.0,45.00001609038752,0.0,0.0,0.0
7981,25,1.1283791670955126,9502.0,1674.0,45.00001609038752,0.0,0.0,0.0
7982,25,1.1283791670955126,11894.0,1674.0,45.00001609038752,0.0,0.0,0.0
7983,50,1.5957691216057308,9504.5,1675.0,90.00003218077504,2.0,0.0,0.0
7984,25,1.1283791670955126,11916.0,1676.0,45.00001609038752,0.0,0.0,0.0
7985,25,1.1283791670955126,11892.0,1677.0,45.00001609038752,0.0,0.0,0.0
7986,450,4.787307364817192,11920.611111111111,1680.7777777777778,36.40312919353073,11.795586516068536,2.078684407359363,18.65685424949238
7987,100,2.256758334191025,4833.0,1678.5,58.28254642828171,3.23606797749979,1.2360679774997898,4.414213562373095
7988,75,1.9544100476116797,4827.666666666667,1679.3333333333333,-45.00001609038752,2.3094010767585034,1.3333333333333333,3.414213562373095
7989,150,2.763953195770684,9635.5,1680.0,0.0,3.265986323710904,2.0,6.0
7990,25,1.1283791670955126,11891.0,1679.0,45.00001609038752,0.0,0.0,0.0
7991,25,1.1283791670955126,4831.0,1680.0,45.00001609038752,0.0,0.0,0.0
7992,100,2.256758334191025,4835.5,1680.5,45.00001609038752,2.0,2.0,4.0
7993,50,1.5957691216057308,4850.5,1680.0,90.00003218077504,2.0,0.0,0.0
7994,50,1.5957691216057308,9663.5,1680.0,90.00003218077504,2.0,0.0,0.0
7995,100,2.256758334191025,4825.5,1682.0,-31.71748575249332,3.23606797749979,1.2360679774997898,4.414213562373095
7996,25,1.1283791670955126,4817.0,1682.0,45.00001609038752,0.0,0.0,0.0
7997,75,1.9544100476116797,5356.0,1683.0,0.0,3.265986323710904,0.0,1.0
7998,925,6.863662517577698,11052.567567567568,1687.1891891891892,28.161634993180684,13.854515130235605,4.959422636494384,28.692388155425117
7999,125,2.5231325220201604,4843.2,1684.2,45.00001609038752,4.0,1.3856406460551023,5.414213562373095
8000,25,1.1283791670955126,10212.0,1683.0,45.00001609038752,0.0,0.0,0.0
8001,75,1.9544100476116797,11017.333333333334,1685.6666666666667,-45.00001609038752,2.3094010767585034,1.3333333333333333,3.414213562373095
8002,75,1.9544100476116797,11025.0,1685.0,90.00003218077504,3.265986323710904,0.0,1.0
8003,50,1.5957691216057308,11029.5,1685.0,90.00003218077504,2.0,0.0,0.0
8004,11575,24.279825147895533,5350.161987041037,1716.7516198704104,-0.733084903752167,55.305222945233986,12.40510049311547,128.73401871576772
8005,25,1.1283791670955126,10354.0,1686.0,45.00001609038752,0.0,0.0,0.0
8006,25,1.1283791670955126,11020.0,1686.0,45.00001609038752,0.0,0.0,0.0
8007,25,1.1283791670955126,11037.0,1686.0,45.00001609038752,0.0,0.0,0.0
8008,50,1.5957691216057308,11924.0,1686.5,0.0,2.0,0.0,0.0
8009,25,1.1283791670955126,10355.0,1687.0,45.00001609038752,0.0,0.0,0.0
8010,25,1.1283791670955126,11016.0,1687.0,45.00001609038752,0.0,0.0,0.0
8011,25,1.1283791670955126,11041.0,1687.0,45.00001609038752,0.0,0.0,0.0
8012,50,1.5957691216057308,9493.5,1688.0,90.00003218077504,2.0,0.0,0.0
8013,50,1.5957691216057308,10356.0,1688.5,0.0,2.0,0.0,0.0
8014,25,1.1283791670955126,11044.0,1688.0,45.00001609038752,0.0,0.0,0.0
8015,75,1.9544100476116797,11046.333333333334,1688.6666666666667,-45.00001609038752,2.3094010767585034,1.3333333333333333,3.414213562373095
8016,25,1.1283791670955126,11887.0,1688.0,45.00001609038752,0.0,0.0,0.0
8017,1850,9.706684619910241,3208.0810810810813,1692.837837837838,86.13089180165747,15.067031770373855,10.55867649475206,56.45584412271571
8018,25,1.1283791670955126,11015.0,1689.0,45.00001609038752,0.0,0.0,0.0
8019,50,1.5957691216057308,11925.0,1689.5,0.0,2.0,0.0,0.0
8020,25,1.1283791670955126,4009.0,1690.0,45.00001609038752,0.0,0.0,0.0
8021,25,1.1283791670955126,11014.0,1690.0,45.00001609038752,0.0,0.0,0.0
8022,25,1.1283791670955126,11048.0,1690.0,45.00001609038752,0.0,0.0,0.0
8023,50,1.5957691216057308,3208.0,1691.5,0.0,2.0,0.0,0.0
8024,125,2.5231325220201604,3999.8,1692.2,-45.00001609038752,4.0,1.3856406460551023,5.414213562373095
8025,150,2.763953195770684,4845.833333333333,1692.0,-36.86991082919826,3.8297084310253524,1.8856180831641265,6.207106781186548
8026,25,1.1283791670955126,11013.0,1691.0,45.00001609038752,0.0,0.0,0.0
8027,25,1.1283791670955126,11049.0,1691.0,45.00001609038752,0.0,0.0,0.0
8028,25,1.1283791670955126,4843.0,1692.0,45.00001609038752,0.0,0.0,0.0
8029,100,2.256758334191025,9638.5,1693.0,31.71748575249332,3.23606797749979,1.2360679774997898,4.414213562373095
8030,425,4.652426491681278,9643.64705882353,1695.4705882352941,35.03480618378399,8.336796897584655,2.7901639235458533,12.65685424949238
8031,25,1.1283791670955126,11012.0,1692.0,45.00001609038752,0.0,0.0,0.0
8032,100,2.256758334191025,11051.0,1692.5,58.28254642828171,3.23606797749979,1.2360679774997898,4.414213562373095
8033,25,1.1283791670955126,11885.0,1692.0,45.00001609038752,0.0,0.0,0.0
8034,25,1.1283791670955126,11926.0,1692.0,45.00001609038752,0.0,0.0,0.0
8035,75,1.9544100476116797,3382.0,1694.0,0.0,3.265986323710904,0.0,1.0
8036,25,1.1283791670955126,4849.0,1693.0,45.00001609038752,0.0,0.0,0.0
8037,75,1.9544100476116797,11008.0,1694.0,0.0,3.265986323710904,0.0,1.0
8038,25,1.1283791670955126,11011.0,1694.0,45.00001609038752,0.0,0.0,0.0
8039,25,1.1283791670955126,11053.0,1694.0,45.00001609038752,0.0,0.0,0.0
8040,50,1.5957691216057308,3199.0,1695.5,0.0,2.0,0.0,0.0
8041,25,1.1283791670955126,5668.0,1695.0,45.00001609038752,0.0,0.0,0.0
8042,25,1.1283791670955126,11054.0,1695.0,45.00001609038752,0.0,0.0,0.0
8043,25,1.1283791670955126,4842.0,1696.0,45.00001609038752,0.0,0.0,0.0
8044,25,1.1283791670955126,11010.0,1696.0,45.00001609038752,0.0,0.0,0.0
8045,25,1.1283791670955126,11055.0,1696.0,45.00001609038752,0.0,0.0,0.0
8046,25,1.1283791670955126,3200.0,1697.0,45.00001609038752,0.0,0.0,0.0
8047,525,5.170882945826411,5357.761904761905,1702.6190476190477,-1.1784993396189423,10.72645635412935,2.7255081826942185,17.035533905932738
8048,150,2.763953195770684,11006.0,1697.5,90.00003218077504,3.265986323710904,2.0,6.0
8049,225,3.385137501286538,11057.333333333334,1698.4444444444443,40.26885329468103,5.311578320742263,2.04504216851777,9.242640687119284
8050,25,1.1283791670955126,3201.0,1698.0,45.00001609038752,0.0,0.0,0.0
8051,200,3.1915382432114616,5386.75,1699.25,-45.00001609038752,4.898979485566356,2.449489742783178,8.414213562373096
8052,100,2.256758334191025,9641.0,1698.5,58.28254642828171,3.23606797749979,1.2360679774997898,4.414213562373095
8053,25,1.1283791670955126,3087.0,1699.0,45.00001609038752,0.0,0.0,0.0
8054,25,1.1283791670955126,3383.0,1699.0,45.00001609038752,0.0,0.0,0.0
8055,25,1.1283791670955126,4013.0,1699.0,45.00001609038752,0.0,0.0,0.0
8056,25,1.1283791670955126,9639.0,1699.0,45.00001609038752,0.0,0.0,0.0
8057,75,1.9544100476116797,11884.0,1700.0,0.0,3.265986323710904,0.0,1.0
8058,25,1.1283791670955126,3102.0,1700.0,45.00001609038752,0.0,0.0,0.0
8059,50,1.5957691216057308,4014.5,1700.0,90.00003218077504,2.0,0.0,0.0
8060,25,1.1283791670955126,5383.0,1700.0,45.00001609038752,0.0,0.0,0.0
8061,25,1.1283791670955126,9637.0,1700.0,45.00001609038752,0.0,0.0,0.0
8062,25,1.1283791670955126,9644.0,1700.0,45.00001609038752,0.0,0.0,0.0
8063,325,4.068428945128219,9650.846153846154,1702.1538461538462,57.092227880413894,10.817111474168629,1.687627779188843,13.414213562373096
8064,675,5.863230142835039,11004.777777777777,1705.5185185185185,-13.727834669172948,13.111572832144056,3.2021883775169866,22.44974746830583
8065,25,1.1283791670955126,5378.0,1701.0,45.00001609038752,0.0,0.0,0.0
8066,25,1.1283791670955126,9635.0,1701.0,45.00001609038752,0.0,0.0,0.0
8067,25,1.1283791670955126,11060.0,1701.0,45.00001609038752,0.0,0.0,0.0
8068,25,1.1283791670955126,11071.0,1701.0,45.00001609038752,0.0,0.0,0.0
8069,25,1.1283791670955126,5375.0,1702.0,45.00001609038752,0.0,0.0,0.0
8070,25,1.1283791670955126,5389.0,1702.0,45.00001609038752,0.0,0.0,0.0
8071,25,1.1283791670955126,9490.0,1702.0,45.00001609038752,0.0,0.0,0.0
8072,25,1.1283791670955126,9634.0,1702.0,45.00001609038752,0.0,0.0,0.0
8073,25,1.1283791670955126,11062.0,1702.0,45.00001609038752,0.0,0.0,0.0
8074,25,1.1283791670955126,11064.0,1702.0,45.00001609038752,0.0,0.0,0.0
8075,25,1.1283791670955126,5171.0,1703.0,45.00001609038752,0.0,0.0,0.0
8076,25,1.1283791670955126,5372.0,1703.0,45.00001609038752,0.0,0.0,0.0
8077,25,1.1283791670955126,9633.0,1703.0,45.00001609038752,0.0,0.0,0.0
8078,6500,18.19456736586892,11596.723076923077,1715.7076923076922,10.345090724587196,26.863664476324697,13.180238193312169,80.39087296526012
8079,25,1.1283791670955126,5370.0,1704.0,45.00001609038752,0.0,0.0,0.0
8080,25,1.1283791670955126,9632.0,1704.0,45.00001609038752,0.0,0.0,0.0
8081,225,3.385137501286538,11902.888888888889,1705.3333333333333,20.300654581286288,3.885753375057407,2.7954428906961324,8.242640687119284
8082,25,1.1283791670955126,5368.0,1705.0,45.00001609038752,0.0,0.0,0.0
8083,25,1.1283791670955126,9631.0,1705.0,45.00001609038752,0.0,0.0,0.0
8084,25,1.1283791670955126,11929.0,1705.0,45.00001609038752,0.0,0.0,0.0
8085,25,1.1283791670955126,5360.0,1706.0,45.00001609038752,0.0,0.0,0.0
8086,25,1.1283791670955126,9630.0,1706.0,45.00001609038752,0.0,0.0,0.0
8087,25,1.1283791670955126,9655.0,1706.0,45.00001609038752,0.0,0.0,0.0
8088,60925,55.70354360828036,11606.382027082478,1771.2728764874846,23.02217049040202,150.4489289439054,25.865873713141877,417.09040379562157
8089,500,5.046265044040321,5365.85,1711.2,-13.089834365126507,8.235572148317548,3.4605420658989696,15.65685424949238
8090,25,1.1283791670955126,9629.0,1707.0,45.00001609038752,0.0,0.0,0.0
8091,25,1.1283791670955126,11885.0,1707.0,45.00001609038752,0.0,0.0,0.0
8092,50,1.5957691216057308,3089.5,1708.0,90.00003218077504,2.0,0.0,0.0
8093,25,1.1283791670955126,3385.0,1708.0,45.00001609038752,0.0,0.0,0.0
8094,275,3.742410318509555,4103.454545454545,1709.090909090909,-89.12689105842836,7.10791621830562,2.6702845532885453,11.621320343559644
8095,3650,13.63425735166143,5361.095890410959,1726.2260273972602,6.501423597014373,35.42401592932245,7.003661476988913,74.62741699796953
8096,25,1.1283791670955126,9625.0,1708.0,45.00001609038752,0.0,0.0,0.0
8097,150,2.763953195770684,9627.0,1709.5,-39.69018655370586,4.8496611975202075,1.3468925727763872,6.414213562373095
8098,25,1.1283791670955126,9656.0,1708.0,45.00001609038752,0.0,0.0,0.0
8099,100,2.256758334191025,10531.25,1708.75,-71.5650767661759,3.4641016151377544,1.4142135623730951,3.2071067811865475
8100,75,1.9544100476116797,11907.666666666666,1708.3333333333333,-45.00001609038752,2.3094010767585034,1.3333333333333333,3.414213562373095
8101,25,1.1283791670955126,4099.0,1709.0,45.00001609038752,0.0,0.0,0.0
8102,557725,168.5369425482044,9937.923663095611,1841.0909946658298,-1.4395743767159805,260.8167494928078,110.19293937857874,669.2741699796952
8103,25,1.1283791670955126,11590.0,1709.0,45.00001609038752,0.0,0.0,0.0
8104,25,1.1283791670955126,11886.0,1709.0,45.00001609038752,0.0,0.0,0.0
8105,25,1.1283791670955126,5363.0,1710.0,45.00001609038752,0.0,0.0,0.0
8106,25,1.1283791670955126,9657.0,1710.0,45.00001609038752,0.0,0.0,0.0
8107,50,1.5957691216057308,11008.0,1710.5,0.0,2.0,0.0,0.0
8108,25,1.1283791670955126,8366.0,1711.0,45.00001609038752,0.0,0.0,0.0
8109,25,1.1283791670955126,10521.0,1711.0,45.00001609038752,0.0,0.0,0.0
8110,50,1.5957691216057308,11901.0,1711.5,0.0,2.0,0.0,0.0
8111,25,1.1283791670955126,4089.0,1712.0,45.00001609038752,0.0,0.0,0.0
8112,75,1.9544100476116797,4128.333333333333,1712.3333333333333,45.00001609038752,2.3094010767585034,1.3333333333333333,3.414213562373095
8113,25,1.1283791670955126,11004.0,1712.0,45.00001609038752,0.0,0.0,0.0
8114,25,1.1283791670955126,11887.0,1712.0,45.00001609038752,0.0,0.0,0.0
8115,45100,47.92623643373464,3025.7267184035477,1749.6851441241686,-15.579960532972141,97.68839497164117,35.90399193318255,436.048773235279
8116,25,1.1283791670955126,3386.0,1713.0,45.00001609038752,0.0,0.0,0.0
8117,25,1.1283791670955126,4110.0,1713.0,45.00001609038752,0.0,0.0,0.0
8118,200,3.1915382432114616,5665.625,1714.125,35.53769049897454,4.898979485566356,2.3452078799117153,7.621320343559642
8119,25,1.1283791670955126,9625.0,1713.0,45.00001609038752,0.0,0.0,0.0
8120,25,1.1283791670955126,9658.0,1713.0,45.00001609038752,0.0,0.0,0.0
8121,25,1.1283791670955126,10521.0,1713.0,45.00001609038752,0.0,0.0,0.0
8122,775,6.282549314314218,11006.516129032258,1720.9032258064517,8.248860698247684,18.542041799885773,2.719102491166845,27.828427124746188
8123,25,1.1283791670955126,5390.0,1714.0,45.00001609038752,0.0,0.0,0.0
8124,25,1.1283791670955126,9622.0,1715.0,45.00001609038752,0.0,0.0,0.0
8125,116650,77.07746568053642,2990.9387055293614,1783.7944706386627,-4.787299962498077,137.21338336249192,49.66780388284631,412.1553749530773
8126,50,1.5957691216057308,5367.0,1716.5,0.0,2.0,0.0,0.0
8127,25,1.1283791670955126,9624.0,1716.0,45.00001609038752,0.0,0.0,0.0
8128,50,1.5957691216057308,3387.0,1717.5,0.0,2.0,0.0,0.0
8129,25,1.1283791670955126,5389.0,1717.0,45.00001609038752,0.0,0.0,0.0
8130,50,1.5957691216057308,5665.0,1717.5,0.0,2.0,0.0,0.0
8131,250,3.5682482323055424,9620.4,1720.1,-11.894338457777833,6.932520556713347,2.2847666687753603,8.207106781186548
8132,1450,8.593479713983122,5368.0,1729.1379310344828,13.667650076669952,24.376965762476768,3.8877130944107288,44.72792206135785
8133,50,1.5957691216057308,5368.0,1718.5,0.0,2.0,0.0,0.0
8134,25,1.1283791670955126,5388.0,1719.0,45.00001609038752,0.0,0.0,0.0
8135,25,1.1283791670955126,11889.0,1719.0,45.00001609038752,0.0,0.0,0.0
8136,125,2.5231325220201604,4033.6,1721.2,-18.43495541459913,3.098386676965933,1.7888543819998317,5.207106781186548
8137,25,1.1283791670955126,5369.0,1720.0,45.00001609038752,0.0,0.0,0.0
8138,25,1.1283791670955126,11079.0,1720.0,45.00001609038752,0.0,0.0,0.0
8139,100,2.256758334191025,11890.5,1721.0,31.71748575249332,3.23606797749979,1.2360679774997898,4.414213562373095
8140,650,5.753627391751592,4759.192307692308,1724.5,20.466561218613258,10.328380129616999,3.4365347370169954,19.449747468305834
8141,75,1.9544100476116797,5370.333333333333,1721.6666666666667,-45.00001609038752,2.3094010767585034,1.3333333333333333,3.414213562373095
8142,25,1.1283791670955126,7761.0,1721.0,45.00001609038752,0.0,0.0,0.0
8143,3344450,412.7122966614644,7860.599306313445,2033.2341790129917,8.179933981526855,515.9024382019732,373.2863304432331,4276.4938290072005
8144,25,1.1283791670955126,11077.0,1721.0,45.00001609038752,0.0,0.0,0.0
8145,75,1.9544100476116797,3388.0,1723.0,0.0,3.265986323710904,0.0,1.0
8146,25,1.1283791670955126,5386.0,1722.0,45.00001609038752,0.0,0.0,0.0
8147,25,1.1283791670955126,11078.0,1722.0,45.00001609038752,0.0,0.0,0.0
8148,225,3.385137501286538,11080.333333333334,1724.3333333333333,18.43495541459913,6.253887679764573,1.8856180831641265,8.414213562373096
8149,50,1.5957691216057308,11591.0,1722.5,0.0,2.0,0.0,0.0
8150,25,1.1283791670955126,5372.0,1723.0,45.00001609038752,0.0,0.0,0.0
8151,25,1.1283791670955126,5374.0,1723.0,45.00001609038752,0.0,0.0,0.0
8152,50,1.5957691216057308,5384.5,1723.0,90.00003218077504,2.0,0.0,0.0
8153,25,1.1283791670955126,8358.0,1723.0,45.00001609038752,0.0,0.0,0.0
8154,1575,8.95623198216277,11608.285714285714,1728.6190476190477,51.69261002726694,10.931596746222102,8.175593472794995,29.763455967290597
8155,25,1.1283791670955126,11892.0,1723.0,45.00001609038752,0.0,0.0,0.0
8156,247600,112.29498853936916,4790.7351575121165,1808.2878634894992,-22.796828010093947,178.9674062876445,94.57837561216228,881.914826307011
8157,25,1.1283791670955126,5376.0,1724.0,45.00001609038752,0.0,0.0,0.0
8158,50,1.5957691216057308,5382.5,1724.0,90.00003218077504,2.0,0.0,0.0
8159,125,2.5231325220201604,9621.0,1726.0,0.0,5.656854249492381,0.0,3.0
8160,25,1.1283791670955126,5378.0,1725.0,45.00001609038752,0.0,0.0,0.0
8161,25,1.1283791670955126,5381.0,1725.0,45.00001609038752,0.0,0.0,0.0
8162,1625,9.09728368293446,5375.415384615385,1732.446153846154,12.751371873215756,15.44067873327216,5.813236988076907,34.72792206135786
8163,50,1.5957691216057308,5379.5,1726.0,90.00003218077504,2.0,0.0,0.0
8164,23750,34.77898169151024,8351.083157894736,1753.0157894736842,-11.333382818060905,47.60330246102744,28.224968677640735,139.77564927611036
8165,25,1.1283791670955126,9662.0,1726.0,45.00001609038752,0.0,0.0,0.0
8166,25,1.1283791670955126,10319.0,1726.0,45.00001609038752,0.0,0.0,0.0
8167,50,1.5957691216057308,3389.0,1727.5,0.0,2.0,0.0,0.0
8168,25,1.1283791670955126,11011.0,1727.0,45.00001609038752,0.0,0.0,0.0
8169,25,1.1283791670955126,11894.0,1727.0,45.00001609038752,0.0,0.0,0.0
8170,25,1.1283791670955126,9624.0,1728.0,45.00001609038752,0.0,0.0,0.0
8171,25,1.1283791670955126,11082.0,1728.0,45.00001609038752,0.0,0.0,0.0
8172,25,1.1283791670955126,11888.0,1728.0,45.00001609038752,0.0,0.0,0.0
8173,150,2.763953195770684,4757.5,1730.0,50.30984562706919,4.8496611975202075,1.3468925727763872,6.414213562373095
8174,75,1.9544100476116797,11009.0,1730.0,0.0,3.265986323710904,0.0,1.0
8175,25,1.1283791670955126,11032.0,1730.0,45.00001609038752,0.0,0.0,0.0
8176,25,1.1283791670955126,11083.0,1730.0,45.00001609038752,0.0,0.0,0.0
8177,25,1.1283791670955126,11895.0,1730.0,45.00001609038752,0.0,0.0,0.0
8178,25,1.1283791670955126,3390.0,1731.0,45.00001609038752,0.0,0.0,0.0
8179,25,1.1283791670955126,11084.0,1731.0,45.00001609038752,0.0,0.0,0.0
8180,875,6.6755811781245455,4757.742857142857,1735.2285714285715,-84.64306389206743,13.412036536053945,5.711689627818873,27.27817459305202
8181,25,1.1283791670955126,9626.0,1732.0,45.00001609038752,0.0,0.0,0.0
8182,2150,10.464157913908982,11014.918604651162,1757.2674418604652,12.83867229703254,54.18232332896416,3.042694725150468,77.14213562373095
8183,125,2.5231325220201604,11085.8,1733.0,55.900724731264845,3.335641688875783,2.0575457524521585,5.621320343559642
8184,38675,44.38132012125481,11635.500323206206,1768.3464770523594,11.164187328041248,70.39048933385531,29.55840187439776,189.58073580374355
8185,25,1.1283791670955126,11896.0,1732.0,45.00001609038752,0.0,0.0,0.0
8186,25,1.1283791670955126,11925.0,1732.0,45.00001609038752,0.0,0.0,0.0
8187,75,1.9544100476116797,9627.333333333334,1733.6666666666667,-45.00001609038752,2.3094010767585034,1.3333333333333333,3.414213562373095
8188,75,1.9544100476116797,11030.666666666666,1733.6666666666667,45.00001609038752,2.3094010767585034,1.3333333333333333,3.414213562373095
8189,244475,111.58409164376953,11117.133244708048,1837.4657940484713,12.442027506178759,186.50671275245733,73.96469437382426,517.0020920410531
8190,25,1.1283791670955126,11897.0,1734.0,45.00001609038752,0.0,0.0,0.0
8191,2284300,341.0842178722746,8149.1204745436235,1948.9840213632185,-13.635846354989642,448.80299594014775,300.98913380995845,2139.012372777569
8192,25,1.1283791670955126,9629.0,1735.0,45.00001609038752,0.0,0.0,0.0
8193,50,1.5957691216057308,11008.0,1735.5,0.0,2.0,0.0,0.0
8194,125,2.5231325220201604,11898.8,1736.2,-45.00001609038752,4.0,1.3856406460551023,5.414213562373095
8195,25,1.1283791670955126,11923.0,1735.0,45.00001609038752,0.0,0.0,0.0
8196,25,1.1283791670955126,9630.0,1736.0,45.00001609038752,0.0,0.0,0.0
8197,25,1.1283791670955126,9631.0,1737.0,45.00001609038752,0.0,0.0,0.0
8198,4650,15.389040103942165,4764.634408602151,1762.983870967742,3.9253876076250798,64.79072395517146,5.719054638134983,121.6335136523794
8199,25,1.1283791670955126,9632.0,1738.0,45.00001609038752,0.0,0.0,0.0
8200,25,1.1283791670955126,11901.0,1738.0,45.00001609038752,0.0,0.0,0.0
8201,25,1.1283791670955126,11920.0,1738.0,45.00001609038752,0.0,0.0,0.0
8202,100,2.256758334191025,4756.0,1739.25,90.00003218077504,2.8284271247461903,1.7320508075688772,4.621320343559642
8203,25,1.1283791670955126,9633.0,1739.0,45.00001609038752,0.0,0.0,0.0
8204,1850,9.706684619910241,3021.945945945946,1744.3918918918919,19.82333575596309,10.397532202638649,10.181236508122087,35.59188309203678
8205,25,1.1283791670955126,9634.0,1740.0,45.00001609038752,0.0,0.0,0.0
8206,275,3.742410318509555,4758.545454545455,1743.0,5.030346696332568,5.129312888312773,3.107586111847716,10.035533905932738
8207,25,1.1283791670955126,9635.0,1741.0,45.00001609038752,0.0,0.0,0.0
8208,25,1.1283791670955126,11009.0,1741.0,45.00001609038752,0.0,0.0,0.0
8209,25,1.1283791670955126,9636.0,1742.0,45.00001609038752,0.0,0.0,0.0
8210,25,1.1283791670955126,11908.0,1742.0,45.00001609038752,0.0,0.0,0.0
8211,125,2.5231325220201604,9634.8,1744.2,-45.00001609038752,4.0,1.3856406460551023,5.414213562373095
8212,25,1.1283791670955126,9637.0,1743.0,45.00001609038752,0.0,0.0,0.0
8213,50,1.5957691216057308,11909.5,1743.0,90.00003218077504,2.0,0.0,0.0
8214,25,1.1283791670955126,3079.0,1744.0,45.00001609038752,0.0,0.0,0.0
8215,25,1.1283791670955126,9638.0,1744.0,45.00001609038752,0.0,0.0,0.0
8216,50,1.5957691216057308,11096.5,1744.0,90.00003218077504,2.0,0.0,0.0
8217,25,1.1283791670955126,3078.0,1745.0,45.00001609038752,0.0,0.0,0.0
8218,25,1.1283791670955126,3080.0,1745.0,45.00001609038752,0.0,0.0,0.0
8219,25,1.1283791670955126,3393.0,1745.0,45.00001609038752,0.0,0.0,0.0
8220,25,1.1283791670955126,9639.0,1745.0,45.00001609038752,0.0,0.0,0.0
8221,25,1.1283791670955126,3075.0,1746.0,45.00001609038752,0.0,0.0,0.0
8222,25,1.1283791670955126,3081.0,1746.0,45.00001609038752,0.0,0.0,0.0
8223,25,1.1283791670955126,9637.0,1746.0,45.00001609038752,0.0,0.0,0.0
8224,25,1.1283791670955126,9640.0,1746.0,45.00001609038752,0.0,0.0,0.0
8225,100,2.256758334191025,11008.75,1746.75,18.43495541459913,3.4641016151377544,1.4142135623730951,3.2071067811865475
8226,50,1.5957691216057308,11885.5,1746.0,90.00003218077504,2.0,0.0,0.0
8227,25,1.1283791670955126,3072.0,1747.0,45.00001609038752,0.0,0.0,0.0
8228,25,1.1283791670955126,3084.0,1747.0,45.00001609038752,0.0,0.0,0.0
8229,750,6.180387232371033,3094.1,1752.1666666666667,44.05560884377084,16.017670467156382,2.509273804870352,7.8639610306789285
8230,25,1.1283791670955126,9641.0,1747.0,45.00001609038752,0.0,0.0,0.0
8231,25,1.1283791670955126,3069.0,1748.0,45.00001609038752,0.0,0.0,0.0
8232,25,1.1283791670955126,3087.0,1748.0,45.00001609038752,0.0,0.0,0.0
8233,25,1.1283791670955126,5289.0,1748.0,45.00001609038752,0.0,0.0,0.0
8234,50,1.5957691216057308,9642.0,1748.5,0.0,2.0,0.0,0.0
8235,25,1.1283791670955126,11887.0,1748.0,45.00001609038752,0.0,0.0,0.0
8236,25,1.1283791670955126,3067.0,1749.0,45.00001609038752,0.0,0.0,0.0
8237,50,1.5957691216057308,3394.0,1749.5,0.0,2.0,0.0,0.0
8238,25,1.1283791670955126,9639.0,1749.0,45.00001609038752,0.0,0.0,0.0
8239,50,1.5957691216057308,11008.0,1749.5,0.0,2.0,0.0,0.0
8240,25,1.1283791670955126,3064.0,1750.0,45.00001609038752,0.0,0.0,0.0
8241,25,1.1283791670955126,5625.0,1750.0,45.00001609038752,0.0,0.0,0.0
8242,50,1.5957691216057308,9643.0,1750.5,0.0,2.0,0.0,0.0
8243,25,1.1283791670955126,3061.0,1751.0,45.00001609038752,0.0,0.0,0.0
8244,25,1.1283791670955126,5291.0,1751.0,45.00001609038752,0.0,0.0,0.0
8245,100,2.256758334191025,5340.0,1751.75,90.00003218077504,2.8284271247461903,1.7320508075688772,4.621320343559642
8246,25,1.1283791670955126,11884.0,1751.0,45.00001609038752,0.0,0.0,0.0
8247,25,1.1283791670955126,3059.0,1752.0,45.00001609038752,0.0,0.0,0.0
8248,50,1.5957691216057308,9644.0,1752.5,0.0,2.0,0.0,0.0
8249,100,2.256758334191025,11009.25,1753.25,18.43495541459913,3.4641016151377544,1.4142135623730951,3.2071067811865475
8250,25,1.1283791670955126,3057.0,1753.0,45.00001609038752,0.0,0.0,0.0
8251,25,1.1283791670955126,5337.0,1753.0,45.00001609038752,0.0,0.0,0.0
8252,150,2.763953195770684,5344.5,1753.0,90.00003218077504,6.831300510639732,0.0,4.0
8253,25,1.1283791670955126,11888.0,1753.0,45.00001609038752,0.0,0.0,0.0
8254,25,1.1283791670955126,3055.0,1754.0,45.00001609038752,0.0,0.0,0.0
8255,75,1.9544100476116797,3395.0,1755.0,0.0,3.265986323710904,0.0,1.0
8256,50,1.5957691216057308,5335.5,1754.0,90.00003218077504,2.0,0.0,0.0
8257,25,1.1283791670955126,5348.0,1754.0,45.00001609038752,0.0,0.0,0.0
8258,25,1.1283791670955126,3052.0,1755.0,45.00001609038752,0.0,0.0,0.0
8259,24475,35.30582833323309,3121.6241062308477,1773.7854954034729,30.826842691659927,41.564092154118946,31.82246613165027,140.2609306503489
8260,100,2.256758334191025,5333.5,1756.0,-31.71748575249332,3.23606797749979,1.2360679774997898,4.414213562373095
8261,50,1.5957691216057308,5349.0,1755.5,0.0,2.0,0.0,0.0
8262,25,1.1283791670955126,11887.0,1755.0,45.00001609038752,0.0,0.0,0.0
8263,200,3.1915382432114616,3046.5,1757.625,46.192988532145975,3.857149600075952,2.9786569058275107,8.65685424949238
8264,500,5.046265044040321,5339.65,1758.2,-64.07175878435456,8.293065503220712,3.553176685628033,17.27817459305202
8265,25,1.1283791670955126,9645.0,1756.0,45.00001609038752,0.0,0.0,0.0
8266,25,1.1283791670955126,3049.0,1757.0,45.00001609038752,0.0,0.0,0.0
8267,50,1.5957691216057308,3100.0,1758.5,0.0,2.0,0.0,0.0
8268,150,2.763953195770684,5331.166666666667,1759.5,-30.963767603603344,4.320493798938573,1.8856180831641272,6.621320343559642
8269,25,1.1283791670955126,5350.0,1758.0,45.00001609038752,0.0,0.0,0.0
8270,50,1.5957691216057308,11889.5,1758.0,90.00003218077504,2.0,0.0,0.0
8271,25,1.1283791670955126,3044.0,1759.0,45.00001609038752,0.0,0.0,0.0
8272,50,1.5957691216057308,3396.0,1759.5,0.0,2.0,0.0,0.0
8273,25,1.1283791670955126,9662.0,1759.0,45.00001609038752,0.0,0.0,0.0
8274,25,1.1283791670955126,3043.0,1760.0,45.00001609038752,0.0,0.0,0.0
8275,25,1.1283791670955126,3098.0,1760.0,45.00001609038752,0.0,0.0,0.0
8276,25,1.1283791670955126,9661.0,1760.0,45.00001609038752,0.0,0.0,0.0
8277,25,1.1283791670955126,11074.0,1760.0,45.00001609038752,0.0,0.0,0.0
8278,25,1.1283791670955126,3042.0,1761.0,45.00001609038752,0.0,0.0,0.0
8279,500,5.046265044040321,3103.25,1766.45,17.548844653732434,13.008577939752637,2.3951826622161887,19.207106781186546
8280,25,1.1283791670955126,9660.0,1761.0,45.00001609038752,0.0,0.0,0.0
8281,125,2.5231325220201604,11078.4,1762.2,18.43495541459913,3.098386676965933,1.7888543819998317,5.207106781186548
8282,2582050,362.63304683844945,4647.962800875273,2002.9343351213183,56.338020859992575,577.9897193587832,302.42532090583586,3556.015690307898
8283,50,1.5957691216057308,5332.0,1762.5,0.0,2.0,0.0,0.0
8284,175,2.985410660720923,9655.57142857143,1763.2857142857142,8.34962510252249,4.155374705678736,1.9054711331003737,7.207106781186548
8285,175,2.985410660720923,9658.57142857143,1763.2857142857142,8.34962510252249,4.155374705678736,1.9054711331003737,7.207106781186548
8286,6750,18.5411616971131,9657.17037037037,1778.1222222222223,-21.976330197533496,28.677663476469128,14.137919959021554,81.59797974644667
8287,100,2.256758334191025,11075.5,1762.5,45.00001609038752,2.0,2.0,4.0
8288,25,1.1283791670955126,3040.0,1763.0,45.00001609038752,0.0,0.0,0.0
8289,50,1.5957691216057308,3397.0,1763.5,0.0,2.0,0.0,0.0
8290,25,1.1283791670955126,9647.0,1763.0,45.00001609038752,0.0,0.0,0.0
8291,25,1.1283791670955126,3039.0,1764.0,45.00001609038752,0.0,0.0,0.0
8292,50,1.5957691216057308,5330.0,1764.5,0.0,2.0,0.0,0.0
8293,25,1.1283791670955126,5349.0,1764.0,45.00001609038752,0.0,0.0,0.0
8294,25,1.1283791670955126,8332.0,1764.0,45.00001609038752,0.0,0.0,0.0
8295,25,1.1283791670955126,11019.0,1764.0,45.00001609038752,0.0,0.0,0.0
8296,25,1.1283791670955126,5333.0,1765.0,45.00001609038752,0.0,0.0,0.0
8297,25,1.1283791670955126,11077.0,1765.0,45.00001609038752,0.0,0.0,0.0
8298,25,1.1283791670955126,5331.0,1766.0,45.00001609038752,0.0,0.0,0.0
8299,25,1.1283791670955126,5334.0,1766.0,45.00001609038752,0.0,0.0,0.0
8300,25,1.1283791670955126,5348.0,1766.0,45.00001609038752,0.0,0.0,0.0
8301,50,1.5957691216057308,9658.0,1766.5,0.0,2.0,0.0,0.0
8302,775,6.282549314314218,3031.7419354838707,1775.5806451612902,-14.905080428081272,19.283815829381794,2.3821228963778847,28.828427124746188
8303,25,1.1283791670955126,5335.0,1767.0,45.00001609038752,0.0,0.0,0.0
8304,25,1.1283791670955126,5347.0,1767.0,45.00001609038752,0.0,0.0,0.0
8305,21700,33.244126170349574,8223.239631336406,1798.8721198156682,-1.7390631146066642,72.39171695112185,16.87282051967733,177.84062043356596
8306,25,1.1283791670955126,8384.0,1767.0,45.00001609038752,0.0,0.0,0.0
8307,25,1.1283791670955126,3037.0,1768.0,45.00001609038752,0.0,0.0,0.0
8308,25,1.1283791670955126,3398.0,1768.0,45.00001609038752,0.0,0.0,0.0
8309,50,1.5957691216057308,5337.5,1768.0,90.00003218077504,2.0,0.0,0.0
8310,25,1.1283791670955126,5345.0,1768.0,45.00001609038752,0.0,0.0,0.0
8311,25,1.1283791670955126,9657.0,1768.0,45.00001609038752,0.0,0.0,0.0
8312,50,1.5957691216057308,5334.0,1769.5,0.0,2.0,0.0,0.0
8313,50,1.5957691216057308,9650.5,1769.0,90.00003218077504,2.0,0.0,0.0
8314,25,1.1283791670955126,3036.0,1770.0,45.00001609038752,0.0,0.0,0.0
8315,2208825,335.402047542924,8378.210745532127,2009.9146944642514,-2.1589940938686802,425.3185971380046,300.64638405718046,1407.0641046056785
8316,25,1.1283791670955126,11021.0,1770.0,45.00001609038752,0.0,0.0,0.0
8317,25,1.1283791670955126,9.0,1772.0,45.00001609038752,0.0,0.0,0.0
8318,25,1.1283791670955126,10.0,1773.0,45.00001609038752,0.0,0.0,0.0
8319,925,6.863662517577698,3106.2702702702704,1782.972972972973,7.368828044711881,21.370135308994183,2.646083534817967,32.03553390593274
8320,25,1.1283791670955126,11.0,1774.0,45.00001609038752,0.0,0.0,0.0
8321,25,1.1283791670955126,3102.0,1774.0,45.00001609038752,0.0,0.0,0.0
8322,50,1.5957691216057308,11016.0,1774.5,0.0,2.0,0.0,0.0
8323,50,1.5957691216057308,3026.0,1779.5,0.0,2.0,0.0,0.0
8324,25,1.1283791670955126,8076.0,1779.0,45.00001609038752,0.0,0.0,0.0
8325,25,1.1283791670955126,11024.0,1779.0,45.00001609038752,0.0,0.0,0.0
8326,50,1.5957691216057308,3066.0,1780.5,0.0,2.0,0.0,0.0
8327,100,2.256758334191025,8074.0,1780.25,90.00003218077504,2.8284271247461903,1.7320508075688772,4.621320343559642
8328,25,1.1283791670955126,11016.0,1780.0,45.00001609038752,0.0,0.0,0.0
8329,125,2.5231325220201604,11022.6,1781.4,20.99361375446966,4.34169545110285,1.2765894445250698,4.207106781186548
8330,75,1.9544100476116797,3059.6666666666665,1781.6666666666667,45.00001609038752,2.3094010767585034,1.3333333333333333,3.414213562373095
8331,25,1.1283791670955126,3401.0,1782.0,45.00001609038752,0.0,0.0,0.0
8332,25,1.1283791670955126,20.0,1783.0,45.00001609038752,0.0,0.0,0.0
8333,25,1.1283791670955126,11026.0,1783.0,45.00001609038752,0.0,0.0,0.0
8334,150,2.763953195770684,3032.5,1785.5,-18.43495541459913,3.9999999999999996,1.632993161855452,6.414213562373095
8335,25,1.1283791670955126,11027.0,1785.0,45.00001609038752,0.0,0.0,0.0
8336,25,1.1283791670955126,11028.0,1787.0,45.00001609038752,0.0,0.0,0.0
8337,25,1.1283791670955126,11684.0,1787.0,45.00001609038752,0.0,0.0,0.0
8338,25,1.1283791670955126,3110.0,1788.0,45.00001609038752,0.0,0.0,0.0
8339,25,1.1283791670955126,9649.0,1788.0,45.00001609038752,0.0,0.0,0.0
8340,25,1.1283791670955126,3031.0,1789.0,45.00001609038752,0.0,0.0,0.0
8341,200,3.1915382432114616,3063.0,1791.75,24.407046144227184,4.100618600451318,2.4869513653533066,7.82842712474619
8342,100,2.256758334191025,3104.25,1792.0,0.0,2.8284271247461903,1.7320508075688772,4.621320343559642
8343,25,1.1283791670955126,9660.0,1792.0,45.00001609038752,0.0,0.0,0.0
8344,25,1.1283791670955126,768.0,1793.0,45.00001609038752,0.0,0.0,0.0
8345,25,1.1283791670955126,11686.0,1793.0,45.00001609038752,0.0,0.0,0.0
8346,25,1.1283791670955126,831.0,1794.0,45.00001609038752,0.0,0.0,0.0
8347,125,2.5231325220201604,4840.6,1794.8,18.43495541459913,3.098386676965933,1.7888543819998317,5.207106781186548
8348,25,1.1283791670955126,9656.0,1794.0,45.00001609038752,0.0,0.0,0.0
8349,125,2.5231325220201604,9659.0,1795.0,45.00001609038752,2.5298221281347035,2.5298221281347035,5.656854249492381
8350,75,1.9544100476116797,768.6666666666666,1795.6666666666667,45.00001609038752,2.3094010767585034,1.3333333333333333,3.414213562373095
8351,6915150,593.4523548786494,1749.2474349797185,2142.62145072775,8.439757059215681,625.1788121945291,582.5299302338748,2153.695705685754
8352,925,6.863662517577698,3072.189189189189,1800.7837837837837,39.68447823726045,9.221142228620188,5.23255135721691,22.48528137423857
8353,75,1.9544100476116797,9660.666666666666,1797.6666666666667,45.00001609038752,2.3094010767585034,1.3333333333333333,3.414213562373095
8354,75,1.9544100476116797,4764.0,1800.0,0.0,3.265986323710904,0.0,1.0
8355,175,2.985410660720923,4840.714285714285,1800.857142857143,4.30782563240559,4.99392736656725,1.772659614960501,6.207106781186548
8356,25,1.1283791670955126,35.0,1801.0,45.00001609038752,0.0,0.0,0.0
8357,50,1.5957691216057308,9661.5,1801.0,90.00003218077504,2.0,0.0,0.0
8358,75,1.9544100476116797,3068.3333333333335,1802.6666666666667,-45.00001609038752,2.3094010767585034,1.3333333333333333,3.414213562373095
8359,950,6.955796338302048,4759.5,1813.2368421052631,-18.643681903571753,24.61022880273872,2.420781688467703,33.242640687119284
8360,25,1.1283791670955126,4838.0,1802.0,45.00001609038752,0.0,0.0,0.0
8361,25,1.1283791670955126,3025.0,1803.0,45.00001609038752,0.0,0.0,0.0
8362,200,3.1915382432114616,4838.125,1804.875,-45.00001609038752,3.4641016151377544,2.7386127875258306,7.414213562373095
8363,25,1.1283791670955126,3024.0,1805.0,45.00001609038752,0.0,0.0,0.0
8364,1050,7.312732791431452,3068.3333333333335,1809.547619047619,-11.927232997098612,10.730679393744863,5.218135393243404,25.31370849898476
8365,375,4.370193722368317,4841.4,1809.7333333333333,8.633758500951519,8.277786759134937,2.591100524071939,11.621320343559642
8366,25,1.1283791670955126,11036.0,1807.0,45.00001609038752,0.0,0.0,0.0
8367,25,1.1283791670955126,3015.0,1809.0,45.00001609038752,0.0,0.0,0.0
8368,325,4.068428945128219,3012.6923076923076,1814.1538461538462,-23.627295931238887,9.465530899673295,2.123731071268134,12.242640687119284
8369,25,1.1283791670955126,3022.0,1810.0,45.00001609038752,0.0,0.0,0.0
8370,25,1.1283791670955126,3021.0,1812.0,45.00001609038752,0.0,0.0,0.0
8371,25,1.1283791670955126,3065.0,1812.0,45.00001609038752,0.0,0.0,0.0
8372,100,2.256758334191025,4838.75,1812.75,18.43495541459913,3.4641016151377544,1.4142135623730951,3.2071067811865475
8373,25,1.1283791670955126,11063.0,1813.0,45.00001609038752,0.0,0.0,0.0
8374,25,1.1283791670955126,11039.0,1814.0,45.00001609038752,0.0,0.0,0.0
8375,8025,20.216574731145414,4831.015576323987,1846.3457943925234,-39.2889097155507,73.45296454671622,24.926629083573747,179.3380951166243
8376,37150,43.49751675068879,8278.504710632571,1879.1090174966353,-27.075035898861522,124.91661874181239,24.099679512304256,289.96551211459376
8377,25,1.1283791670955126,11040.0,1815.0,45.00001609038752,0.0,0.0,0.0
8378,275,3.742410318509555,3075.909090909091,1818.6363636363637,15.070698164777372,4.346129984141888,3.067356324605906,9.414213562373096
8379,25,1.1283791670955126,11042.0,1819.0,45.00001609038752,0.0,0.0,0.0
8380,50,1.5957691216057308,3072.5,1820.0,90.00003218077504,2.0,0.0,0.0
8381,25,1.1283791670955126,4382.0,1820.0,45.00001609038752,0.0,0.0,0.0
8382,25,1.1283791670955126,11043.0,1821.0,45.00001609038752,0.0,0.0,0.0
8383,25,1.1283791670955126,11045.0,1822.0,45.00001609038752,0.0,0.0,0.0
8384,25,1.1283791670955126,11046.0,1823.0,45.00001609038752,0.0,0.0,0.0
8385,25,1.1283791670955126,4756.0,1824.0,45.00001609038752,0.0,0.0,0.0
8386,25,1.1283791670955126,11047.0,1824.0,45.00001609038752,0.0,0.0,0.0
8387,25,1.1283791670955126,11077.0,1824.0,45.00001609038752,0.0,0.0,0.0
8388,4519350,479.75890347126887,7321.201843185414,2073.0577295407525,87.08359184141867,699.7058264485383,379.2757917020822,2733.6805537841037
8389,25,1.1283791670955126,11048.0,1825.0,45.00001609038752,0.0,0.0,0.0
8390,25,1.1283791670955126,11076.0,1825.0,45.00001609038752,0.0,0.0,0.0
8391,25,1.1283791670955126,3012.0,1826.0,45.00001609038752,0.0,0.0,0.0
8392,175,2.985410660720923,5357.142857142857,1827.857142857143,-52.26724622915774,4.742948410893375,2.0688041414512024,6.0
8393,25,1.1283791670955126,11050.0,1827.0,45.00001609038752,0.0,0.0,0.0
8394,38725,44.40999949104669,2975.345384118786,1874.0329244673983,1.042221384333547,82.65810608247521,26.247950288068044,241.06601717798213
8395,125,2.5231325220201604,11041.4,1829.2,18.43495541459913,3.098386676965933,1.7888543819998317,5.207106781186548
8396,25,1.1283791670955126,11051.0,1828.0,45.00001609038752,0.0,0.0,0.0
8397,25,1.1283791670955126,11074.0,1828.0,45.00001609038752,0.0,0.0,0.0
8398,50,1.5957691216057308,3013.0,1829.5,0.0,2.0,0.0,0.0
8399,225,3.385137501286538,3017.777777777778,1831.0,30.47270884640629,5.05148838721935,3.041035542796809,8.621320343559642
8400,75,1.9544100476116797,5358.666666666667,1829.6666666666667,45.00001609038752,2.3094010767585034,1.3333333333333333,3.414213562373095
8401,25,1.1283791670955126,11053.0,1829.0,45.00001609038752,0.0,0.0,0.0
8402,25,1.1283791670955126,11073.0,1829.0,45.00001609038752,0.0,0.0,0.0
8403,25,1.1283791670955126,11054.0,1830.0,45.00001609038752,0.0,0.0,0.0
8404,25,1.1283791670955126,11072.0,1830.0,45.00001609038752,0.0,0.0,0.0
8405,75,1.9544100476116797,4538.666666666667,1831.6666666666667,45.00001609038752,2.3094010767585034,1.3333333333333333,3.414213562373095
8406,25,1.1283791670955126,11056.0,1831.0,45.00001609038752,0.0,0.0,0.0
8407,25,1.1283791670955126,11071.0,1831.0,45.00001609038752,0.0,0.0,0.0
8408,100,2.256758334191025,5356.25,1832.75,-71.5650767661759,3.4641016151377544,1.4142135623730951,3.2071067811865475
8409,25,1.1283791670955126,11070.0,1832.0,45.00001609038752,0.0,0.0,0.0
8410,164825,91.62133113221466,3027.3902623995145,1900.450174427423,33.65078177939189,123.06806496507326,78.28242202143389,433.4873734152916
8411,25,1.1283791670955126,11062.0,1833.0,45.00001609038752,0.0,0.0,0.0
8412,100,2.256758334191025,11068.0,1833.25,90.00003218077504,2.8284271247461903,1.7320508075688772,4.621320343559642
8413,250,3.5682482323055424,4535.5,1835.3,52.46572734892617,4.725632640631814,2.7255084196889197,8.449747468305834
8414,100,2.256758334191025,11065.0,1834.25,90.00003218077504,2.8284271247461903,1.7320508075688772,4.621320343559642
8415,50,1.5957691216057308,4539.5,1835.0,90.00003218077504,2.0,0.0,0.0
8416,25,1.1283791670955126,3020.0,1836.0,45.00001609038752,0.0,0.0,0.0
8417,725,6.076507779746499,5356.379310344828,1838.8620689655172,-47.090101224779254,8.781024801772542,4.610065047758817,21.899494936611667
8418,25,1.1283791670955126,3021.0,1838.0,45.00001609038752,0.0,0.0,0.0
8419,21075,32.7618823667344,4568.4045077105575,1884.6749703440096,30.78270118987906,119.09077590109996,14.388335414795874,325.50461735799473
8420,25,1.1283791670955126,5320.0,1839.0,45.00001609038752,0.0,0.0,0.0
8421,125,2.5231325220201604,5323.2,1840.0,-55.900724731264845,3.335641688875783,2.0575457524521585,5.621320343559642
8422,25,1.1283791670955126,3022.0,1840.0,45.00001609038752,0.0,0.0,0.0
8423,50,1.5957691216057308,5321.0,1841.5,0.0,2.0,0.0,0.0
8424,50,1.5957691216057308,5325.5,1841.0,90.00003218077504,2.0,0.0,0.0
8425,25,1.1283791670955126,962.0,1842.0,45.00001609038752,0.0,0.0,0.0
8426,25,1.1283791670955126,3023.0,1842.0,45.00001609038752,0.0,0.0,0.0
8427,375,4.370193722368317,3074.6,1844.8,46.58993171881629,6.005921862197185,3.6049367888839,10.449747468305832
8428,100,2.256758334191025,4128.5,1844.0,-31.71748575249332,3.23606797749979,1.2360679774997898,4.414213562373095
8429,250,3.5682482323055424,5324.2,1844.8,-34.481256816546555,4.961560666634937,3.962690468772584,10.621320343559642
8430,25,1.1283791670955126,963.0,1844.0,45.00001609038752,0.0,0.0,0.0
8431,25,1.1283791670955126,4751.0,1844.0,45.00001609038752,0.0,0.0,0.0
8432,125,2.5231325220201604,5318.8,1844.4,-71.5650767661759,3.098386676965933,1.7888543819998317,5.207106781186548
8433,25,1.1283791670955126,4750.0,1845.0,45.00001609038752,0.0,0.0,0.0
8434,25,1.1283791670955126,964.0,1846.0,45.00001609038752,0.0,0.0,0.0
8435,25,1.1283791670955126,4120.0,1846.0,45.00001609038752,0.0,0.0,0.0
8436,25,1.1283791670955126,4123.0,1846.0,45.00001609038752,0.0,0.0,0.0
8437,25,1.1283791670955126,4749.0,1846.0,45.00001609038752,0.0,0.0,0.0
8438,50,1.5957691216057308,5321.0,1846.5,0.0,2.0,0.0,0.0
8439,175,2.985410660720923,4121.428571428572,1849.142857142857,14.678882020035983,5.133805351608394,1.5423153015346875,6.207106781186548
8440,25,1.1283791670955126,4748.0,1847.0,45.00001609038752,0.0,0.0,0.0
8441,450,4.787307364817192,3072.5,1850.0,55.99558498059611,6.343505858071436,3.9135008603766694,14.278174593052023
8442,25,1.1283791670955126,4747.0,1848.0,45.00001609038752,0.0,0.0,0.0
8443,50,1.5957691216057308,5322.5,1848.0,90.00003218077504,2.0,0.0,0.0
8444,100,2.256758334191025,3066.5,1849.5,45.00001609038752,2.0,2.0,4.0
8445,25,1.1283791670955126,4746.0,1849.0,45.00001609038752,0.0,0.0,0.0
8446,32275,40.5432146265327,11890.426026336174,1878.4678543764524,5.322408165502199,55.01250768633391,30.452184777806,165.53910524340094
8447,25,1.1283791670955126,4541.0,1850.0,45.00001609038752,0.0,0.0,0.0
8448,350,4.222008245644752,4681.857142857143,1852.642857142857,-2.3334300200701605,5.781091525583112,3.6543796979669163,12.035533905932738
8449,1900,9.83698151873187,4734.460526315789,1859.407894736842,-44.88915438968397,29.407874730863686,4.797524256727065,56.66295090390226
8450,50,1.5957691216057308,11890.5,1850.0,90.00003218077504,2.0,0.0,0.0
8451,25,1.1283791670955126,3027.0,1851.0,45.00001609038752,0.0,0.0,0.0
8452,275,3.742410318509555,5349.363636363636,1852.1818181818182,89.17387954654691,5.975633832514127,2.862276497124887,10.414213562373096
8453,25,1.1283791670955126,5353.0,1851.0,45.00001609038752,0.0,0.0,0.0
8454,25,1.1283791670955126,5337.0,1852.0,45.00001609038752,0.0,0.0,0.0
8455,25,1.1283791670955126,3028.0,1853.0,45.00001609038752,0.0,0.0,0.0
8456,25,1.1283791670955126,3076.0,1853.0,45.00001609038752,0.0,0.0,0.0
8457,1525,8.812923024107548,4675.0327868852455,1857.5737704918033,33.06247895512746,11.14882352754603,9.484730710170984,40.9350288425444
8458,1175,7.735777827895049,4722.425531914893,1858.6808510638298,5.014796102052528,14.635562742380781,13.026853029949459,38.89949493661166
8459,50,1.5957691216057308,4822.5,1853.0,90.00003218077504,2.0,0.0,0.0
8460,4362775,471.3749104388968,2580.2037980413843,2046.5496387047235,-76.60892472523538,603.7063237042113,382.82107784849194,2589.7383822666234
8461,225,3.385137501286538,3073.6666666666665,1855.4444444444443,-6.047380700831922,4.277662731533559,2.643019518000728,7.621320343559642
8462,25,1.1283791670955126,5359.0,1854.0,45.00001609038752,0.0,0.0,0.0
8463,25,1.1283791670955126,11047.0,1854.0,45.00001609038752,0.0,0.0,0.0
8464,25,1.1283791670955126,71.0,1855.0,45.00001609038752,0.0,0.0,0.0
8465,25,1.1283791670955126,3029.0,1855.0,45.00001609038752,0.0,0.0,0.0
8466,25,1.1283791670955126,3030.0,1856.0,45.00001609038752,0.0,0.0,0.0
8467,50,1.5957691216057308,3085.0,1856.5,0.0,2.0,0.0,0.0
8468,3750,13.81976597885342,4844.093333333333,1884.3666666666666,1.4094939592067917,59.63704258180097,4.190385408794271,104.5269119345812
8469,975,7.046725639945928,3959.128205128205,1860.3076923076924,42.204548509394876,9.75987075476042,5.300504711892971,23.27817459305202
8470,25,1.1283791670955126,73.0,1858.0,45.00001609038752,0.0,0.0,0.0
8471,25,1.1283791670955126,3031.0,1858.0,45.00001609038752,0.0,0.0,0.0
8472,200,3.1915382432114616,3075.0,1859.625,-54.751243830407006,4.498909704388054,2.7404035235276925,7.449747468305832
8473,50,1.5957691216057308,4681.5,1858.0,90.00003218077504,2.0,0.0,0.0
8474,25,1.1283791670955126,3032.0,1859.0,45.00001609038752,0.0,0.0,0.0
8475,25,1.1283791670955126,4731.0,1859.0,45.00001609038752,0.0,0.0,0.0
8476,125,2.5231325220201604,5335.6,1860.2,-18.43495541459913,3.098386676965933,1.7888543819998317,5.207106781186548
8477,25,1.1283791670955126,74.0,1860.0,45.00001609038752,0.0,0.0,0.0
8478,25,1.1283791670955126,3033.0,1860.0,45.00001609038752,0.0,0.0,0.0
8479,25,1.1283791670955126,4662.0,1861.0,45.00001609038752,0.0,0.0,0.0
8480,50,1.5957691216057308,4666.5,1861.0,90.00003218077504,2.0,0.0,0.0
8481,25,1.1283791670955126,11072.0,1861.0,45.00001609038752,0.0,0.0,0.0
8482,5700,17.03815178355966,4638.903508771929,1879.6140350877192,-36.858575579393886,51.83052756082104,19.162575299642324,141.01828996322962
8483,150,2.763953195770684,4669.5,1862.5,71.5650767661759,3.9999999999999996,1.632993161855452,6.414213562373095
8484,100,2.256758334191025,4683.25,1862.75,-71.5650767661759,3.4641016151377544,1.4142135623730951,3.2071067811865475
8485,25,1.1283791670955126,3035.0,1863.0,45.00001609038752,0.0,0.0,0.0
8486,300,3.9088200952233594,4663.583333333333,1864.9166666666667,-56.0115477761209,5.647076020109443,3.2488423888439626,11.278174593052025
8487,25,1.1283791670955126,5336.0,1863.0,45.00001609038752,0.0,0.0,0.0
8488,50,1.5957691216057308,5343.0,1863.5,0.0,2.0,0.0,0.0
8489,250,3.5682482323055424,5350.5,1864.1,65.55606866007616,5.796550698475776,3.2,10.621320343559642
8490,25,1.1283791670955126,3036.0,1864.0,45.00001609038752,0.0,0.0,0.0
8491,175,2.985410660720923,4116.857142857143,1864.857142857143,-58.014816839768976,5.795253355551202,1.5275489818370205,6.207106781186548
8492,275,3.742410318509555,4638.181818181818,1865.4545454545455,-41.02827876494187,4.533315962095487,3.011458300982113,9.65685424949238
8493,25,1.1283791670955126,4672.0,1864.0,45.00001609038752,0.0,0.0,0.0
8494,450,4.787307364817192,4687.0,1866.5555555555557,64.47052919035366,8.13810605471691,3.9930025480022904,16.86396103067893
8495,125,2.5231325220201604,4704.8,1864.4,-71.5650767661759,3.098386676965933,1.7888543819998317,5.207106781186548
8496,25,1.1283791670955126,5354.0,1864.0,45.00001609038752,0.0,0.0,0.0
8497,25,1.1283791670955126,3964.0,1865.0,45.00001609038752,0.0,0.0,0.0
8498,50,1.5957691216057308,4669.5,1865.0,90.00003218077504,2.0,0.0,0.0
8499,3325,13.013103375051497,4690.172932330827,1872.6015037593984,74.10936307085449,31.12954949596733,12.261235080472648,81.84062043356595
8500,50,1.5957691216057308,4681.5,1865.0,90.00003218077504,2.0,0.0,0.0
8501,25,1.1283791670955126,4691.0,1865.0,45.00001609038752,0.0,0.0,0.0
8502,25,1.1283791670955126,4711.0,1865.0,45.00001609038752,0.0,0.0,0.0
8503,25,1.1283791670955126,3037.0,1866.0,45.00001609038752,0.0,0.0,0.0
8504,400,4.51351666838205,3968.1875,1867.25,-88.12635471412705,8.03086225818846,3.307982979098312,14.242640687119286
8505,75,1.9544100476116797,4111.333333333333,1866.3333333333333,45.00001609038752,2.3094010767585034,1.3333333333333333,3.414213562373095
8506,500,5.046265044040321,4117.5,1868.4,-65.27443633834783,8.45852109483745,3.8331998236708027,16.414213562373096
8507,25,1.1283791670955126,4671.0,1866.0,45.00001609038752,0.0,0.0,0.0
8508,25,1.1283791670955126,4692.0,1866.0,45.00001609038752,0.0,0.0,0.0
8509,125,2.5231325220201604,4708.2,1866.4,71.5650767661759,3.098386676965933,1.7888543819998317,5.207106781186548
8510,100,2.256758334191025,4712.75,1866.75,71.5650767661759,3.4641016151377544,1.4142135623730951,3.2071067811865475
8511,25,1.1283791670955126,4715.0,1866.0,45.00001609038752,0.0,0.0,0.0
8512,100,2.256758334191025,4551.5,1867.5,45.00001609038752,2.0,2.0,4.0
8513,3175,12.716187407449045,4670.488188976378,1877.6377952755906,12.125979562334027,25.48413592648231,10.397646425275475,75.2842712474619
8514,25,1.1283791670955126,4672.0,1867.0,45.00001609038752,0.0,0.0,0.0
8515,225,3.385137501286538,4705.0,1868.4444444444443,90.00003218077504,4.618802153517006,2.7397395568751004,9.65685424949238
8516,25,1.1283791670955126,11079.0,1867.0,45.00001609038752,0.0,0.0,0.0
8517,25,1.1283791670955126,3038.0,1868.0,45.00001609038752,0.0,0.0,0.0
8518,150,2.763953195770684,4709.833333333333,1869.3333333333333,-57.75695586557756,4.93861174764721,1.6496136266144528,5.207106781186548
8519,25,1.1283791670955126,11080.0,1868.0,45.00001609038752,0.0,0.0,0.0
8520,25,1.1283791670955126,4112.0,1869.0,45.00001609038752,0.0,0.0,0.0
8521,25,1.1283791670955126,4673.0,1869.0,45.00001609038752,0.0,0.0,0.0
8522,1900,9.83698151873187,4711.644736842105,1877.2236842105262,-58.47745780036984,29.87135218650084,5.235330910378758,56.76955262170047
8523,25,1.1283791670955126,3039.0,1870.0,45.00001609038752,0.0,0.0,0.0
8524,19275,31.331576548121713,4648.910505836576,1906.6225680933853,-23.7554891780513,66.61745454454709,33.34632070741315,317.81222920256965
8525,25,1.1283791670955126,4674.0,1870.0,45.00001609038752,0.0,0.0,0.0
8526,25,1.1283791670955126,3040.0,1871.0,45.00001609038752,0.0,0.0,0.0
8527,25,1.1283791670955126,4676.0,1871.0,45.00001609038752,0.0,0.0,0.0
8528,275,3.742410318509555,4689.545454545455,1872.3636363636363,41.202693048305626,5.189483704979297,2.6306840451061073,9.035533905932738
8529,25,1.1283791670955126,4800.0,1871.0,45.00001609038752,0.0,0.0,0.0
8530,25,1.1283791670955126,4677.0,1872.0,45.00001609038752,0.0,0.0,0.0
8531,175,2.985410660720923,4840.714285714285,1873.0,-56.599315494703966,4.796702691401646,1.7646790841090736,7.207106781186548
8532,275,3.742410318509555,5369.636363636364,1872.5454545454545,-88.42946670137924,6.882693741053716,1.983510017828733,11.207106781186548
8533,25,1.1283791670955126,11083.0,1872.0,45.00001609038752,0.0,0.0,0.0
8534,75,1.9544100476116797,4632.666666666667,1873.3333333333333,-45.00001609038752,2.3094010767585034,1.3333333333333333,3.414213562373095
8535,25,1.1283791670955126,4678.0,1873.0,45.00001609038752,0.0,0.0,0.0
8536,25,1.1283791670955126,11084.0,1873.0,45.00001609038752,0.0,0.0,0.0
8537,36350,43.02662313085849,11904.789546079779,1924.1884456671253,-5.484672751696771,119.77569395752798,33.89692435509928,317.4863273947651
8538,4315150,468.7950350190982,3480.6809496773,2144.9660788153365,-25.367060439320333,522.8287558204189,429.769685521288,1717.1555544218265
8539,25,1.1283791670955126,4663.0,1874.0,45.00001609038752,0.0,0.0,0.0
8540,300,3.9088200952233594,4796.0,1876.25,0.0,5.446711546122731,2.8284271247461903,9.449747468305832
8541,25,1.1283791670955126,3043.0,1875.0,45.00001609038752,0.0,0.0,0.0
8542,25,1.1283791670955126,4556.0,1875.0,45.00001609038752,0.0,0.0,0.0
8543,100,2.256758334191025,4573.0,1875.5,58.28254642828171,3.23606797749979,1.2360679774997898,4.414213562373095
8544,75,1.9544100476116797,4597.0,1875.0,90.00003218077504,3.265986323710904,0.0,1.0
8545,400,4.51351666838205,4660.875,1878.1875,-21.35470261435446,8.27656580864098,2.772356112629668,11.621320343559642
8546,100,2.256758334191025,4679.5,1876.0,31.71748575249332,3.23606797749979,1.2360679774997898,4.414213562373095
8547,25,1.1283791670955126,5345.0,1875.0,45.00001609038752,0.0,0.0,0.0
8548,14500,27.17496892263898,5349.731034482758,1890.1620689655172,-0.5280835749489812,32.21568731165195,24.711703744930773,139.88225099390854
8549,25,1.1283791670955126,3044.0,1876.0,45.00001609038752,0.0,0.0,0.0
8550,25,1.1283791670955126,4120.0,1876.0,45.00001609038752,0.0,0.0,0.0
8551,250,3.5682482323055424,4559.3,1878.0,29.62368781679966,6.410773181397356,1.9651939386931836,10.207106781186548
8552,25,1.1283791670955126,3045.0,1877.0,45.00001609038752,0.0,0.0,0.0
8553,50,1.5957691216057308,4571.0,1877.5,0.0,2.0,0.0,0.0
8554,50,1.5957691216057308,4602.5,1877.0,90.00003218077504,2.0,0.0,0.0
8555,25,1.1283791670955126,3046.0,1878.0,45.00001609038752,0.0,0.0,0.0
8556,25,1.1283791670955126,4097.0,1878.0,45.00001609038752,0.0,0.0,0.0
8557,150,2.763953195770684,4681.666666666667,1879.8333333333333,14.655008775562198,5.545131758410893,1.3022896092295921,5.207106781186548
8558,25,1.1283791670955126,4719.0,1878.0,45.00001609038752,0.0,0.0,0.0
8559,25,1.1283791670955126,4729.0,1878.0,45.00001609038752,0.0,0.0,0.0
8560,25,1.1283791670955126,11088.0,1878.0,45.00001609038752,0.0,0.0,0.0
8561,100,2.256758334191025,4573.0,1879.5,58.28254642828171,3.23606797749979,1.2360679774997898,4.414213562373095
8562,25,1.1283791670955126,4720.0,1879.0,45.00001609038752,0.0,0.0,0.0
8563,50,1.5957691216057308,4728.0,1879.5,0.0,2.0,0.0,0.0
8564,25,1.1283791670955126,3047.0,1880.0,45.00001609038752,0.0,0.0,0.0
8565,125,2.5231325220201604,4678.6,1881.2,-18.43495541459913,3.098386676965933,1.7888543819998317,5.207106781186548
8566,950,6.955796338302048,5367.9473684210525,1883.5,-67.32800068047932,14.082057121304953,4.421095197433528,29.106601717798213
8567,250,3.5682482323055424,5381.1,1881.1,-82.3119038073637,4.5692001405127005,2.757246828983344,9.242640687119286
8568,1175,7.735777827895049,5392.808510638298,1883.0425531914893,81.4335059334318,12.169257878596367,5.4162766435710505,29.142135623730947
8569,25,1.1283791670955126,3048.0,1881.0,45.00001609038752,0.0,0.0,0.0
8570,25,1.1283791670955126,4585.0,1881.0,45.00001609038752,0.0,0.0,0.0
8571,350,4.222008245644752,4593.214285714285,1882.0,67.66953635841847,7.446450161450194,2.5831819472561794,10.242640687119286
8572,175,2.985410660720923,4693.0,1881.7142857142858,90.00003218077504,5.237229365663817,1.8070158058105026,7.82842712474619
8573,25,1.1283791670955126,4718.0,1881.0,45.00001609038752,0.0,0.0,0.0
8574,25,1.1283791670955126,4729.0,1881.0,45.00001609038752,0.0,0.0,0.0
8575,25,1.1283791670955126,5361.0,1881.0,45.00001609038752,0.0,0.0,0.0
8576,25,1.1283791670955126,3088.0,1882.0,45.00001609038752,0.0,0.0,0.0
8577,25,1.1283791670955126,4094.0,1882.0,45.00001609038752,0.0,0.0,0.0
8578,25,1.1283791670955126,4582.0,1882.0,45.00001609038752,0.0,0.0,0.0
8579,25,1.1283791670955126,4588.0,1882.0,45.00001609038752,0.0,0.0,0.0
8580,25,1.1283791670955126,4657.0,1882.0,45.00001609038752,0.0,0.0,0.0
8581,150,2.763953195770684,4697.5,1882.8333333333333,-59.03626457717171,4.320493798938573,1.885618083164126,6.621320343559642
8582,850,6.579524642479541,5381.529411764706,1884.764705882353,80.69626587900235,12.9226503314413,3.9837369785685213,26.106601717798213
8583,25,1.1283791670955126,11684.0,1882.0,45.00001609038752,0.0,0.0,0.0
8584,25,1.1283791670955126,3049.0,1883.0,45.00001609038752,0.0,0.0,0.0
8585,25,1.1283791670955126,4676.0,1883.0,45.00001609038752,0.0,0.0,0.0
8586,600,5.527906391541368,4677.791666666667,1887.1666666666667,-27.42885256798551,11.291002713010673,3.835062213215072,22.485281374238568
8587,25,1.1283791670955126,11685.0,1883.0,45.00001609038752,0.0,0.0,0.0
8588,1075,7.399277020331919,4657.2558139534885,1887.906976744186,63.716923613299784,8.68026443590505,6.663162627623332,24.899494936611667
8589,25,1.1283791670955126,4694.0,1884.0,45.00001609038752,0.0,0.0,0.0
8590,50,1.5957691216057308,4700.0,1884.5,0.0,2.0,0.0,0.0
8591,50,1.5957691216057308,7734.0,1884.5,0.0,2.0,0.0,0.0
8592,25,1.1283791670955126,4593.0,1885.0,45.00001609038752,0.0,0.0,0.0
8593,275,3.742410318509555,4598.181818181818,1887.5454545454545,12.610562105929215,6.827671432984111,2.5050877802352054,11.207106781186548
8594,200,3.1915382432114616,4643.375,1886.75,22.263253931171537,5.105913757626162,2.163248644905131,7.449747468305833
8595,25,1.1283791670955126,4693.0,1885.0,45.00001609038752,0.0,0.0,0.0
8596,150,2.763953195770684,5372.166666666667,1886.0,-36.86991082919827,3.8297084310253524,1.8856180831641272,6.207106781186548
8597,19650,31.634890266315733,4107.152671755725,1905.1628498727734,-53.85941583045267,58.59461493174318,18.532717753296286,142.33809511662426
8598,7075,18.982275710779543,4692.360424028268,1899.636042402827,1.9787535310767825,31.14120687122375,15.508088310097028,104.74011537017762
8599,100,2.256758334191025,4695.25,1886.75,-18.43495541459913,3.4641016151377544,1.4142135623730951,3.2071067811865475
8600,25,1.1283791670955126,4701.0,1886.0,45.00001609038752,0.0,0.0,0.0
8601,50,1.5957691216057308,5376.0,1886.5,0.0,2.0,0.0,0.0
8602,75,1.9544100476116797,5438.666666666667,1886.3333333333333,-45.00001609038752,2.3094010767585034,1.3333333333333333,3.414213562373095
8603,25,1.1283791670955126,7733.0,1886.0,45.00001609038752,0.0,0.0,0.0
8604,25,1.1283791670955126,91.0,1887.0,45.00001609038752,0.0,0.0,0.0
8605,25,1.1283791670955126,3051.0,1887.0,45.00001609038752,0.0,0.0,0.0
8606,25,1.1283791670955126,3094.0,1887.0,45.00001609038752,0.0,0.0,0.0
8607,50,1.5957691216057308,4579.0,1887.5,0.0,2.0,0.0,0.0
8608,100,2.256758334191025,4698.5,1887.5,45.00001609038752,2.0,2.0,4.0
8609,150,2.763953195770684,5394.833333333333,1887.8333333333333,-45.00001609038752,3.126943839882286,2.309401076758503,6.242640687119286
8610,25,1.1283791670955126,5397.0,1887.0,45.00001609038752,0.0,0.0,0.0
8611,25,1.1283791670955126,5436.0,1887.0,45.00001609038752,0.0,0.0,0.0
8612,25,1.1283791670955126,7732.0,1887.0,45.00001609038752,0.0,0.0,0.0
8613,25,1.1283791670955126,92.0,1888.0,45.00001609038752,0.0,0.0,0.0
8614,100,2.256758334191025,3053.5,1888.0,90.00003218077504,4.47213595499958,0.0,2.0
8615,75,1.9544100476116797,4594.666666666667,1888.6666666666667,45.00001609038752,2.3094010767585034,1.3333333333333333,3.414213562373095
8616,25,1.1283791670955126,4739.0,1888.0,45.00001609038752,0.0,0.0,0.0
8617,100,2.256758334191025,5374.0,1888.5,-58.28254642828171,3.23606797749979,1.2360679774997898,4.414213562373095
8618,25,1.1283791670955126,5426.0,1888.0,45.00001609038752,0.0,0.0,0.0
8619,275,3.742410318509555,5431.818181818182,1889.090909090909,89.02928863821487,5.065310819243771,3.1694014645189674,9.82842712474619
8620,25,1.1283791670955126,7731.0,1888.0,45.00001609038752,0.0,0.0,0.0
8621,25,1.1283791670955126,3057.0,1889.0,45.00001609038752,0.0,0.0,0.0
8622,25,1.1283791670955126,3093.0,1889.0,45.00001609038752,0.0,0.0,0.0
8623,25,1.1283791670955126,5362.0,1889.0,45.00001609038752,0.0,0.0,0.0
8624,75,1.9544100476116797,5423.666666666667,1889.3333333333333,-45.00001609038752,2.3094010767585034,1.3333333333333333,3.414213562373095
8625,100,2.256758334191025,5436.5,1889.5,45.00001609038752,2.0,2.0,4.0
8626,225,3.385137501286538,5443.888888888889,1889.5555555555557,88.09299408174161,5.797683349886702,1.9793261408816318,9.207106781186548
8627,50,1.5957691216057308,7729.0,1889.5,0.0,2.0,0.0,0.0
8628,25,1.1283791670955126,11690.0,1889.0,45.00001609038752,0.0,0.0,0.0
8629,25,1.1283791670955126,3058.0,1890.0,45.00001609038752,0.0,0.0,0.0
8630,25,1.1283791670955126,3092.0,1890.0,45.00001609038752,0.0,0.0,0.0
8631,50,1.5957691216057308,5439.5,1890.0,90.00003218077504,2.0,0.0,0.0
8632,100,2.256758334191025,5449.0,1890.5,58.28254642828171,3.23606797749979,1.2360679774997898,4.414213562373095
8633,25,1.1283791670955126,3059.0,1891.0,45.00001609038752,0.0,0.0,0.0
8634,25,1.1283791670955126,3091.0,1891.0,45.00001609038752,0.0,0.0,0.0
8635,25,1.1283791670955126,11691.0,1891.0,45.00001609038752,0.0,0.0,0.0
8636,25,1.1283791670955126,3061.0,1892.0,45.00001609038752,0.0,0.0,0.0
8637,4000,14.27299292922217,4661.70625,1905.51875,-44.9678613971788,39.2469007694785,6.927808455111066,85.1543289325507
8638,25,1.1283791670955126,3062.0,1893.0,45.00001609038752,0.0,0.0,0.0
8639,25,1.1283791670955126,5402.0,1893.0,45.00001609038752,0.0,0.0,0.0
8640,50,1.5957691216057308,5443.5,1893.0,90.00003218077504,2.0,0.0,0.0
8641,75,1.9544100476116797,4653.666666666667,1894.6666666666667,45.00001609038752,2.3094010767585034,1.3333333333333333,3.414213562373095
8642,25,1.1283791670955126,3065.0,1895.0,45.00001609038752,0.0,0.0,0.0
8643,25,1.1283791670955126,3088.0,1895.0,45.00001609038752,0.0,0.0,0.0
8644,25,1.1283791670955126,11102.0,1895.0,45.00001609038752,0.0,0.0,0.0
8645,25,1.1283791670955126,3066.0,1896.0,45.00001609038752,0.0,0.0,0.0
8646,25,1.1283791670955126,3087.0,1896.0,45.00001609038752,0.0,0.0,0.0
8647,6199200,561.8920389442164,9041.485546522132,2291.6682555813654,10.853620929856657,843.8959826863532,394.0481663946164,2478.370849898476
8648,25,1.1283791670955126,11103.0,1896.0,45.00001609038752,0.0,0.0,0.0
8649,25,1.1283791670955126,3068.0,1897.0,45.00001609038752,0.0,0.0,0.0
8650,25,1.1283791670955126,3086.0,1897.0,45.00001609038752,0.0,0.0,0.0
8651,25,1.1283791670955126,4683.0,1897.0,45.00001609038752,0.0,0.0,0.0
8652,25,1.1283791670955126,11104.0,1897.0,45.00001609038752,0.0,0.0,0.0
8653,25,1.1283791670955126,3070.0,1898.0,45.00001609038752,0.0,0.0,0.0
8654,25,1.1283791670955126,3085.0,1898.0,45.00001609038752,0.0,0.0,0.0
8655,1800,9.574614729634384,4673.055555555556,1909.4583333333333,-41.00464472038375,26.816459757390064,7.768904758201616,53.4558441227157
8656,125,2.5231325220201604,4686.0,1898.8,34.0993074495102,3.335641688875783,2.0575457524521585,5.621320343559642
8657,25,1.1283791670955126,11105.0,1898.0,45.00001609038752,0.0,0.0,0.0
8658,100,2.256758334191025,3083.0,1899.25,90.00003218077504,2.8284271247461903,1.7320508075688772,4.621320343559642
8659,25,1.1283791670955126,4097.0,1899.0,45.00001609038752,0.0,0.0,0.0
8660,25,1.1283791670955126,4631.0,1899.0,45.00001609038752,0.0,0.0,0.0
8661,25,1.1283791670955126,4676.0,1899.0,45.00001609038752,0.0,0.0,0.0
8662,25,1.1283791670955126,11106.0,1899.0,45.00001609038752,0.0,0.0,0.0
8663,3100,12.565098628628435,4607.822580645161,1906.5564516129032,-75.24329340334555,26.894487332147353,11.46676760283868,72.39087296526012
8664,425,4.652426491681278,4625.882352941177,1902.6470588235295,-68.62657357852822,12.271454627785388,2.68269797894438,17.414213562373096
8665,25,1.1283791670955126,11107.0,1900.0,45.00001609038752,0.0,0.0,0.0
8666,25,1.1283791670955126,4675.0,1901.0,45.00001609038752,0.0,0.0,0.0
8667,100,2.256758334191025,4684.5,1901.5,45.00001609038752,2.0,2.0,4.0
8668,25,1.1283791670955126,11108.0,1901.0,45.00001609038752,0.0,0.0,0.0
8669,5925300,549.338739737851,4123.632343510033,2211.1051761092267,31.653294132767662,701.480571827932,451.989144890965,2833.4196231337555
8670,25,1.1283791670955126,4674.0,1902.0,45.00001609038752,0.0,0.0,0.0
8671,175,2.985410660720923,4605.142857142857,1903.4285714285713,75.32115016073907,5.133805351608395,1.5423153015346878,6.207106781186548
8672,25,1.1283791670955126,4673.0,1903.0,45.00001609038752,0.0,0.0,0.0
8673,25,1.1283791670955126,5345.0,1903.0,45.00001609038752,0.0,0.0,0.0
8674,25,1.1283791670955126,4572.0,1904.0,45.00001609038752,0.0,0.0,0.0
8675,25,1.1283791670955126,4672.0,1904.0,45.00001609038752,0.0,0.0,0.0
8676,25,1.1283791670955126,5361.0,1904.0,45.00001609038752,0.0,0.0,0.0
8677,25,1.1283791670955126,4671.0,1905.0,45.00001609038752,0.0,0.0,0.0
8678,4450,15.054455784347004,4678.550561797752,1915.5280898876404,-46.76446887444248,24.18228239800426,15.129986728912318,83.84062043356595
8679,25,1.1283791670955126,5347.0,1905.0,45.00001609038752,0.0,0.0,0.0
8680,25,1.1283791670955126,11911.0,1905.0,45.00001609038752,0.0,0.0,0.0
8681,175,2.985410660720923,4609.0,1907.0,45.00001609038752,3.7032803990902057,2.138089935299395,6.82842712474619
8682,25,1.1283791670955126,4669.0,1906.0,45.00001609038752,0.0,0.0,0.0
8683,25,1.1283791670955126,5354.0,1906.0,45.00001609038752,0.0,0.0,0.0
8684,25,1.1283791670955126,4666.0,1907.0,45.00001609038752,0.0,0.0,0.0
8685,25,1.1283791670955126,11113.0,1907.0,45.00001609038752,0.0,0.0,0.0
8686,450,4.787307364817192,4633.5,1910.0,-82.20362392342663,8.830868658836561,4.296533855891584,16.44974746830583
8687,150,2.763953195770684,4664.166666666667,1909.3333333333333,-26.56506067578838,3.0550504633038935,2.666666666666667,6.414213562373095
8688,1325,8.214724333230155,4697.132075471698,1912.8490566037735,-31.256021037616957,10.614411418754491,7.029054412940012,28.384776310850235
8689,25,1.1283791670955126,9116.0,1909.0,45.00001609038752,0.0,0.0,0.0
8690,25,1.1283791670955126,9143.0,1909.0,45.00001609038752,0.0,0.0,0.0
8691,25,1.1283791670955126,7221.0,1910.0,45.00001609038752,0.0,0.0,0.0
8692,50,1.5957691216057308,4577.5,1911.0,90.00003218077504,2.0,0.0,0.0
8693,1325,8.214724333230155,4617.528301886792,1916.9433962264152,-51.18702665400623,20.221767544665287,6.489250900410792,40.97056274847714
8694,25,1.1283791670955126,4845.0,1911.0,45.00001609038752,0.0,0.0,0.0
8695,25,1.1283791670955126,4595.0,1912.0,45.00001609038752,0.0,0.0,0.0
8696,275,3.742410318509555,4631.272727272727,1914.4545454545455,-42.4682067585885,6.809026973567406,2.1009548251601524,11.65685424949238
8697,100,2.256758334191025,4661.5,1913.0,-31.71748575249332,3.23606797749979,1.2360679774997898,4.414213562373095
8698,775,6.282549314314218,4844.387096774193,1919.1935483870968,-4.114815100587917,15.15422987886754,4.265108228877278,22.935028842544405
8699,25,1.1283791670955126,9121.0,1912.0,45.00001609038752,0.0,0.0,0.0
8700,350,4.222008245644752,9142.214285714286,1912.857142857143,-89.42209496016538,8.442268280005827,2.5542170338000574,11.621320343559642
8701,7735050,627.6486769046429,2750.734827182759,2506.989566971125,-22.628777167968753,1405.8771581140961,370.80864467717237,6124.265653138703
8702,25,1.1283791670955126,4629.0,1913.0,45.00001609038752,0.0,0.0,0.0
8703,25,1.1283791670955126,9117.0,1913.0,45.00001609038752,0.0,0.0,0.0
8704,50,1.5957691216057308,9130.0,1913.5,0.0,2.0,0.0,0.0
8705,225,3.385137501286538,9134.333333333334,1913.5555555555557,79.7220058959307,6.052283110938236,1.695889732428958,8.207106781186548
8706,100,2.256758334191025,6648.0,1915.5,0.0,4.47213595499958,0.0,2.0
8707,50,1.5957691216057308,9118.5,1914.0,90.00003218077504,2.0,0.0,0.0
8708,25,1.1283791670955126,4660.0,1915.0,45.00001609038752,0.0,0.0,0.0
8709,100,2.256758334191025,4701.75,1916.25,-18.43495541459913,3.4641016151377544,1.4142135623730951,3.2071067811865475
8710,50,1.5957691216057308,11703.0,1915.5,0.0,2.0,0.0,0.0
8711,50,1.5957691216057308,4595.5,1916.0,90.00003218077504,2.0,0.0,0.0
8712,950,6.955796338302048,4623.210526315789,1919.3157894736842,-66.1895913475016,11.199751520233333,7.359048415784622,27.692388155425117
8713,225,3.385137501286538,4657.222222222223,1918.2222222222222,45.00001609038752,7.302967433402215,1.405456737852613,9.414213562373096
8714,25,1.1283791670955126,4594.0,1917.0,45.00001609038752,0.0,0.0,0.0
8715,25,1.1283791670955126,11704.0,1917.0,45.00001609038752,0.0,0.0,0.0
8716,225,3.385137501286538,4600.111111111111,1919.3333333333333,-69.28819196246447,7.060344348438514,2.2505816866725605,8.414213562373096
8717,75,1.9544100476116797,4608.0,1918.0,90.00003218077504,3.265986323710904,0.0,1.0
8718,25,1.1283791670955126,4663.0,1918.0,45.00001609038752,0.0,0.0,0.0
8719,50,1.5957691216057308,4605.5,1919.0,90.00003218077504,2.0,0.0,0.0
8720,25,1.1283791670955126,11705.0,1919.0,45.00001609038752,0.0,0.0,0.0
8721,1725,9.373021315815206,4603.130434782609,1924.9565217391305,-56.44853204008836,17.59563079952362,7.817020663498358,42.970562748477136
8722,50,1.5957691216057308,3587.0,1921.5,0.0,2.0,0.0,0.0
8723,50,1.5957691216057308,4685.0,1921.5,0.0,2.0,0.0,0.0
8724,150,2.763953195770684,4689.0,1921.5,90.00003218077504,3.265986323710904,2.0,6.0
8725,75,1.9544100476116797,4596.333333333333,1922.3333333333333,45.00001609038752,2.3094010767585034,1.3333333333333333,3.414213562373095
8726,25,1.1283791670955126,9891.0,1922.0,45.00001609038752,0.0,0.0,0.0
8727,125,2.5231325220201604,2874.6,1924.6,-20.993613754469656,4.34169545110285,1.27658944452507,4.207106781186548
8728,25,1.1283791670955126,3072.0,1923.0,45.00001609038752,0.0,0.0,0.0
8729,25,1.1283791670955126,3588.0,1923.0,45.00001609038752,0.0,0.0,0.0
8730,525,5.170882945826411,4667.809523809524,1928.142857142857,23.203661070026826,11.857469323467239,3.627679482981098,19.035533905932738
8731,275,3.742410318509555,4685.0,1925.0,45.00001609038752,5.908391567007971,2.412090756622109,5.656854249492381
8732,150,2.763953195770684,4697.166666666667,1924.3333333333333,29.232614499937572,5.00274675656753,1.443480516239888,6.414213562373095
8733,25,1.1283791670955126,7224.0,1923.0,45.00001609038752,0.0,0.0,0.0
8734,25,1.1283791670955126,2369.0,1924.0,45.00001609038752,0.0,0.0,0.0
8735,25,1.1283791670955126,3589.0,1924.0,45.00001609038752,0.0,0.0,0.0
8736,625,5.641895835477563,4673.12,1926.2,60.52357559744183,8.74438062734282,4.013154301064382,19.520815280171306
8737,75,1.9544100476116797,9891.0,1925.0,0.0,3.265986323710904,0.0,1.0
8738,350,4.222008245644752,3585.8571428571427,1927.357142857143,-13.143463954520872,6.668951607116287,2.6214544126212256,11.621320343559644
8739,150,2.763953195770684,6650.5,1926.1666666666667,59.03626457717169,4.320493798938573,1.8856180831641272,6.621320343559642
8740,1658625,290.64252544225934,162.3009872635466,2152.4142738714295,18.09111356492024,423.61909907007976,211.43263763288437,1219.4966081312812
8741,25,1.1283791670955126,3590.0,1926.0,45.00001609038752,0.0,0.0,0.0
8742,100,2.256758334191025,4608.0,1926.5,58.28254642828171,3.23606797749979,1.2360679774997898,4.414213562373095
8743,700,5.970821321441846,4645.035714285715,1928.892857142857,-69.96468950913471,11.52955672109439,4.209796080519456,22.692388155425114
8744,175,2.985410660720923,4844.285714285715,1927.4285714285713,30.963767603603344,4.0,2.2131333406899527,7.65685424949238
8745,25,1.1283791670955126,6648.0,1927.0,45.00001609038752,0.0,0.0,0.0
8746,25,1.1283791670955126,8482.0,1927.0,45.00001609038752,0.0,0.0,0.0
8747,25,1.1283791670955126,9892.0,1927.0,45.00001609038752,0.0,0.0,0.0
8748,50,1.5957691216057308,2872.5,1928.0,90.00003218077504,2.0,0.0,0.0
8749,25,1.1283791670955126,4581.0,1928.0,45.00001609038752,0.0,0.0,0.0
8750,25,1.1283791670955126,4607.0,1928.0,45.00001609038752,0.0,0.0,0.0
8751,25,1.1283791670955126,4685.0,1928.0,45.00001609038752,0.0,0.0,0.0
8752,25,1.1283791670955126,6646.0,1928.0,45.00001609038752,0.0,0.0,0.0
8753,25,1.1283791670955126,6653.0,1928.0,45.00001609038752,0.0,0.0,0.0
8754,25,1.1283791670955126,101.0,1929.0,45.00001609038752,0.0,0.0,0.0
8755,25,1.1283791670955126,4606.0,1929.0,45.00001609038752,0.0,0.0,0.0
8756,25,1.1283791670955126,6644.0,1929.0,45.00001609038752,0.0,0.0,0.0
8757,25,1.1283791670955126,6655.0,1929.0,45.00001609038752,0.0,0.0,0.0
8758,50,1.5957691216057308,2874.0,1930.5,0.0,2.0,0.0,0.0
8759,25,1.1283791670955126,6642.0,1930.0,45.00001609038752,0.0,0.0,0.0
8760,25,1.1283791670955126,6657.0,1930.0,45.00001609038752,0.0,0.0,0.0
8761,25,1.1283791670955126,102.0,1931.0,45.00001609038752,0.0,0.0,0.0
8762,50,1.5957691216057308,4596.0,1931.5,0.0,2.0,0.0,0.0
8763,2825,11.994835078277376,4654.592920353983,1936.504424778761,-59.24456575235691,20.162277892573012,9.220927598579477,56.21320343559643
8764,50,1.5957691216057308,4846.0,1931.5,0.0,2.0,0.0,0.0
8765,25,1.1283791670955126,6641.0,1931.0,45.00001609038752,0.0,0.0,0.0
8766,25,1.1283791670955126,6659.0,1931.0,45.00001609038752,0.0,0.0,0.0
8767,150,2.763953195770684,4647.5,1932.5,-71.5650767661759,3.9999999999999996,1.632993161855452,6.414213562373095
8768,25,1.1283791670955126,6640.0,1932.0,45.00001609038752,0.0,0.0,0.0
8769,375,4.370193722368317,6662.666666666667,1934.6,27.48458796146931,9.62039083679552,2.5645602032687136,14.449747468305832
8770,25,1.1283791670955126,4597.0,1933.0,45.00001609038752,0.0,0.0,0.0
8771,25,1.1283791670955126,6639.0,1933.0,45.00001609038752,0.0,0.0,0.0
8772,25,1.1283791670955126,7712.0,1933.0,45.00001609038752,0.0,0.0,0.0
8773,25,1.1283791670955126,11714.0,1933.0,45.00001609038752,0.0,0.0,0.0
8774,25,1.1283791670955126,4183.0,1934.0,45.00001609038752,0.0,0.0,0.0
8775,200,3.1915382432114616,4595.75,1935.5,21.35470261435446,4.7271453337587435,2.1573356237551296,8.207106781186548
8776,25,1.1283791670955126,4599.0,1934.0,45.00001609038752,0.0,0.0,0.0
8777,35275,42.38562253431362,4655.656272147413,1966.8327427356485,35.42707258545844,61.49031663718636,30.11580298625377,192.072113832392
8778,75,1.9544100476116797,4591.666666666667,1935.6666666666667,45.00001609038752,2.3094010767585034,1.3333333333333333,3.414213562373095
8779,25,1.1283791670955126,4844.0,1935.0,45.00001609038752,0.0,0.0,0.0
8780,25,1.1283791670955126,6638.0,1935.0,45.00001609038752,0.0,0.0,0.0
8781,25,1.1283791670955126,7222.0,1936.0,45.00001609038752,0.0,0.0,0.0
8782,25,1.1283791670955126,6637.0,1937.0,45.00001609038752,0.0,0.0,0.0
8783,25,1.1283791670955126,11717.0,1937.0,45.00001609038752,0.0,0.0,0.0
8784,50,1.5957691216057308,4598.0,1938.5,0.0,2.0,0.0,0.0
8785,1300,8.136857890256438,6636.5,1948.1346153846155,17.768124802551245,20.80112813243458,4.733681756756744,41.14213562373095
8786,50,1.5957691216057308,11890.0,1939.5,0.0,2.0,0.0,0.0
8787,25,1.1283791670955126,4844.0,1940.0,45.00001609038752,0.0,0.0,0.0
8788,25,1.1283791670955126,4845.0,1941.0,45.00001609038752,0.0,0.0,0.0
8789,25,1.1283791670955126,7398.0,1944.0,45.00001609038752,0.0,0.0,0.0
8790,100,2.256758334191025,4637.0,1945.25,90.00003218077504,2.8284271247461903,1.7320508075688772,4.621320343559642
8791,50,1.5957691216057308,996.0,1946.5,0.0,2.0,0.0,0.0
8792,3104075,397.6043782366487,9982.243768272352,2236.0592930261028,21.71272852952946,546.3039193891764,308.4851938236689,1763.4398256692884
8793,25,1.1283791670955126,9988.0,1951.0,45.00001609038752,0.0,0.0,0.0
8794,25,1.1283791670955126,4624.0,1952.0,45.00001609038752,0.0,0.0,0.0
8795,200,3.1915382432114616,4621.25,1953.875,-54.64504264869654,4.507893913753563,2.104493398028036,8.242640687119284
8796,25,1.1283791670955126,6662.0,1953.0,45.00001609038752,0.0,0.0,0.0
8797,75,1.9544100476116797,7293.0,1954.0,0.0,3.265986323710904,0.0,1.0
8798,25,1.1283791670955126,6661.0,1955.0,45.00001609038752,0.0,0.0,0.0
8799,75,1.9544100476116797,7556.666666666667,1955.3333333333333,-45.00001609038752,2.3094010767585034,1.3333333333333333,3.414213562373095
8800,25,1.1283791670955126,6660.0,1956.0,45.00001609038752,0.0,0.0,0.0
8801,50,1.5957691216057308,6643.5,1957.0,90.00003218077504,2.0,0.0,0.0
8802,25,1.1283791670955126,7294.0,1957.0,45.00001609038752,0.0,0.0,0.0
8803,75,1.9544100476116797,3844.6666666666665,1958.3333333333333,-45.00001609038752,2.3094010767585034,1.3333333333333333,3.414213562373095
8804,25,1.1283791670955126,6647.0,1958.0,45.00001609038752,0.0,0.0,0.0
8805,25,1.1283791670955126,6657.0,1958.0,45.00001609038752,0.0,0.0,0.0
8806,25,1.1283791670955126,6655.0,1959.0,45.00001609038752,0.0,0.0,0.0
8807,25,1.1283791670955126,6654.0,1960.0,45.00001609038752,0.0,0.0,0.0
8808,25,1.1283791670955126,4845.0,1961.0,45.00001609038752,0.0,0.0,0.0
8809,75,1.9544100476116797,4670.0,1962.0,90.00003218077504,3.265986323710904,0.0,1.0
8810,50,1.5957691216057308,8496.0,1962.5,0.0,2.0,0.0,0.0
8811,25,1.1283791670955126,11836.0,1962.0,45.00001609038752,0.0,0.0,0.0
8812,25,1.1283791670955126,3615.0,1963.0,45.00001609038752,0.0,0.0,0.0
8813,75,1.9544100476116797,4624.333333333333,1963.3333333333333,45.00001609038752,2.3094010767585034,1.3333333333333333,3.414213562373095
8814,25,1.1283791670955126,11837.0,1963.0,45.00001609038752,0.0,0.0,0.0
8815,75,1.9544100476116797,4673.333333333333,1964.6666666666667,-45.00001609038752,2.3094010767585034,1.3333333333333333,3.414213562373095
8816,25,1.1283791670955126,4623.0,1965.0,45.00001609038752,0.0,0.0,0.0
8817,25,1.1283791670955126,8497.0,1965.0,45.00001609038752,0.0,0.0,0.0
8818,1791750,302.0812443220683,4421.330989256314,2144.3552392911956,10.43066140144171,360.18211967062723,256.30620032557,1078.7331521639906
8819,150,2.763953195770684,4622.666666666667,1968.8333333333333,14.655008775562198,5.545131758410893,1.3022896092295921,5.207106781186548
8820,25,1.1283791670955126,4677.0,1967.0,45.00001609038752,0.0,0.0,0.0
8821,25,1.1283791670955126,7859.0,1970.0,45.00001609038752,0.0,0.0,0.0
8822,25,1.1283791670955126,1516.0,1971.0,45.00001609038752,0.0,0.0,0.0
8823,25,1.1283791670955126,1515.0,1972.0,45.00001609038752,0.0,0.0,0.0
8824,175,2.985410660720923,4639.571428571428,1973.4285714285713,53.82508135587857,5.719243150226765,1.5986131211250625,7.414213562373095
8825,25,1.1283791670955126,4841.0,1976.0,45.00001609038752,0.0,0.0,0.0
8826,125,2.5231325220201604,7810.8,1976.4,-71.5650767661759,3.098386676965933,1.7888543819998317,5.207106781186548
8827,25,1.1283791670955126,4624.0,1977.0,45.00001609038752,0.0,0.0,0.0
8828,25,1.1283791670955126,10004.0,1977.0,45.00001609038752,0.0,0.0,0.0
8829,25,1.1283791670955126,7852.0,1978.0,45.00001609038752,0.0,0.0,0.0
8830,25,1.1283791670955126,7813.0,1979.0,45.00001609038752,0.0,0.0,0.0
8831,25,1.1283791670955126,7829.0,1979.0,45.00001609038752,0.0,0.0,0.0
8832,250,3.5682482323055424,7813.9,1981.9,45.00001609038752,4.0,3.5327043465311387,9.414213562373096
8833,25,1.1283791670955126,7828.0,1980.0,45.00001609038752,0.0,0.0,0.0
8834,425,4.652426491681278,7833.64705882353,1981.5882352941176,85.17710832796492,6.586672653487997,3.8689384244601217,13.449747468305834
8835,100,2.256758334191025,4647.5,1982.5,45.00001609038752,2.0,2.0,4.0
8836,50,1.5957691216057308,7827.5,1982.0,90.00003218077504,2.0,0.0,0.0
8837,50,1.5957691216057308,4645.5,1985.0,90.00003218077504,2.0,0.0,0.0
8838,25,1.1283791670955126,7829.0,1985.0,45.00001609038752,0.0,0.0,0.0
8839,25,1.1283791670955126,11919.0,1985.0,45.00001609038752,0.0,0.0,0.0
8840,200,3.1915382432114616,4649.0,1987.5,-26.565060675788384,4.898979485566356,2.0,8.0
8841,50,1.5957691216057308,7830.0,1986.5,0.0,2.0,0.0,0.0
8842,2485500,355.78852642766583,1331.536652584993,2185.2741098370548,-52.20081305228036,428.72707603593494,317.87852165035775,1760.035713374682
8843,100,2.256758334191025,11918.75,1988.0,0.0,2.8284271247461903,1.7320508075688772,4.621320343559642
8844,50,1.5957691216057308,4651.5,1988.0,90.00003218077504,2.0,0.0,0.0
8845,5250,16.351767622932517,11911.795238095237,1996.490476190476,13.260824553744241,19.294889851724573,13.994103592598673,53.45584412271571
8846,50,1.5957691216057308,4678.0,1989.5,0.0,2.0,0.0,0.0
8847,25,1.1283791670955126,10010.0,1989.0,45.00001609038752,0.0,0.0,0.0
8848,100,2.256758334191025,4650.5,1990.5,45.00001609038752,2.0,2.0,4.0
8849,25,1.1283791670955126,10011.0,1991.0,45.00001609038752,0.0,0.0,0.0
8850,25,1.1283791670955126,11920.0,1991.0,45.00001609038752,0.0,0.0,0.0
8851,225,3.385137501286538,4668.555555555556,1994.111111111111,-63.43497150498664,4.618802153517006,2.3517789431685254,7.621320343559642
8852,25,1.1283791670955126,10012.0,1993.0,45.00001609038752,0.0,0.0,0.0
8853,75,1.9544100476116797,7901.0,1995.0,0.0,3.265986323710904,0.0,1.0
8854,25,1.1283791670955126,10013.0,1995.0,45.00001609038752,0.0,0.0,0.0
8855,25,1.1283791670955126,7702.0,1997.0,45.00001609038752,0.0,0.0,0.0
8856,25,1.1283791670955126,7899.0,1997.0,45.00001609038752,0.0,0.0,0.0
8857,25,1.1283791670955126,10014.0,1997.0,45.00001609038752,0.0,0.0,0.0
8858,250,3.5682482323055424,7862.9,2000.4,-9.307849331817723,4.843508650621465,2.7240455119830576,8.035533905932738
8859,25,1.1283791670955126,7900.0,1999.0,45.00001609038752,0.0,0.0,0.0
8860,25,1.1283791670955126,7901.0,2000.0,45.00001609038752,0.0,0.0,0.0
8861,50,1.5957691216057308,11862.0,2000.5,0.0,2.0,0.0,0.0
8862,25,1.1283791670955126,7899.0,2001.0,45.00001609038752,0.0,0.0,0.0
8863,25,1.1283791670955126,7903.0,2001.0,45.00001609038752,0.0,0.0,0.0
8864,25,1.1283791670955126,10016.0,2001.0,45.00001609038752,0.0,0.0,0.0
8865,25,1.1283791670955126,11921.0,2002.0,45.00001609038752,0.0,0.0,0.0
8866,50,1.5957691216057308,7865.5,2003.0,90.00003218077504,2.0,0.0,0.0
8867,25,1.1283791670955126,10017.0,2003.0,45.00001609038752,0.0,0.0,0.0
8868,4925,15.837556323903858,11865.730964467006,2021.756345177665,18.596761658771204,38.8062933429338,6.703599900362224,83.18376618407356
8869,25,1.1283791670955126,6656.0,2005.0,45.00001609038752,0.0,0.0,0.0
8870,25,1.1283791670955126,10018.0,2006.0,45.00001609038752,0.0,0.0,0.0
8871,50,1.5957691216057308,7919.0,2008.5,0.0,2.0,0.0,0.0
8872,25,1.1283791670955126,10019.0,2008.0,45.00001609038752,0.0,0.0,0.0
8873,47375,49.120147976905905,6645.116094986807,2047.47018469657,-30.211381450985705,62.39443176895627,42.35371844457616,191.98885271170678
8874,1200,7.817640190446719,7904.104166666667,2011.9583333333333,77.93078534060714,12.519427467642823,7.215438101289589,35.10660171779821
8875,25,1.1283791670955126,10020.0,2010.0,45.00001609038752,0.0,0.0,0.0
8876,25,1.1283791670955126,7910.0,2011.0,45.00001609038752,0.0,0.0,0.0
8877,125,2.5231325220201604,4836.8,2013.4,5.1524250767049375,4.093338188813542,1.563516060678838,4.414213562373095
8878,25,1.1283791670955126,7911.0,2012.0,45.00001609038752,0.0,0.0,0.0
8879,25,1.1283791670955126,7912.0,2013.0,45.00001609038752,0.0,0.0,0.0
8880,25,1.1283791670955126,10021.0,2013.0,45.00001609038752,0.0,0.0,0.0
8881,25,1.1283791670955126,7913.0,2014.0,45.00001609038752,0.0,0.0,0.0
8882,50,1.5957691216057308,10022.0,2015.5,0.0,2.0,0.0,0.0
8883,25,1.1283791670955126,7902.0,2016.0,45.00001609038752,0.0,0.0,0.0
8884,6249375,564.1613733633067,460.1004620462046,2406.645572557256,-13.978712222200393,798.7668264505787,438.9640051351991,2488.0155108391486
8885,50,1.5957691216057308,10023.0,2018.5,0.0,2.0,0.0,0.0
8886,25,1.1283791670955126,7902.0,2019.0,45.00001609038752,0.0,0.0,0.0
8887,25,1.1283791670955126,8519.0,2020.0,45.00001609038752,0.0,0.0,0.0
8888,50,1.5957691216057308,10024.0,2020.5,0.0,2.0,0.0,0.0
8889,25,1.1283791670955126,2872.0,2021.0,45.00001609038752,0.0,0.0,0.0
8890,25,1.1283791670955126,4498.0,2021.0,45.00001609038752,0.0,0.0,0.0
8891,50,1.5957691216057308,2871.0,2022.5,0.0,2.0,0.0,0.0
8892,25,1.1283791670955126,4499.0,2022.0,45.00001609038752,0.0,0.0,0.0
8893,25,1.1283791670955126,8520.0,2023.0,45.00001609038752,0.0,0.0,0.0
8894,25,1.1283791670955126,10025.0,2023.0,45.00001609038752,0.0,0.0,0.0
8895,25,1.1283791670955126,2870.0,2025.0,45.00001609038752,0.0,0.0,0.0
8896,50,1.5957691216057308,8521.0,2025.5,0.0,2.0,0.0,0.0
8897,25,1.1283791670955126,10026.0,2025.0,45.00001609038752,0.0,0.0,0.0
8898,25,1.1283791670955126,8522.0,2027.0,45.00001609038752,0.0,0.0,0.0
8899,25,1.1283791670955126,10027.0,2028.0,45.00001609038752,0.0,0.0,0.0
8900,25,1.1283791670955126,8523.0,2030.0,45.00001609038752,0.0,0.0,0.0
8901,25,1.1283791670955126,10028.0,2030.0,45.00001609038752,0.0,0.0,0.0
8902,50,1.5957691216057308,7896.0,2032.5,0.0,2.0,0.0,0.0
8903,25,1.1283791670955126,8524.0,2032.0,45.00001609038752,0.0,0.0,0.0
8904,25,1.1283791670955126,10029.0,2033.0,45.00001609038752,0.0,0.0,0.0
8905,25,1.1283791670955126,7898.0,2035.0,45.00001609038752,0.0,0.0,0.0
8906,125,2.5231325220201604,1510.0,2040.0,0.0,5.656854249492381,0.0,3.0
8907,75,1.9544100476116797,10031.0,2040.0,0.0,3.265986323710904,0.0,1.0
8908,25,1.1283791670955126,502.0,2041.0,45.00001609038752,0.0,0.0,0.0
8909,25,1.1283791670955126,1036.0,2042.0,45.00001609038752,0.0,0.0,0.0
8910,25,1.1283791670955126,7896.0,2042.0,45.00001609038752,0.0,0.0,0.0
8911,25,1.1283791670955126,37.0,2044.0,45.00001609038752,0.0,0.0,0.0
8912,25,1.1283791670955126,1037.0,2044.0,45.00001609038752,0.0,0.0,0.0
8913,25,1.1283791670955126,3704.0,2044.0,45.00001609038752,0.0,0.0,0.0
8914,25,1.1283791670955126,4521.0,2045.0,45.00001609038752,0.0,0.0,0.0
8915,50,1.5957691216057308,7899.0,2045.5,0.0,2.0,0.0,0.0
8916,50,1.5957691216057308,36.0,2046.5,0.0,2.0,0.0,0.0
8917,25,1.1283791670955126,3837.0,2046.0,45.00001609038752,0.0,0.0,0.0
8918,25,1.1283791670955126,4522.0,2046.0,45.00001609038752,0.0,0.0,0.0
8919,725,6.076507779746499,1036.448275862069,2052.5862068965516,6.916299090802456,13.971621839298098,3.668740538552753,20.82842712474619
8920,2555175,360.74089614118714,3793.507636463256,2304.847329439275,2.0946808107239714,541.4094484151984,248.2075363187728,1435.8691911333117
8921,25,1.1283791670955126,3706.0,2048.0,45.00001609038752,0.0,0.0,0.0
8922,100,2.256758334191025,35.0,2050.5,0.0,4.47213595499958,0.0,2.0
8923,25,1.1283791670955126,4524.0,2049.0,45.00001609038752,0.0,0.0,0.0
8924,25,1.1283791670955126,7899.0,2049.0,45.00001609038752,0.0,0.0,0.0
8925,1025,7.225151993843567,1043.2926829268292,2055.8048780487807,53.45229352516343,10.102373365560391,5.9067002384603695,26.14213562373095
8926,25,1.1283791670955126,1047.0,2054.0,45.00001609038752,0.0,0.0,0.0
8927,25,1.1283791670955126,3852.0,2065.0,45.00001609038752,0.0,0.0,0.0
8928,25,1.1283791670955126,10043.0,2065.0,45.00001609038752,0.0,0.0,0.0
8929,23450,34.558626896356614,11912.726012793177,2087.6151385927506,32.07367193141095,58.03534083268685,23.63176705029133,151.78174593052023
8930,319725,127.60666337467647,6664.5966064586755,2146.1813277034953,-5.662447879673239,161.07084484434696,108.81797904524964,520.6883835420683
8931,25,1.1283791670955126,10044.0,2066.0,45.00001609038752,0.0,0.0,0.0
8932,25,1.1283791670955126,10045.0,2068.0,45.00001609038752,0.0,0.0,0.0
8933,25,1.1283791670955126,6618.0,2074.0,45.00001609038752,0.0,0.0,0.0
8934,25,1.1283791670955126,2839.0,2075.0,45.00001609038752,0.0,0.0,0.0
8935,25,1.1283791670955126,10050.0,2077.0,45.00001609038752,0.0,0.0,0.0
8936,25,1.1283791670955126,10052.0,2080.0,45.00001609038752,0.0,0.0,0.0
8937,550,5.292567428401227,10056.318181818182,2082.818181818182,81.81238082063967,7.523014045576051,4.367342573885035,18.31370849898476
8938,25,1.1283791670955126,11884.0,2081.0,45.00001609038752,0.0,0.0,0.0
8939,400,4.51351666838205,11888.5625,2084.9375,87.82071688100467,7.348262397440711,3.5885985758174304,13.86396103067893
8940,25,1.1283791670955126,2842.0,2084.0,45.00001609038752,0.0,0.0,0.0
8941,25,1.1283791670955126,1059.0,2085.0,45.00001609038752,0.0,0.0,0.0
8942,25,1.1283791670955126,1060.0,2087.0,45.00001609038752,0.0,0.0,0.0
8943,25,1.1283791670955126,10057.0,2087.0,45.00001609038752,0.0,0.0,0.0
8944,25,1.1283791670955126,11893.0,2087.0,45.00001609038752,0.0,0.0,0.0
8945,25,1.1283791670955126,10058.0,2088.0,45.00001609038752,0.0,0.0,0.0
8946,3050,12.463355264843006,11912.04918032787,2107.3032786885246,33.99310059960612,54.6079163396337,5.316804026018964,77.2193000900063
8947,50,1.5957691216057308,10059.0,2089.5,0.0,2.0,0.0,0.0
8948,25,1.1283791670955126,11883.0,2089.0,45.00001609038752,0.0,0.0,0.0
8949,50,1.5957691216057308,1061.0,2090.5,0.0,2.0,0.0,0.0
8950,25,1.1283791670955126,11882.0,2090.0,45.00001609038752,0.0,0.0,0.0
8951,25,1.1283791670955126,10060.0,2091.0,45.00001609038752,0.0,0.0,0.0
8952,25,1.1283791670955126,11881.0,2092.0,45.00001609038752,0.0,0.0,0.0
8953,25,1.1283791670955126,1062.0,2093.0,45.00001609038752,0.0,0.0,0.0
8954,175,2.985410660720923,6613.428571428572,2094.714285714286,39.996024400419365,5.12776684506934,1.9356713329329027,7.621320343559642
8955,50,1.5957691216057308,11880.0,2093.5,0.0,2.0,0.0,0.0
8956,25,1.1283791670955126,6611.0,2095.0,45.00001609038752,0.0,0.0,0.0
8957,25,1.1283791670955126,6604.0,2096.0,45.00001609038752,0.0,0.0,0.0
8958,25,1.1283791670955126,1065.0,2097.0,45.00001609038752,0.0,0.0,0.0
8959,25,1.1283791670955126,6616.0,2097.0,45.00001609038752,0.0,0.0,0.0
8960,100,2.256758334191025,11878.75,2098.25,-18.43495541459913,3.4641016151377544,1.4142135623730951,3.2071067811865475
8961,25,1.1283791670955126,1066.0,2098.0,45.00001609038752,0.0,0.0,0.0
8962,25,1.1283791670955126,6598.0,2098.0,45.00001609038752,0.0,0.0,0.0
8963,1450,8.593479713983122,6624.896551724138,2108.7758620689656,22.32264164760469,30.76246044879287,4.488237212091981,47.48528137423857
8964,50,1.5957691216057308,28.0,2099.5,0.0,2.0,0.0,0.0
8965,25,1.1283791670955126,1067.0,2099.0,45.00001609038752,0.0,0.0,0.0
8966,25,1.1283791670955126,6596.0,2099.0,45.00001609038752,0.0,0.0,0.0
8967,25,1.1283791670955126,10067.0,2099.0,45.00001609038752,0.0,0.0,0.0
8968,25,1.1283791670955126,6595.0,2100.0,45.00001609038752,0.0,0.0,0.0
8969,200,3.1915382432114616,11875.375,2102.875,-11.309936518046797,7.745966692414834,1.224744871391589,6.0
8970,25,1.1283791670955126,29.0,2101.0,45.00001609038752,0.0,0.0,0.0
8971,25,1.1283791670955126,6594.0,2101.0,45.00001609038752,0.0,0.0,0.0
8972,50,1.5957691216057308,10068.0,2101.5,0.0,2.0,0.0,0.0
8973,100,2.256758334191025,6589.5,2103.0,-31.71748575249332,3.23606797749979,1.2360679774997898,4.414213562373095
8974,25,1.1283791670955126,6593.0,2102.0,45.00001609038752,0.0,0.0,0.0
8975,25,1.1283791670955126,1070.0,2103.0,45.00001609038752,0.0,0.0,0.0
8976,25,1.1283791670955126,10069.0,2103.0,45.00001609038752,0.0,0.0,0.0
8977,25,1.1283791670955126,1071.0,2104.0,45.00001609038752,0.0,0.0,0.0
8978,25,1.1283791670955126,6592.0,2104.0,45.00001609038752,0.0,0.0,0.0
8979,50,1.5957691216057308,6591.0,2105.5,0.0,2.0,0.0,0.0
8980,25,1.1283791670955126,10070.0,2105.0,45.00001609038752,0.0,0.0,0.0
8981,25,1.1283791670955126,35.0,2106.0,45.00001609038752,0.0,0.0,0.0
8982,50,1.5957691216057308,6588.0,2106.5,0.0,2.0,0.0,0.0
8983,25,1.1283791670955126,36.0,2107.0,45.00001609038752,0.0,0.0,0.0
8984,25,1.1283791670955126,11877.0,2107.0,45.00001609038752,0.0,0.0,0.0
8985,25,1.1283791670955126,1074.0,2108.0,45.00001609038752,0.0,0.0,0.0
8986,50,1.5957691216057308,6587.0,2108.5,0.0,2.0,0.0,0.0
8987,25,1.1283791670955126,6590.0,2108.0,45.00001609038752,0.0,0.0,0.0
8988,25,1.1283791670955126,11874.0,2108.0,45.00001609038752,0.0,0.0,0.0
8989,700,5.970821321441846,11876.0,2112.3571428571427,9.312195396430194,10.095655820611668,4.004611994340915,21.071067811865476
8990,25,1.1283791670955126,1075.0,2109.0,45.00001609038752,0.0,0.0,0.0
8991,25,1.1283791670955126,1076.0,2110.0,45.00001609038752,0.0,0.0,0.0
8992,50,1.5957691216057308,6586.0,2111.5,0.0,2.0,0.0,0.0
8993,25,1.1283791670955126,11677.0,2111.0,45.00001609038752,0.0,0.0,0.0
8994,25,1.1283791670955126,1079.0,2114.0,45.00001609038752,0.0,0.0,0.0
8995,25,1.1283791670955126,6588.0,2114.0,45.00001609038752,0.0,0.0,0.0
8996,25,1.1283791670955126,11679.0,2114.0,45.00001609038752,0.0,0.0,0.0
8997,100,2.256758334191025,6585.0,2116.5,0.0,4.47213595499958,0.0,2.0
8998,25,1.1283791670955126,11680.0,2115.0,45.00001609038752,0.0,0.0,0.0
8999,25,1.1283791670955126,46.0,2116.0,45.00001609038752,0.0,0.0,0.0
9000,25,1.1283791670955126,47.0,2117.0,45.00001609038752,0.0,0.0,0.0
9001,1100,7.48482063701911,6605.545454545455,2121.3863636363635,-29.21736899945151,10.631589114875823,5.477441989076071,24.970562748477143
9002,25,1.1283791670955126,11681.0,2117.0,45.00001609038752,0.0,0.0,0.0
9003,13124050,817.5587916983466,2214.5868672399147,2678.0053832467875,-18.84921306887137,1162.0757588726722,618.515343218251,5883.175249343081
9004,175,2.985410660720923,11876.285714285714,2120.714285714286,10.822221439994209,6.780019934022159,1.305679547981528,6.207106781186548
9005,25,1.1283791670955126,1083.0,2119.0,45.00001609038752,0.0,0.0,0.0
9006,25,1.1283791670955126,6587.0,2119.0,45.00001609038752,0.0,0.0,0.0
9007,25,1.1283791670955126,51.0,2121.0,45.00001609038752,0.0,0.0,0.0
9008,25,1.1283791670955126,6585.0,2121.0,45.00001609038752,0.0,0.0,0.0
9009,9983400,713.0570712336853,7007.875215357493,2567.5622658613297,26.521120477745722,900.4578464571731,621.1173045274659,3959.238995011261
9010,50,1.5957691216057308,10078.0,2121.5,0.0,2.0,0.0,0.0
9011,25,1.1283791670955126,11879.0,2121.0,45.00001609038752,0.0,0.0,0.0
9012,25,1.1283791670955126,52.0,2122.0,45.00001609038752,0.0,0.0,0.0
9013,25,1.1283791670955126,1085.0,2122.0,45.00001609038752,0.0,0.0,0.0
9014,25,1.1283791670955126,6586.0,2122.0,45.00001609038752,0.0,0.0,0.0
9015,25,1.1283791670955126,53.0,2123.0,45.00001609038752,0.0,0.0,0.0
9016,25,1.1283791670955126,10079.0,2123.0,45.00001609038752,0.0,0.0,0.0
9017,25,1.1283791670955126,54.0,2124.0,45.00001609038752,0.0,0.0,0.0
9018,175,2.985410660720923,6585.0,2127.0,0.0,8.0,0.0,5.0
9019,25,1.1283791670955126,55.0,2125.0,45.00001609038752,0.0,0.0,0.0
9020,175,2.985410660720923,4135.285714285715,2126.0,0.0,3.0237157840738176,2.799416848895061,6.82842712474619
9021,25,1.1283791670955126,4152.0,2125.0,45.00001609038752,0.0,0.0,0.0
9022,25,1.1283791670955126,11873.0,2125.0,45.00001609038752,0.0,0.0,0.0
9023,375,4.370193722368317,11874.933333333332,2129.0,12.129210387750764,6.653672875409969,2.8149942846459206,13.242640687119284
9024,100,2.256758334191025,4151.5,2128.5,45.00001609038752,2.0,2.0,4.0
9025,25,1.1283791670955126,6619.0,2128.0,45.00001609038752,0.0,0.0,0.0
9026,25,1.1283791670955126,59.0,2129.0,45.00001609038752,0.0,0.0,0.0
9027,25,1.1283791670955126,11689.0,2129.0,45.00001609038752,0.0,0.0,0.0
9028,25,1.1283791670955126,60.0,2130.0,45.00001609038752,0.0,0.0,0.0
9029,25,1.1283791670955126,11690.0,2130.0,45.00001609038752,0.0,0.0,0.0
9030,25,1.1283791670955126,61.0,2131.0,45.00001609038752,0.0,0.0,0.0
9031,75,1.9544100476116797,6586.0,2132.0,0.0,3.265986323710904,0.0,1.0
9032,50,1.5957691216057308,6605.0,2131.5,0.0,2.0,0.0,0.0
9033,25,1.1283791670955126,6628.0,2131.0,45.00001609038752,0.0,0.0,0.0
9034,25,1.1283791670955126,62.0,2132.0,45.00001609038752,0.0,0.0,0.0
9035,25,1.1283791670955126,63.0,2133.0,45.00001609038752,0.0,0.0,0.0
9036,25,1.1283791670955126,11876.0,2133.0,45.00001609038752,0.0,0.0,0.0
9037,25,1.1283791670955126,6633.0,2134.0,45.00001609038752,0.0,0.0,0.0
9038,50,1.5957691216057308,6586.0,2135.5,0.0,2.0,0.0,0.0
9039,25,1.1283791670955126,9215.0,2135.0,45.00001609038752,0.0,0.0,0.0
9040,125,2.5231325220201604,9212.8,2136.4,-71.5650767661759,3.098386676965933,1.7888543819998317,5.207106781186548
9041,175,2.985410660720923,9217.714285714286,2136.5714285714284,-81.65040707825254,4.155374705678736,1.9054711331003737,7.207106781186548
9042,25,1.1283791670955126,11920.0,2137.0,45.00001609038752,0.0,0.0,0.0
9043,377425,138.6437788249684,4644.651453931245,2195.415777969133,74.19409731535255,222.50643640088202,100.38805283699251,719.0803025278549
9044,300,3.9088200952233594,6585.833333333333,2143.6666666666665,-1.1499001220589258,10.627017166013443,1.475675189317334,10.0
9045,25,1.1283791670955126,70.0,2140.0,45.00001609038752,0.0,0.0,0.0
9046,25,1.1283791670955126,71.0,2141.0,45.00001609038752,0.0,0.0,0.0
9047,50,1.5957691216057308,8565.5,2141.0,90.00003218077504,2.0,0.0,0.0
9048,198500,100.54611869782539,5646.932367758186,2185.7918136020153,52.65546112411408,131.27590470863078,82.22859434716975,371.60512242138304
9049,1896500,310.78602263230795,7448.06755866069,2314.429409438439,61.03396828123438,327.60985057088675,311.23553827945193,1355.5443353460337
9050,30698075,1250.375992047926,8543.19938953827,2946.4262172790964,-28.861529589905214,1497.0139819864403,1292.3518481444655,8670.64259969159
9051,25,1.1283791670955126,11917.0,2143.0,45.00001609038752,0.0,0.0,0.0
9052,25,1.1283791670955126,11916.0,2144.0,45.00001609038752,0.0,0.0,0.0
9053,25,1.1283791670955126,75.0,2146.0,45.00001609038752,0.0,0.0,0.0
9054,25,1.1283791670955126,6625.0,2146.0,45.00001609038752,0.0,0.0,0.0
9055,25,1.1283791670955126,76.0,2147.0,45.00001609038752,0.0,0.0,0.0
9056,25,1.1283791670955126,11706.0,2147.0,45.00001609038752,0.0,0.0,0.0
9057,25,1.1283791670955126,11914.0,2147.0,45.00001609038752,0.0,0.0,0.0
9058,25,1.1283791670955126,77.0,2148.0,45.00001609038752,0.0,0.0,0.0
9059,25,1.1283791670955126,11707.0,2148.0,45.00001609038752,0.0,0.0,0.0
9060,25,1.1283791670955126,11891.0,2148.0,45.00001609038752,0.0,0.0,0.0
9061,25,1.1283791670955126,11913.0,2148.0,45.00001609038752,0.0,0.0,0.0
9062,25,1.1283791670955126,6589.0,2149.0,45.00001609038752,0.0,0.0,0.0
9063,25,1.1283791670955126,11708.0,2149.0,45.00001609038752,0.0,0.0,0.0
9064,25,1.1283791670955126,11911.0,2149.0,45.00001609038752,0.0,0.0,0.0
9065,25,1.1283791670955126,78.0,2150.0,45.00001609038752,0.0,0.0,0.0
9066,125,2.5231325220201604,6587.4,2151.6,20.993613754469656,4.34169545110285,1.27658944452507,4.207106781186548
9067,25,1.1283791670955126,11895.0,2150.0,45.00001609038752,0.0,0.0,0.0
9068,25,1.1283791670955126,11910.0,2150.0,45.00001609038752,0.0,0.0,0.0
9069,25,1.1283791670955126,79.0,2151.0,45.00001609038752,0.0,0.0,0.0
9070,25,1.1283791670955126,6590.0,2151.0,45.00001609038752,0.0,0.0,0.0
9071,25,1.1283791670955126,6623.0,2151.0,45.00001609038752,0.0,0.0,0.0
9072,125,2.5231325220201604,11903.0,2151.0,90.00003218077504,5.656854249492381,0.0,3.0
9073,100,2.256758334191025,11908.0,2151.25,90.00003218077504,2.8284271247461903,1.7320508075688772,4.621320343559642
9074,250,3.5682482323055424,6590.7,2154.7,45.00001609038752,4.0,3.149603149604724,9.071067811865476
9075,25,1.1283791670955126,6622.0,2153.0,45.00001609038752,0.0,0.0,0.0
9076,25,1.1283791670955126,81.0,2154.0,45.00001609038752,0.0,0.0,0.0
9077,25,1.1283791670955126,6621.0,2154.0,45.00001609038752,0.0,0.0,0.0
9078,1058300,232.1611001174161,8123.6503826892185,2278.7141406028536,45.206418740284384,346.8126795275441,190.78520689583075,2149.5119395016804
9079,946275,219.52992964006216,9277.386700483476,2348.7449472933345,11.715847757561749,341.1020730771202,163.1519647270818,997.4600282048218
9080,75,1.9544100476116797,11506.333333333334,2154.6666666666665,-45.00001609038752,2.3094010767585034,1.3333333333333333,3.414213562373095
9081,25,1.1283791670955126,82.0,2155.0,45.00001609038752,0.0,0.0,0.0
9082,25,1.1283791670955126,11714.0,2155.0,45.00001609038752,0.0,0.0,0.0
9083,25,1.1283791670955126,6593.0,2156.0,45.00001609038752,0.0,0.0,0.0
9084,25,1.1283791670955126,6620.0,2156.0,45.00001609038752,0.0,0.0,0.0
9085,25,1.1283791670955126,83.0,2157.0,45.00001609038752,0.0,0.0,0.0
9086,25,1.1283791670955126,6594.0,2157.0,45.00001609038752,0.0,0.0,0.0
9087,25,1.1283791670955126,6619.0,2157.0,45.00001609038752,0.0,0.0,0.0
9088,25,1.1283791670955126,84.0,2158.0,45.00001609038752,0.0,0.0,0.0
9089,41883325,1460.5136857283449,3462.3785874211276,3114.6621573143966,9.25367989975183,1834.4048284126625,1257.4501811802759,8010.39995900447
9090,125,2.5231325220201604,6595.8,2159.2,-45.00001609038752,4.0,1.3856406460551023,5.414213562373095
9091,25,1.1283791670955126,6618.0,2158.0,45.00001609038752,0.0,0.0,0.0
9092,25,1.1283791670955126,6617.0,2159.0,45.00001609038752,0.0,0.0,0.0
9093,25,1.1283791670955126,6616.0,2160.0,45.00001609038752,0.0,0.0,0.0
9094,25,1.1283791670955126,6598.0,2161.0,45.00001609038752,0.0,0.0,0.0
9095,25,1.1283791670955126,6614.0,2161.0,45.00001609038752,0.0,0.0,0.0
9096,106775,73.74283758822872,2617.297822523999,2210.1184734254275,11.021597972704958,87.20291935936113,64.41900048101701,264.2081528017131
9097,25,1.1283791670955126,6612.0,2162.0,45.00001609038752,0.0,0.0,0.0
9098,1100,7.48482063701911,6602.272727272727,2168.181818181818,45.29816213408304,12.335613220430304,8.713886620197908,36.520815280171306
9099,50,1.5957691216057308,6601.5,2163.0,90.00003218077504,2.0,0.0,0.0
9100,25,1.1283791670955126,6604.0,2163.0,45.00001609038752,0.0,0.0,0.0
9101,100,2.256758334191025,6608.0,2163.5,58.28254642828171,3.23606797749979,1.2360679774997898,4.414213562373095
9102,25,1.1283791670955126,6610.0,2163.0,45.00001609038752,0.0,0.0,0.0
9103,25,1.1283791670955126,8581.0,2163.0,45.00001609038752,0.0,0.0,0.0
9104,25,1.1283791670955126,1495.0,2166.0,45.00001609038752,0.0,0.0,0.0
9105,18359550,966.9768370243924,5579.038478611948,2969.4649065472736,9.046480231458291,1651.3359082711306,606.1850211040299,5632.583366251044
9106,4492050,478.30767072785227,5092.495970659276,2392.4709653721575,59.184228846472145,576.1190848923493,450.05263047265964,2723.9099551418767
9107,25,1.1283791670955126,1486.0,2169.0,45.00001609038752,0.0,0.0,0.0
9108,25,1.1283791670955126,8586.0,2169.0,45.00001609038752,0.0,0.0,0.0
9109,25,1.1283791670955126,11153.0,2169.0,45.00001609038752,0.0,0.0,0.0
9110,25,1.1283791670955126,8587.0,2170.0,45.00001609038752,0.0,0.0,0.0
9111,25,1.1283791670955126,11154.0,2172.0,45.00001609038752,0.0,0.0,0.0
9112,150,2.763953195770684,88.83333333333333,2179.1666666666665,-4.731162795706489,5.39192040212807,1.4276923647012265,5.414213562373095
9113,100,2.256758334191025,5435.25,2180.75,-18.43495541459913,3.4641016151377544,1.4142135623730951,3.2071067811865475
9114,50,1.5957691216057308,90.0,2183.5,0.0,2.0,0.0,0.0
9115,25,1.1283791670955126,2645.0,2187.0,45.00001609038752,0.0,0.0,0.0
9116,25,1.1283791670955126,8201.0,2187.0,45.00001609038752,0.0,0.0,0.0
9117,25,1.1283791670955126,5603.0,2195.0,45.00001609038752,0.0,0.0,0.0
9118,25,1.1283791670955126,9236.0,2195.0,45.00001609038752,0.0,0.0,0.0
9119,25,1.1283791670955126,9805.0,2196.0,45.00001609038752,0.0,0.0,0.0
9120,6125,17.66192765414112,7501.069387755102,2204.081632653061,77.07132045895517,19.333626868482853,17.19713641903503,66.8700576850888
9121,25,1.1283791670955126,8207.0,2198.0,45.00001609038752,0.0,0.0,0.0
9122,138150,83.88040131166821,9683.205211726385,2238.0577271082157,-68.61399303490956,193.32893293679487,51.100874434783165,475.30360723121805
9123,11147875,753.4962585113346,7663.679867239272,2677.290887276723,-36.42927099801857,951.7205724222679,676.9050318871907,5501.228027191717
9124,25,1.1283791670955126,2747.0,2204.0,45.00001609038752,0.0,0.0,0.0
9125,25,1.1283791670955126,6710.0,2206.0,45.00001609038752,0.0,0.0,0.0
9126,544475,166.5229234813847,9743.13967583452,2299.8228109646907,-48.70177753586662,197.8077131901474,145.33644152044548,717.1097397793778
9127,25,1.1283791670955126,6717.0,2216.0,45.00001609038752,0.0,0.0,0.0
9128,50,1.5957691216057308,1485.0,2218.5,0.0,2.0,0.0,0.0
9129,145850,86.1863069401685,2038.5560507370585,2285.5227973945834,-27.43845915498007,144.87024707629857,51.82214546117273,351.30360723121805
9130,3113175,398.186766213087,4632.391095906912,2418.2978791747973,-54.418986870890336,441.17448058318985,385.6309936623462,1986.7434329005064
9131,25,1.1283791670955126,7100.0,2224.0,45.00001609038752,0.0,0.0,0.0
9132,4575,15.26443044094783,2570.7158469945357,2242.8579234972676,-5.958507901352618,34.74822326134599,7.5585655993111835,73.17766952966369
9133,7528125,619.1964614792108,9527.29701618929,2652.591807388958,4.609701579687217,766.9530204116405,508.0369621998472,2314.400287149999
9134,25,1.1283791670955126,2516.0,2245.0,45.00001609038752,0.0,0.0,0.0
9135,25,1.1283791670955126,7944.0,2245.0,45.00001609038752,0.0,0.0,0.0
9136,5850,17.26088217525478,7934.491452991453,2258.2264957264956,-20.443398159101132,29.759978755843328,16.61377191067295,127.66904755831214
9137,100,2.256758334191025,2591.0,2247.75,90.00003218077504,2.8284271247461903,1.7320508075688772,4.621320343559642
9138,25,1.1283791670955126,4324.0,2247.0,45.00001609038752,0.0,0.0,0.0
9139,25,1.1283791670955126,2589.0,2249.0,45.00001609038752,0.0,0.0,0.0
9140,25,1.1283791670955126,2608.0,2249.0,45.00001609038752,0.0,0.0,0.0
9141,25,1.1283791670955126,2588.0,2250.0,45.00001609038752,0.0,0.0,0.0
9142,50,1.5957691216057308,2612.5,2250.0,90.00003218077504,2.0,0.0,0.0
9143,600,5.527906391541368,2619.2916666666665,2252.9583333333335,49.81655751914643,14.360978994653133,2.653311156443818,20.035533905932738
9144,25,1.1283791670955126,4327.0,2251.0,45.00001609038752,0.0,0.0,0.0
9145,275,3.742410318509555,7947.090909090909,2253.2727272727275,13.102922032897485,6.552157585809402,2.28067147473699,11.207106781186548
9146,25,1.1283791670955126,2584.0,2253.0,45.00001609038752,0.0,0.0,0.0
9147,25,1.1283791670955126,2583.0,2254.0,45.00001609038752,0.0,0.0,0.0
9148,25,1.1283791670955126,2629.0,2254.0,45.00001609038752,0.0,0.0,0.0
9149,25,1.1283791670955126,2582.0,2255.0,45.00001609038752,0.0,0.0,0.0
9150,25,1.1283791670955126,2627.0,2255.0,45.00001609038752,0.0,0.0,0.0
9151,25,1.1283791670955126,2626.0,2256.0,45.00001609038752,0.0,0.0,0.0
9152,50,1.5957691216057308,7951.5,2256.0,90.00003218077504,2.0,0.0,0.0
9153,200,3.1915382432114616,2628.0,2258.75,-14.036248486784183,4.898979485566356,2.6457513110645907,7.207106781186548
9154,25,1.1283791670955126,7950.0,2257.0,45.00001609038752,0.0,0.0,0.0
9155,50,1.5957691216057308,7959.5,2257.0,90.00003218077504,2.0,0.0,0.0
9156,25,1.1283791670955126,7969.0,2257.0,45.00001609038752,0.0,0.0,0.0
9157,25,1.1283791670955126,2580.0,2258.0,45.00001609038752,0.0,0.0,0.0
9158,175,2.985410660720923,7945.571428571428,2259.714285714286,-39.996024400419365,5.12776684506934,1.9356713329329025,7.621320343559642
9159,25,1.1283791670955126,7965.0,2258.0,45.00001609038752,0.0,0.0,0.0
9160,25,1.1283791670955126,2574.0,2259.0,45.00001609038752,0.0,0.0,0.0
9161,25,1.1283791670955126,2579.0,2259.0,45.00001609038752,0.0,0.0,0.0
9162,25,1.1283791670955126,7968.0,2259.0,45.00001609038752,0.0,0.0,0.0
9163,3100,12.565098628628435,7987.080645161291,2276.1774193548385,34.718304190482534,55.51481443928106,6.706828492496125,91.29036790187178
9164,25,1.1283791670955126,2573.0,2260.0,45.00001609038752,0.0,0.0,0.0
9165,50,1.5957691216057308,2578.0,2260.5,0.0,2.0,0.0,0.0
9166,25,1.1283791670955126,10537.0,2261.0,45.00001609038752,0.0,0.0,0.0
9167,25,1.1283791670955126,2626.0,2262.0,45.00001609038752,0.0,0.0,0.0
9168,25,1.1283791670955126,7943.0,2262.0,45.00001609038752,0.0,0.0,0.0
9169,25,1.1283791670955126,2578.0,2263.0,45.00001609038752,0.0,0.0,0.0
9170,450,4.787307364817192,2628.3333333333335,2265.722222222222,10.26333003100355,6.851974066935796,3.6261848847153497,15.071067811865474
9171,25,1.1283791670955126,7942.0,2264.0,45.00001609038752,0.0,0.0,0.0
9172,25,1.1283791670955126,7941.0,2265.0,45.00001609038752,0.0,0.0,0.0
9173,25,1.1283791670955126,2577.0,2266.0,45.00001609038752,0.0,0.0,0.0
9174,25,1.1283791670955126,7940.0,2266.0,45.00001609038752,0.0,0.0,0.0
9175,350,4.222008245644752,7937.928571428572,2270.785714285714,-12.8142140210109,9.184938722177748,1.9908368295982217,14.207106781186548
9176,50,1.5957691216057308,7935.0,2268.5,0.0,2.0,0.0,0.0
9177,200,3.1915382432114616,2553.0,2270.25,-24.407046144227184,4.100618600451318,2.4869513653533066,7.82842712474619
9178,25,1.1283791670955126,2630.0,2270.0,45.00001609038752,0.0,0.0,0.0
9179,25,1.1283791670955126,2641.0,2270.0,45.00001609038752,0.0,0.0,0.0
9180,25,1.1283791670955126,2629.0,2271.0,45.00001609038752,0.0,0.0,0.0
9181,50,1.5957691216057308,2642.0,2271.5,0.0,2.0,0.0,0.0
9182,650,5.753627391751592,2630.6153846153848,2278.9615384615386,3.822111934016866,15.263955164147418,2.2883454323819414,25.207106781186546
9183,125,2.5231325220201604,2606.6,2275.2,-18.43495541459913,3.098386676965933,1.7888543819998317,5.207106781186548
9184,702900,189.20465913865291,7221.162683169726,2395.468096457533,0.9242835658830905,260.42030561608306,148.89970266911976,925.7077195258245
9185,525,5.170882945826411,7934.619047619048,2282.190476190476,-3.9462861061289107,10.247334552421504,3.3085923134809843,20.071067811865476
9186,50,1.5957691216057308,2604.0,2279.5,0.0,2.0,0.0,0.0
9187,25,1.1283791670955126,2606.0,2280.0,45.00001609038752,0.0,0.0,0.0
9188,275,3.742410318509555,2610.909090909091,2282.3636363636365,-15.070698164777372,4.346129984141888,3.067356324605906,9.414213562373096
9189,75,1.9544100476116797,2605.3333333333335,2282.6666666666665,-45.00001609038752,2.3094010767585034,1.3333333333333333,3.414213562373095
9190,25,1.1283791670955126,2571.0,2287.0,45.00001609038752,0.0,0.0,0.0
9191,75,1.9544100476116797,2630.0,2288.0,0.0,3.265986323710904,0.0,1.0
9192,25,1.1283791670955126,7283.0,2287.0,45.00001609038752,0.0,0.0,0.0
9193,50,1.5957691216057308,7289.5,2287.0,90.00003218077504,2.0,0.0,0.0
9194,25,1.1283791670955126,7282.0,2288.0,45.00001609038752,0.0,0.0,0.0
9195,175,2.985410660720923,7292.428571428572,2289.5714285714284,23.295578465258426,6.04557726857934,1.8132099115972011,6.207106781186548
9196,25,1.1283791670955126,7936.0,2288.0,45.00001609038752,0.0,0.0,0.0
9197,25,1.1283791670955126,7281.0,2290.0,45.00001609038752,0.0,0.0,0.0
9198,2100,10.341765891652821,7937.892857142857,2313.2976190476193,6.860341325110025,50.41045169853658,2.6982754891355145,76.65685424949238
9199,50,1.5957691216057308,2630.0,2291.5,0.0,2.0,0.0,0.0
9200,25,1.1283791670955126,9635.0,2291.0,45.00001609038752,0.0,0.0,0.0
9201,7850,19.994929783493642,2635.1624203821657,2310.047770700637,-14.889939308582717,40.17070369915406,15.782637117366177,152.70458146424488
9202,1200,7.817640190446719,7280.3125,2305.4375,12.206401466028565,24.809918648042625,3.629913223596405,38.69238815542512
9203,150,2.763953195770684,7294.0,2298.5,0.0,6.831300510639732,0.0,4.0
9204,550,5.292567428401227,7977.272727272727,2302.090909090909,-14.017949803261274,9.674528849073305,2.8903122273534536,17.449747468305834
9205,25,1.1283791670955126,7999.0,2298.0,45.00001609038752,0.0,0.0,0.0
9206,50,1.5957691216057308,8002.0,2298.5,0.0,2.0,0.0,0.0
9207,25,1.1283791670955126,4371.0,2300.0,45.00001609038752,0.0,0.0,0.0
9208,25,1.1283791670955126,8000.0,2300.0,45.00001609038752,0.0,0.0,0.0
9209,225,3.385137501286538,8002.333333333333,2302.222222222222,61.84505587655787,3.8130523407341355,3.621457280498591,8.65685424949238
9210,25,1.1283791670955126,4372.0,2302.0,45.00001609038752,0.0,0.0,0.0
9211,551850,167.6469197763084,8027.843027996738,2400.026003442965,-7.569523468474274,196.32519933987265,153.89576676493004,1137.1768029778864
9212,50,1.5957691216057308,11870.5,2303.0,90.00003218077504,2.0,0.0,0.0
9213,200,3.1915382432114616,2568.375,2305.75,-17.296150528236417,3.9722133299273006,2.6403638502198645,8.242640687119284
9214,25,1.1283791670955126,8219.0,2306.0,45.00001609038752,0.0,0.0,0.0
9215,50,1.5957691216057308,8220.0,2308.5,0.0,2.0,0.0,0.0
9216,50,1.5957691216057308,2566.0,2309.5,0.0,2.0,0.0,0.0
9217,100,2.256758334191025,2632.75,2310.0,0.0,2.8284271247461903,1.7320508075688772,4.621320343559642
9218,25,1.1283791670955126,7293.0,2310.0,45.00001609038752,0.0,0.0,0.0
9219,550,5.292567428401227,7974.863636363636,2310.909090909091,-85.54471601648874,8.827954701866004,3.1044264712964678,17.656854249492383
9220,50,1.5957691216057308,8001.0,2310.5,0.0,2.0,0.0,0.0
9221,25,1.1283791670955126,9384.0,2310.0,45.00001609038752,0.0,0.0,0.0
9222,25,1.1283791670955126,2563.0,2311.0,45.00001609038752,0.0,0.0,0.0
9223,25,1.1283791670955126,8221.0,2311.0,45.00001609038752,0.0,0.0,0.0
9224,75,1.9544100476116797,2560.3333333333335,2312.3333333333335,45.00001609038752,2.3094010767585034,1.3333333333333333,3.414213562373095
9225,1025,7.225151993843567,2562.121951219512,2324.951219512195,-6.6073221797051005,30.37769319786463,3.9314520431218174,38.621320343559645
9226,25,1.1283791670955126,2634.0,2312.0,45.00001609038752,0.0,0.0,0.0
9227,75,1.9544100476116797,2636.3333333333335,2312.6666666666665,-45.00001609038752,2.3094010767585034,1.3333333333333333,3.414213562373095
9228,25,1.1283791670955126,4379.0,2312.0,45.00001609038752,0.0,0.0,0.0
9229,25,1.1283791670955126,7292.0,2312.0,45.00001609038752,0.0,0.0,0.0
9230,175,2.985410660720923,7968.714285714285,2313.0,0.0,3.0237157840738176,2.799416848895061,6.82842712474619
9231,25,1.1283791670955126,4380.0,2313.0,45.00001609038752,0.0,0.0,0.0
9232,25,1.1283791670955126,7291.0,2313.0,45.00001609038752,0.0,0.0,0.0
9233,25,1.1283791670955126,7290.0,2314.0,45.00001609038752,0.0,0.0,0.0
9234,50,1.5957691216057308,7973.5,2314.0,90.00003218077504,2.0,0.0,0.0
9235,25,1.1283791670955126,2567.0,2315.0,45.00001609038752,0.0,0.0,0.0
9236,125,2.5231325220201604,9211.2,2316.2,-79.09932353989771,4.743365517193277,1.34925296749785,4.207106781186548
9237,100,2.256758334191025,9215.75,2316.75,18.43495541459913,3.4641016151377544,1.4142135623730951,3.2071067811865475
9238,50,1.5957691216057308,7942.0,2317.5,0.0,2.0,0.0,0.0
9239,25,1.1283791670955126,2566.0,2318.0,45.00001609038752,0.0,0.0,0.0
9240,50,1.5957691216057308,7967.5,2318.0,90.00003218077504,2.0,0.0,0.0
9241,50,1.5957691216057308,8000.0,2318.5,0.0,2.0,0.0,0.0
9242,825,6.4820448144285745,9206.818181818182,2323.4848484848485,-11.951029478763799,13.635984948496217,3.661434643518245,25.278174593052025
9243,25,1.1283791670955126,7999.0,2320.0,45.00001609038752,0.0,0.0,0.0
9244,25,1.1283791670955126,7935.0,2321.0,45.00001609038752,0.0,0.0,0.0
9245,75,1.9544100476116797,9217.0,2322.0,0.0,3.265986323710904,0.0,1.0
9246,25,1.1283791670955126,2625.0,2322.0,45.00001609038752,0.0,0.0,0.0
9247,25,1.1283791670955126,7936.0,2323.0,45.00001609038752,0.0,0.0,0.0
9248,17975,30.256556854086718,2619.191933240612,2349.203059805285,-43.177572407946265,61.64352006147788,15.971324270819578,142.8528137423857
9249,13717725,835.8456779526268,1567.882653647015,2759.3204139170307,9.593962581801028,902.0768269840472,838.81816252226,5655.466663265479
9250,25,1.1283791670955126,4389.0,2325.0,45.00001609038752,0.0,0.0,0.0
9251,75,1.9544100476116797,9218.0,2326.0,0.0,3.265986323710904,0.0,1.0
9252,25,1.1283791670955126,1459.0,2326.0,45.00001609038752,0.0,0.0,0.0
9253,25,1.1283791670955126,2564.0,2326.0,45.00001609038752,0.0,0.0,0.0
9254,25,1.1283791670955126,4390.0,2326.0,45.00001609038752,0.0,0.0,0.0
9255,100,2.256758334191025,9219.0,2329.5,0.0,4.47213595499958,0.0,2.0
9256,50,1.5957691216057308,2622.0,2330.5,0.0,2.0,0.0,0.0
9257,1975,10.02925341359355,2646.1898734177216,2335.0506329113923,80.88538047847503,13.837625694464627,8.255630199644438,40.21320343559643
9258,550,5.292567428401227,9203.863636363636,2334.590909090909,25.13586715429345,10.257464768516979,3.328954367934467,15.863961030678928
9259,25,1.1283791670955126,2564.0,2331.0,45.00001609038752,0.0,0.0,0.0
9260,25,1.1283791670955126,4394.0,2331.0,45.00001609038752,0.0,0.0,0.0
9261,325,4.068428945128219,7944.153846153846,2335.846153846154,20.71730563636827,11.58493218010018,1.6964975033665588,12.207106781186548
9262,25,1.1283791670955126,7994.0,2331.0,45.00001609038752,0.0,0.0,0.0
9263,1825,9.640875829802336,9211.890410958904,2345.671232876712,10.23009845949382,35.84855239121804,3.4364291428832883,58.89949493661166
9264,50,1.5957691216057308,2655.0,2333.5,0.0,2.0,0.0,0.0
9265,25,1.1283791670955126,7993.0,2333.0,45.00001609038752,0.0,0.0,0.0
9266,25,1.1283791670955126,2565.0,2334.0,45.00001609038752,0.0,0.0,0.0
9267,25,1.1283791670955126,7992.0,2334.0,45.00001609038752,0.0,0.0,0.0
9268,25,1.1283791670955126,9207.0,2334.0,45.00001609038752,0.0,0.0,0.0
9269,25,1.1283791670955126,7991.0,2335.0,45.00001609038752,0.0,0.0,0.0
9270,25,1.1283791670955126,9220.0,2335.0,45.00001609038752,0.0,0.0,0.0
9271,50,1.5957691216057308,2566.0,2336.5,0.0,2.0,0.0,0.0
9272,475,4.918490759365935,7942.894736842105,2342.0,15.855678602039479,14.008757406039013,1.9996207769890997,17.0
9273,50,1.5957691216057308,7990.0,2336.5,0.0,2.0,0.0,0.0
9274,50,1.5957691216057308,9802.5,2337.0,90.00003218077504,2.0,0.0,0.0
9275,25,1.1283791670955126,2564.0,2338.0,45.00001609038752,0.0,0.0,0.0
9276,275,3.742410318509555,2566.4545454545455,2340.3636363636365,-22.045317658013253,4.7767112559233595,3.32178705623292,9.863961030678928
9277,150,2.763953195770684,9220.0,2341.5,0.0,6.831300510639732,0.0,4.0
9278,25,1.1283791670955126,2641.0,2340.0,45.00001609038752,0.0,0.0,0.0
9279,25,1.1283791670955126,7986.0,2340.0,45.00001609038752,0.0,0.0,0.0
9280,25,1.1283791670955126,2569.0,2341.0,45.00001609038752,0.0,0.0,0.0
9281,25,1.1283791670955126,2618.0,2341.0,45.00001609038752,0.0,0.0,0.0
9282,175,2.985410660720923,7947.857142857143,2343.0,20.592969946160338,5.555525530377286,1.7593520838068657,7.621320343559642
9283,25,1.1283791670955126,7985.0,2341.0,45.00001609038752,0.0,0.0,0.0
9284,25,1.1283791670955126,2570.0,2342.0,45.00001609038752,0.0,0.0,0.0
9285,25,1.1283791670955126,2617.0,2342.0,45.00001609038752,0.0,0.0,0.0
9286,25,1.1283791670955126,7984.0,2342.0,45.00001609038752,0.0,0.0,0.0
9287,50,1.5957691216057308,2568.0,2343.5,0.0,2.0,0.0,0.0
9288,25,1.1283791670955126,2571.0,2343.0,45.00001609038752,0.0,0.0,0.0
9289,25,1.1283791670955126,2615.0,2343.0,45.00001609038752,0.0,0.0,0.0
9290,25,1.1283791670955126,7982.0,2343.0,45.00001609038752,0.0,0.0,0.0
9291,25,1.1283791670955126,8136.0,2343.0,45.00001609038752,0.0,0.0,0.0
9292,25,1.1283791670955126,1477.0,2344.0,45.00001609038752,0.0,0.0,0.0
9293,25,1.1283791670955126,2572.0,2344.0,45.00001609038752,0.0,0.0,0.0
9294,100,2.256758334191025,2602.5,2344.5,45.00001609038752,2.0,2.0,4.0
9295,25,1.1283791670955126,2613.0,2344.0,45.00001609038752,0.0,0.0,0.0
9296,25,1.1283791670955126,7951.0,2344.0,45.00001609038752,0.0,0.0,0.0
9297,776025,198.80298968608142,9813.477368641474,2450.8920137882155,-2.488175132793119,216.10398958181213,194.22267132899867,748.6488450227787
9298,25,1.1283791670955126,1478.0,2345.0,45.00001609038752,0.0,0.0,0.0
9299,25,1.1283791670955126,2566.0,2345.0,45.00001609038752,0.0,0.0,0.0
9300,25,1.1283791670955126,2573.0,2345.0,45.00001609038752,0.0,0.0,0.0
9301,25,1.1283791670955126,7953.0,2345.0,45.00001609038752,0.0,0.0,0.0
9302,25,1.1283791670955126,7978.0,2345.0,45.00001609038752,0.0,0.0,0.0
9303,25,1.1283791670955126,1479.0,2346.0,45.00001609038752,0.0,0.0,0.0
9304,25,1.1283791670955126,2610.0,2346.0,45.00001609038752,0.0,0.0,0.0
9305,25,1.1283791670955126,7947.0,2346.0,45.00001609038752,0.0,0.0,0.0
9306,25,1.1283791670955126,7975.0,2346.0,45.00001609038752,0.0,0.0,0.0
9307,25,1.1283791670955126,1480.0,2347.0,45.00001609038752,0.0,0.0,0.0
9308,125,2.5231325220201604,2574.6,2348.0,90.00003218077504,3.2,2.5298221281347035,4.414213562373095
9309,25,1.1283791670955126,7967.0,2347.0,45.00001609038752,0.0,0.0,0.0
9310,25,1.1283791670955126,7970.0,2347.0,45.00001609038752,0.0,0.0,0.0
9311,25,1.1283791670955126,1481.0,2348.0,45.00001609038752,0.0,0.0,0.0
9312,25,1.1283791670955126,2607.0,2348.0,45.00001609038752,0.0,0.0,0.0
9313,150,2.763953195770684,8103.833333333333,2349.0,-36.86991082919826,3.8297084310253524,1.8856180831641265,6.207106781186548
9314,25,1.1283791670955126,2578.0,2349.0,45.00001609038752,0.0,0.0,0.0
9315,25,1.1283791670955126,2605.0,2349.0,45.00001609038752,0.0,0.0,0.0
9316,25,1.1283791670955126,2580.0,2350.0,45.00001609038752,0.0,0.0,0.0
9317,25,1.1283791670955126,2604.0,2350.0,45.00001609038752,0.0,0.0,0.0
9318,25,1.1283791670955126,8100.0,2350.0,45.00001609038752,0.0,0.0,0.0
9319,25,1.1283791670955126,2520.0,2351.0,45.00001609038752,0.0,0.0,0.0
9320,25,1.1283791670955126,2582.0,2351.0,45.00001609038752,0.0,0.0,0.0
9321,25,1.1283791670955126,2602.0,2351.0,45.00001609038752,0.0,0.0,0.0
9322,200,3.1915382432114616,8100.25,2352.0,-75.96378369399086,4.898979485566356,2.6457513110645907,8.414213562373096
9323,50,1.5957691216057308,9221.0,2351.5,0.0,2.0,0.0,0.0
9324,25,1.1283791670955126,2585.0,2352.0,45.00001609038752,0.0,0.0,0.0
9325,25,1.1283791670955126,2601.0,2352.0,45.00001609038752,0.0,0.0,0.0
9326,50,1.5957691216057308,8106.5,2352.0,90.00003218077504,2.0,0.0,0.0
9327,25,1.1283791670955126,2591.0,2353.0,45.00001609038752,0.0,0.0,0.0
9328,25,1.1283791670955126,2599.0,2353.0,45.00001609038752,0.0,0.0,0.0
9329,550,5.292567428401227,8103.409090909091,2356.0,90.00003218077504,8.498906103651086,5.908391567007971,17.414213562373096
9330,175,2.985410660720923,8108.714285714285,2354.714285714286,-30.84963314771625,5.807650666412863,2.191302348333561,6.207106781186548
9331,100,2.256758334191025,2597.0,2354.25,90.00003218077504,2.8284271247461903,1.7320508075688772,4.621320343559642
9332,75,1.9544100476116797,9222.0,2356.0,0.0,3.265986323710904,0.0,1.0
9333,25,1.1283791670955126,1232.0,2356.0,45.00001609038752,0.0,0.0,0.0
9334,25,1.1283791670955126,8141.0,2356.0,45.00001609038752,0.0,0.0,0.0
9335,25,1.1283791670955126,9845.0,2356.0,45.00001609038752,0.0,0.0,0.0
9336,25,1.1283791670955126,8110.0,2357.0,45.00001609038752,0.0,0.0,0.0
9337,25,1.1283791670955126,8112.0,2358.0,45.00001609038752,0.0,0.0,0.0
9338,125,2.5231325220201604,9223.0,2360.0,0.0,5.656854249492381,0.0,3.0
9339,25,1.1283791670955126,9848.0,2358.0,45.00001609038752,0.0,0.0,0.0
9340,25,1.1283791670955126,1493.0,2359.0,45.00001609038752,0.0,0.0,0.0
9341,25,1.1283791670955126,8109.0,2359.0,45.00001609038752,0.0,0.0,0.0
9342,25,1.1283791670955126,8125.0,2359.0,45.00001609038752,0.0,0.0,0.0
9343,25,1.1283791670955126,9849.0,2359.0,45.00001609038752,0.0,0.0,0.0
9344,25,1.1283791670955126,1494.0,2360.0,45.00001609038752,0.0,0.0,0.0
9345,100,2.256758334191025,8108.75,2360.75,71.5650767661759,3.4641016151377544,1.4142135623730951,3.2071067811865475
9346,425,4.652426491681278,8128.235294117647,2363.235294117647,30.1482844371574,9.070764722836405,2.5104864512359657,16.44974746830583
9347,100,2.256758334191025,8158.25,2360.25,71.5650767661759,3.4641016151377544,1.4142135623730951,3.2071067811865475
9348,25,1.1283791670955126,9850.0,2360.0,45.00001609038752,0.0,0.0,0.0
9349,25,1.1283791670955126,1495.0,2361.0,45.00001609038752,0.0,0.0,0.0
9350,50,1.5957691216057308,8102.0,2361.5,0.0,2.0,0.0,0.0
9351,25,1.1283791670955126,8105.0,2361.0,45.00001609038752,0.0,0.0,0.0
9352,325,4.068428945128219,8111.461538461538,2363.153846153846,-36.4120612117703,7.204662575998062,2.8819880148071837,12.242640687119284
9353,25,1.1283791670955126,8116.0,2361.0,45.00001609038752,0.0,0.0,0.0
9354,25,1.1283791670955126,1496.0,2362.0,45.00001609038752,0.0,0.0,0.0
9355,25,1.1283791670955126,1497.0,2363.0,45.00001609038752,0.0,0.0,0.0
9356,25,1.1283791670955126,8114.0,2363.0,45.00001609038752,0.0,0.0,0.0
9357,150,2.763953195770684,9224.0,2365.5,0.0,6.831300510639732,0.0,4.0
9358,25,1.1283791670955126,8158.0,2364.0,45.00001609038752,0.0,0.0,0.0
9359,625,5.641895835477563,9213.76,2372.2,25.734162939778017,14.61914634945184,4.127827517388402,20.86396103067893
9360,150,2.763953195770684,2704.5,2366.5,71.5650767661759,3.9999999999999996,1.632993161855452,6.414213562373095
9361,25,1.1283791670955126,2731.0,2366.0,45.00001609038752,0.0,0.0,0.0
9362,25,1.1283791670955126,2720.0,2367.0,45.00001609038752,0.0,0.0,0.0
9363,25,1.1283791670955126,8110.0,2367.0,45.00001609038752,0.0,0.0,0.0
9364,500,5.046265044040321,8111.0,2369.95,-84.16512906478104,6.591301860503617,4.440128352167486,16.485281374238568
9365,25,1.1283791670955126,8116.0,2370.0,45.00001609038752,0.0,0.0,0.0
9366,25,1.1283791670955126,1506.0,2371.0,45.00001609038752,0.0,0.0,0.0
9367,75,1.9544100476116797,8107.333333333333,2372.6666666666665,-45.00001609038752,2.3094010767585034,1.3333333333333333,3.414213562373095
9368,25,1.1283791670955126,8188.0,2372.0,45.00001609038752,0.0,0.0,0.0
9369,50,1.5957691216057308,9224.0,2372.5,0.0,2.0,0.0,0.0
9370,25,1.1283791670955126,8104.0,2373.0,45.00001609038752,0.0,0.0,0.0
9371,50,1.5957691216057308,8110.0,2373.5,0.0,2.0,0.0,0.0
9372,25,1.1283791670955126,2600.0,2374.0,45.00001609038752,0.0,0.0,0.0
9373,25,1.1283791670955126,8113.0,2374.0,45.00001609038752,0.0,0.0,0.0
9374,1525,8.812923024107548,8105.918032786885,2379.245901639344,-85.91468624005809,15.484693331141933,7.48781178871677,47.72792206135786
9375,100,2.256758334191025,8112.0,2375.5,58.28254642828171,3.23606797749979,1.2360679774997898,4.414213562373095
9376,25,1.1283791670955126,8178.0,2375.0,45.00001609038752,0.0,0.0,0.0
9377,25,1.1283791670955126,9223.0,2375.0,45.00001609038752,0.0,0.0,0.0
9378,25,1.1283791670955126,1511.0,2376.0,45.00001609038752,0.0,0.0,0.0
9379,75,1.9544100476116797,8114.666666666667,2376.6666666666665,45.00001609038752,2.3094010767585034,1.3333333333333333,3.414213562373095
9380,325,4.068428945128219,8181.384615384615,2376.923076923077,-86.94227930428987,6.76308665054667,2.900776639288794,11.621320343559642
9381,25,1.1283791670955126,1512.0,2377.0,45.00001609038752,0.0,0.0,0.0
9382,25,1.1283791670955126,7151.0,2377.0,45.00001609038752,0.0,0.0,0.0
9383,25,1.1283791670955126,1513.0,2378.0,45.00001609038752,0.0,0.0,0.0
9384,25,1.1283791670955126,8178.0,2378.0,45.00001609038752,0.0,0.0,0.0
9385,375,4.370193722368317,8183.6,2379.9333333333334,-83.41093427124278,8.537869895006255,3.6065218532774894,13.242640687119284
9386,25,1.1283791670955126,1514.0,2379.0,45.00001609038752,0.0,0.0,0.0
9387,75,1.9544100476116797,8176.333333333333,2379.6666666666665,-45.00001609038752,2.3094010767585034,1.3333333333333333,3.414213562373095
9388,25,1.1283791670955126,1515.0,2380.0,45.00001609038752,0.0,0.0,0.0
9389,125,2.5231325220201604,8188.8,2380.6,71.5650767661759,3.098386676965933,1.7888543819998317,5.207106781186548
9390,25,1.1283791670955126,1517.0,2381.0,45.00001609038752,0.0,0.0,0.0
9391,536425,165.28732834486252,5579.490049867176,2453.8591135759893,89.89543673170586,262.73048098061895,117.36089172123681,716.6417023478423
9392,25,1.1283791670955126,9681.0,2381.0,45.00001609038752,0.0,0.0,0.0
9393,25,1.1283791670955126,1518.0,2382.0,45.00001609038752,0.0,0.0,0.0
9394,25,1.1283791670955126,8182.0,2382.0,45.00001609038752,0.0,0.0,0.0
9395,25,1.1283791670955126,9682.0,2382.0,45.00001609038752,0.0,0.0,0.0
9396,25,1.1283791670955126,1519.0,2383.0,45.00001609038752,0.0,0.0,0.0
9397,100,2.256758334191025,8096.0,2383.5,58.28254642828171,3.23606797749979,1.2360679774997898,4.414213562373095
9398,2825,11.994835078277376,8103.946902654868,2388.265486725664,-83.27685258393457,18.354156506623077,11.637818701160539,76.94112549695429
9399,25,1.1283791670955126,8111.0,2383.0,45.00001609038752,0.0,0.0,0.0
9400,25,1.1283791670955126,8183.0,2383.0,45.00001609038752,0.0,0.0,0.0
9401,25,1.1283791670955126,9683.0,2383.0,45.00001609038752,0.0,0.0,0.0
9402,25,1.1283791670955126,8133.0,2384.0,45.00001609038752,0.0,0.0,0.0
9403,50,1.5957691216057308,8180.5,2384.0,90.00003218077504,2.0,0.0,0.0
9404,25,1.1283791670955126,8093.0,2385.0,45.00001609038752,0.0,0.0,0.0
9405,25,1.1283791670955126,8132.0,2385.0,45.00001609038752,0.0,0.0,0.0
9406,25,1.1283791670955126,8134.0,2385.0,45.00001609038752,0.0,0.0,0.0
9407,150,2.763953195770684,8182.666666666667,2386.0,90.00003218077504,3.7712361663282534,2.309401076758503,5.449747468305834
9408,25,1.1283791670955126,8131.0,2386.0,45.00001609038752,0.0,0.0,0.0
9409,25,1.1283791670955126,8135.0,2386.0,45.00001609038752,0.0,0.0,0.0
9410,25,1.1283791670955126,8091.0,2387.0,45.00001609038752,0.0,0.0,0.0
9411,25,1.1283791670955126,8129.0,2387.0,45.00001609038752,0.0,0.0,0.0
9412,25,1.1283791670955126,8141.0,2387.0,45.00001609038752,0.0,0.0,0.0
9413,4975,15.91774699517169,8162.819095477387,2410.608040201005,26.528975809581496,59.27085789639154,7.794067002275325,118.18986283848344
9414,25,1.1283791670955126,8184.0,2388.0,45.00001609038752,0.0,0.0,0.0
9415,75,1.9544100476116797,8181.0,2389.0,90.00003218077504,3.265986323710904,0.0,1.0
9416,25,1.1283791670955126,8187.0,2389.0,45.00001609038752,0.0,0.0,0.0
9417,25,1.1283791670955126,8189.0,2389.0,45.00001609038752,0.0,0.0,0.0
9418,25,1.1283791670955126,8123.0,2390.0,45.00001609038752,0.0,0.0,0.0
9419,1813075,303.8735781584641,4021.015153813273,2565.068750603257,80.38882155574284,489.69872620058663,272.1012657628969,2038.5413767532032
9420,25,1.1283791670955126,8119.0,2393.0,45.00001609038752,0.0,0.0,0.0
9421,25,1.1283791670955126,9899.0,2393.0,45.00001609038752,0.0,0.0,0.0
9422,4500,15.138795132120961,8095.438888888889,2405.8,-25.49517679786715,26.026735144683478,10.996887143382912,90.25483399593904
9423,25,1.1283791670955126,1248.0,2395.0,45.00001609038752,0.0,0.0,0.0
9424,200,3.1915382432114616,4855.75,2395.625,72.70388165253861,3.9722133299273006,2.6403638502198645,8.242640687119284
9425,175,2.985410660720923,4947.714285714285,2396.5714285714284,-81.65040707825254,4.155374705678736,1.9054711331003737,7.207106781186548
9426,50,1.5957691216057308,8094.5,2397.0,90.00003218077504,2.0,0.0,0.0
9427,25,1.1283791670955126,8114.0,2398.0,45.00001609038752,0.0,0.0,0.0
9428,25,1.1283791670955126,2011.0,2399.0,45.00001609038752,0.0,0.0,0.0
9429,25,1.1283791670955126,8113.0,2399.0,45.00001609038752,0.0,0.0,0.0
9430,25,1.1283791670955126,8112.0,2400.0,45.00001609038752,0.0,0.0,0.0
9431,2525,11.340070282773887,8123.39603960396,2405.8118811881186,65.16125079531781,20.387372505662245,6.657985459674959,45.798989873223334
9432,50,1.5957691216057308,2008.5,2401.0,90.00003218077504,2.0,0.0,0.0
9433,450,4.787307364817192,7239.166666666667,2403.1666666666665,-45.00001609038752,7.241853660800143,3.9999999999999996,15.035533905932738
9434,25,1.1283791670955126,8111.0,2401.0,45.00001609038752,0.0,0.0,0.0
9435,25,1.1283791670955126,8110.0,2402.0,45.00001609038752,0.0,0.0,0.0
9436,375,4.370193722368317,7243.8,2407.266666666667,54.655947825177805,5.650413107987122,3.780880047199267,13.242640687119284
9437,25,1.1283791670955126,8108.0,2405.0,45.00001609038752,0.0,0.0,0.0
9438,25,1.1283791670955126,8106.0,2409.0,45.00001609038752,0.0,0.0,0.0
9439,50,1.5957691216057308,7244.5,2411.0,90.00003218077504,2.0,0.0,0.0
9440,25,1.1283791670955126,8105.0,2411.0,45.00001609038752,0.0,0.0,0.0
9441,450,4.787307364817192,7244.722222222223,2414.222222222222,-64.91265846900357,7.7200885534985035,4.777026880033347,17.207106781186546
9442,17024200,931.1473494024532,10238.64393334195,2929.039180989415,29.111762794492282,1123.6379380577903,816.0991671113715,5769.894116157199
9443,425,4.652426491681278,8087.35294117647,2418.529411764706,-9.384033388814572,7.079782883630991,3.7399733908470894,14.449747468305832
9444,25,1.1283791670955126,8103.0,2416.0,45.00001609038752,0.0,0.0,0.0
9445,25,1.1283791670955126,7248.0,2417.0,45.00001609038752,0.0,0.0,0.0
9446,75,1.9544100476116797,265.0,2419.0,0.0,3.265986323710904,0.0,1.0
9447,200,3.1915382432114616,7245.5,2419.5,0.0,4.47213595499958,2.0,8.0
9448,25,1.1283791670955126,8090.0,2418.0,45.00001609038752,0.0,0.0,0.0
9449,25,1.1283791670955126,9915.0,2419.0,45.00001609038752,0.0,0.0,0.0
9450,50,1.5957691216057308,266.0,2421.5,0.0,2.0,0.0,0.0
9451,25,1.1283791670955126,8085.0,2421.0,45.00001609038752,0.0,0.0,0.0
9452,25,1.1283791670955126,267.0,2423.0,45.00001609038752,0.0,0.0,0.0
9453,25,1.1283791670955126,7246.0,2423.0,45.00001609038752,0.0,0.0,0.0
9454,25,1.1283791670955126,8086.0,2423.0,45.00001609038752,0.0,0.0,0.0
9455,25,1.1283791670955126,10083.0,2423.0,45.00001609038752,0.0,0.0,0.0
9456,25,1.1283791670955126,8081.0,2426.0,45.00001609038752,0.0,0.0,0.0
9457,25,1.1283791670955126,4002.0,2432.0,45.00001609038752,0.0,0.0,0.0
9458,250,3.5682482323055424,8090.8,2436.4,-10.112433331426548,6.590790427715323,2.13576251908682,10.414213562373096
9459,25,1.1283791670955126,8170.0,2435.0,45.00001609038752,0.0,0.0,0.0
9460,75,1.9544100476116797,8173.0,2437.0,0.0,3.265986323710904,0.0,1.0
9461,75,1.9544100476116797,8095.333333333333,2437.3333333333335,45.00001609038752,2.3094010767585034,1.3333333333333333,3.414213562373095
9462,25,1.1283791670955126,10090.0,2437.0,45.00001609038752,0.0,0.0,0.0
9463,5525,16.774562271083887,10016.70588235294,2448.891402714932,-56.06732374284467,29.08949814963129,10.514901904506228,70.18376618407356
9464,625,5.641895835477563,8174.12,2442.92,7.8406196938965245,8.672734730203446,4.153416942653716,20.071067811865476
9465,25,1.1283791670955126,10091.0,2439.0,45.00001609038752,0.0,0.0,0.0
9466,75,1.9544100476116797,8090.0,2441.0,0.0,3.265986323710904,0.0,1.0
9467,1900,9.83698151873187,8094.565789473684,2449.0526315789475,0.3028008820879152,19.476494049537987,5.593697188476714,42.76345596729059
9468,69625,59.548065729185765,8213.5881508079,2463.667145421903,-73.63818098918917,75.3719731275312,48.781279066238106,223.88225099390854
9469,25,1.1283791670955126,10092.0,2440.0,45.00001609038752,0.0,0.0,0.0
9470,25,1.1283791670955126,9722.0,2441.0,45.00001609038752,0.0,0.0,0.0
9471,25,1.1283791670955126,10093.0,2442.0,45.00001609038752,0.0,0.0,0.0
9472,25,1.1283791670955126,10094.0,2443.0,45.00001609038752,0.0,0.0,0.0
9473,25,1.1283791670955126,9930.0,2444.0,45.00001609038752,0.0,0.0,0.0
9474,25,1.1283791670955126,9724.0,2445.0,45.00001609038752,0.0,0.0,0.0
9475,25,1.1283791670955126,1740.0,2447.0,45.00001609038752,0.0,0.0,0.0
9476,25,1.1283791670955126,9725.0,2447.0,45.00001609038752,0.0,0.0,0.0
9477,25,1.1283791670955126,9932.0,2447.0,45.00001609038752,0.0,0.0,0.0
9478,25,1.1283791670955126,1737.0,2448.0,45.00001609038752,0.0,0.0,0.0
9479,25,1.1283791670955126,1744.0,2448.0,45.00001609038752,0.0,0.0,0.0
9480,75,1.9544100476116797,8176.333333333333,2448.6666666666665,-45.00001609038752,2.3094010767585034,1.3333333333333333,3.414213562373095
9481,50,1.5957691216057308,1745.0,2449.5,0.0,2.0,0.0,0.0
9482,600,5.527906391541368,1826.3333333333333,2451.125,89.08147025253669,10.242571289451945,4.661397029795212,18.106601717798213
9483,100,2.256758334191025,1746.0,2452.5,0.0,4.47213595499958,0.0,2.0
9484,50,1.5957691216057308,8175.0,2451.5,0.0,2.0,0.0,0.0
9485,50,1.5957691216057308,1819.0,2452.5,0.0,2.0,0.0,0.0
9486,1200,7.817640190446719,1737.8958333333333,2469.8541666666665,9.495599906841736,35.02084639712016,3.0044015611144785,47.207106781186546
9487,1500,8.740387444736633,8178.416666666667,2469.15,-0.8795599336822141,34.69757139893598,3.0780017172340832,53.27817459305202
9488,25,1.1283791670955126,10100.0,2453.0,45.00001609038752,0.0,0.0,0.0
9489,675,5.863230142835039,1819.6666666666667,2461.814814814815,11.913937481207702,17.867330285377488,2.0875726996651975,26.207106781186546
9490,25,1.1283791670955126,10101.0,2455.0,45.00001609038752,0.0,0.0,0.0
9491,125,2.5231325220201604,1828.0,2458.0,0.0,5.656854249492381,0.0,3.0
9492,100,2.256758334191025,1747.0,2459.5,0.0,4.47213595499958,0.0,2.0
9493,100,2.256758334191025,8096.0,2459.5,0.0,4.47213595499958,0.0,2.0
9494,370175,137.3057097825635,8091.2234753832645,2542.7795637198624,-80.78039687506194,160.72174549551366,130.28107025953844,641.1808075912434
9495,25,1.1283791670955126,658.0,2460.0,45.00001609038752,0.0,0.0,0.0
9496,25,1.1283791670955126,5080.0,2460.0,45.00001609038752,0.0,0.0,0.0
9497,25,1.1283791670955126,8099.0,2462.0,45.00001609038752,0.0,0.0,0.0
9498,75,1.9544100476116797,1829.0,2464.0,0.0,3.265986323710904,0.0,1.0
9499,50,1.5957691216057308,8097.0,2463.5,0.0,2.0,0.0,0.0
9500,25,1.1283791670955126,10201.0,2463.0,45.00001609038752,0.0,0.0,0.0
9501,25,1.1283791670955126,10197.0,2464.0,45.00001609038752,0.0,0.0,0.0
9502,225,3.385137501286538,10211.777777777777,2465.1111111111113,59.7192661907978,7.06896028532783,2.03795418853843,8.414213562373096
9503,25,1.1283791670955126,8091.0,2465.0,45.00001609038752,0.0,0.0,0.0
9504,25,1.1283791670955126,8099.0,2465.0,45.00001609038752,0.0,0.0,0.0
9505,1131900,240.09829992615366,4342.918367346939,2582.2333244986307,-27.649523058220268,283.63689422361597,220.57666556567543,890.3056992722711
9506,25,1.1283791670955126,8096.0,2466.0,45.00001609038752,0.0,0.0,0.0
9507,25,1.1283791670955126,8100.0,2466.0,45.00001609038752,0.0,0.0,0.0
9508,25,1.1283791670955126,10194.0,2466.0,45.00001609038752,0.0,0.0,0.0
9509,75,1.9544100476116797,1748.0,2468.0,0.0,3.265986323710904,0.0,1.0
9510,75,1.9544100476116797,1830.0,2468.0,0.0,3.265986323710904,0.0,1.0
9511,8957875,675.4412094859033,4736.867795096493,2810.4263929782455,-66.35461440720883,884.1319713351734,574.0467701028673,4874.19353930631
9512,25,1.1283791670955126,7354.0,2467.0,45.00001609038752,0.0,0.0,0.0
9513,50,1.5957691216057308,8098.0,2467.5,0.0,2.0,0.0,0.0
9514,225,3.385137501286538,10193.0,2471.0,0.0,10.327955589886445,0.0,7.0
9515,425,4.652426491681278,10215.117647058823,2473.1176470588234,7.45072543601714,11.31192622283502,2.290082395520384,15.0
9516,75,1.9544100476116797,7353.0,2470.0,0.0,3.265986323710904,0.0,1.0
9517,100,2.256758334191025,8099.0,2470.5,0.0,4.47213595499958,0.0,2.0
9518,50,1.5957691216057308,1819.0,2470.5,0.0,2.0,0.0,0.0
9519,75,1.9544100476116797,1831.0,2471.0,0.0,3.265986323710904,0.0,1.0
9520,150,2.763953195770684,1749.0,2474.5,0.0,6.831300510639732,0.0,4.0
9521,600,5.527906391541368,1821.5,2479.0416666666665,12.587232366420306,18.97897126442638,2.1065466130533763,24.414213562373096
9522,700,5.970821321441846,8158.857142857143,2475.6071428571427,-51.44929248904066,8.231358178150963,4.9877244916105505,20.27817459305202
9523,150,2.763953195770684,10205.5,2473.0,0.0,3.265986323710904,2.0,6.0
9524,125,2.5231325220201604,1832.0,2475.0,0.0,5.656854249492381,0.0,3.0
9525,50,1.5957691216057308,8100.0,2473.5,0.0,2.0,0.0,0.0
9526,25,1.1283791670955126,10108.0,2473.0,45.00001609038752,0.0,0.0,0.0
9527,25,1.1283791670955126,8103.0,2475.0,45.00001609038752,0.0,0.0,0.0
9528,800,6.383076486422923,8104.59375,2484.90625,22.337841301835603,18.746123865331118,3.4353442368506726,27.242640687119284
9529,175,2.985410660720923,10194.857142857143,2478.1428571428573,31.98521534100606,5.795253355551202,1.5275489818370205,6.207106781186548
9530,25,1.1283791670955126,7986.0,2478.0,45.00001609038752,0.0,0.0,0.0
9531,25,1.1283791670955126,10219.0,2478.0,45.00001609038752,0.0,0.0,0.0
9532,2330925,344.54758079613964,8222.68239003829,2711.8786640496796,5.524321788545547,417.9622659767777,306.9760209144697,3881.3588360584054
9533,25,1.1283791670955126,10214.0,2480.0,45.00001609038752,0.0,0.0,0.0
9534,50,1.5957691216057308,1749.0,2481.5,0.0,2.0,0.0,0.0
9535,25,1.1283791670955126,7988.0,2481.0,45.00001609038752,0.0,0.0,0.0
9536,25,1.1283791670955126,10197.0,2481.0,45.00001609038752,0.0,0.0,0.0
9537,25,1.1283791670955126,10213.0,2481.0,45.00001609038752,0.0,0.0,0.0
9538,50,1.5957691216057308,10198.5,2482.0,90.00003218077504,2.0,0.0,0.0
9539,25,1.1283791670955126,10212.0,2482.0,45.00001609038752,0.0,0.0,0.0
9540,25,1.1283791670955126,8107.0,2483.0,45.00001609038752,0.0,0.0,0.0
9541,25,1.1283791670955126,9738.0,2483.0,45.00001609038752,0.0,0.0,0.0
9542,25,1.1283791670955126,10200.0,2483.0,45.00001609038752,0.0,0.0,0.0
9543,25,1.1283791670955126,10211.0,2483.0,45.00001609038752,0.0,0.0,0.0
9544,50,1.5957691216057308,10208.5,2484.0,90.00003218077504,2.0,0.0,0.0
9545,25,1.1283791670955126,1743.0,2485.0,45.00001609038752,0.0,0.0,0.0
9546,25,1.1283791670955126,8108.0,2485.0,45.00001609038752,0.0,0.0,0.0
9547,75,1.9544100476116797,8174.333333333333,2485.3333333333335,45.00001609038752,2.3094010767585034,1.3333333333333333,3.414213562373095
9548,25,1.1283791670955126,1744.0,2486.0,45.00001609038752,0.0,0.0,0.0
9549,25,1.1283791670955126,1748.0,2486.0,45.00001609038752,0.0,0.0,0.0
9550,25,1.1283791670955126,4931.0,2486.0,45.00001609038752,0.0,0.0,0.0
9551,25,1.1283791670955126,8109.0,2486.0,45.00001609038752,0.0,0.0,0.0
9552,25,1.1283791670955126,1745.0,2487.0,45.00001609038752,0.0,0.0,0.0
9553,25,1.1283791670955126,1747.0,2487.0,45.00001609038752,0.0,0.0,0.0
9554,25,1.1283791670955126,8110.0,2487.0,45.00001609038752,0.0,0.0,0.0
9555,25,1.1283791670955126,8173.0,2487.0,45.00001609038752,0.0,0.0,0.0
9556,25,1.1283791670955126,5739.0,2488.0,45.00001609038752,0.0,0.0,0.0
9557,25,1.1283791670955126,8111.0,2488.0,45.00001609038752,0.0,0.0,0.0
9558,150,2.763953195770684,8127.5,2489.0,0.0,3.265986323710904,2.0,6.0
9559,1075,7.399277020331919,1821.5348837209303,2496.6744186046512,4.123139223378623,18.399214079522864,4.968262463909832,30.89949493661166
9560,50,1.5957691216057308,1833.0,2489.5,0.0,2.0,0.0,0.0
9561,25,1.1283791670955126,8109.0,2490.0,45.00001609038752,0.0,0.0,0.0
9562,975,7.046725639945928,8116.948717948718,2497.846153846154,36.155986077721124,21.140041576663048,3.2440746257939876,32.7634559672906
9563,25,1.1283791670955126,8172.0,2490.0,45.00001609038752,0.0,0.0,0.0
9564,75,1.9544100476116797,1834.0,2492.0,0.0,3.265986323710904,0.0,1.0
9565,25,1.1283791670955126,4449.0,2492.0,45.00001609038752,0.0,0.0,0.0
9566,300,3.9088200952233594,8103.666666666667,2494.5,0.0,5.5377492419453835,2.98142396999972,11.65685424949238
9567,25,1.1283791670955126,7996.0,2493.0,45.00001609038752,0.0,0.0,0.0
9568,75,1.9544100476116797,1835.0,2495.0,0.0,3.265986323710904,0.0,1.0
9569,25,1.1283791670955126,4450.0,2494.0,45.00001609038752,0.0,0.0,0.0
9570,50,1.5957691216057308,4451.0,2495.5,0.0,2.0,0.0,0.0
9571,25,1.1283791670955126,675.0,2497.0,45.00001609038752,0.0,0.0,0.0
9572,25,1.1283791670955126,4452.0,2497.0,45.00001609038752,0.0,0.0,0.0
9573,125,2.5231325220201604,10554.2,2498.8,10.900708640877319,4.743365517193277,1.349252967497849,4.207106781186548
9574,25,1.1283791670955126,4453.0,2498.0,45.00001609038752,0.0,0.0,0.0
9575,25,1.1283791670955126,676.0,2499.0,45.00001609038752,0.0,0.0,0.0
9576,175,2.985410660720923,1760.7142857142858,2500.0,0.0,3.0237157840738176,2.799416848895061,6.82842712474619
9577,25,1.1283791670955126,8167.0,2499.0,45.00001609038752,0.0,0.0,0.0
9578,25,1.1283791670955126,8001.0,2500.0,45.00001609038752,0.0,0.0,0.0
9579,25,1.1283791670955126,8166.0,2500.0,45.00001609038752,0.0,0.0,0.0
9580,25,1.1283791670955126,4455.0,2501.0,45.00001609038752,0.0,0.0,0.0
9581,25,1.1283791670955126,8165.0,2501.0,45.00001609038752,0.0,0.0,0.0
9582,25,1.1283791670955126,1758.0,2502.0,45.00001609038752,0.0,0.0,0.0
9583,25,1.1283791670955126,1763.0,2502.0,45.00001609038752,0.0,0.0,0.0
9584,25,1.1283791670955126,1835.0,2502.0,45.00001609038752,0.0,0.0,0.0
9585,25,1.1283791670955126,8164.0,2502.0,45.00001609038752,0.0,0.0,0.0
9586,25,1.1283791670955126,8003.0,2503.0,45.00001609038752,0.0,0.0,0.0
9587,25,1.1283791670955126,8124.0,2503.0,45.00001609038752,0.0,0.0,0.0
9588,25,1.1283791670955126,8163.0,2503.0,45.00001609038752,0.0,0.0,0.0
9589,325,4.068428945128219,1763.4615384615386,2504.769230769231,89.77726917452385,11.16214837894847,1.6847540559559235,12.82842712474619
9590,25,1.1283791670955126,1834.0,2504.0,45.00001609038752,0.0,0.0,0.0
9591,25,1.1283791670955126,8004.0,2504.0,45.00001609038752,0.0,0.0,0.0
9592,25,1.1283791670955126,8162.0,2504.0,45.00001609038752,0.0,0.0,0.0
9593,50,1.5957691216057308,1826.5,2505.0,90.00003218077504,2.0,0.0,0.0
9594,25,1.1283791670955126,1832.0,2505.0,45.00001609038752,0.0,0.0,0.0
9595,50,1.5957691216057308,8122.5,2505.0,90.00003218077504,2.0,0.0,0.0
9596,25,1.1283791670955126,8124.0,2506.0,45.00001609038752,0.0,0.0,0.0
9597,25,1.1283791670955126,8158.0,2506.0,45.00001609038752,0.0,0.0,0.0
9598,25,1.1283791670955126,10563.0,2509.0,45.00001609038752,0.0,0.0,0.0
9599,25,1.1283791670955126,10564.0,2510.0,45.00001609038752,0.0,0.0,0.0
9600,25,1.1283791670955126,10565.0,2511.0,45.00001609038752,0.0,0.0,0.0
9601,800,6.383076486422923,4001.65625,2518.40625,-1.4834723080976817,7.540971685273951,6.82660208609646,24.899494936611667
9602,25,1.1283791670955126,7182.0,2515.0,45.00001609038752,0.0,0.0,0.0
9603,25,1.1283791670955126,8012.0,2515.0,45.00001609038752,0.0,0.0,0.0
9604,850,6.579524642479541,1757.7941176470588,2517.1470588235293,86.68365554542753,13.13569916884642,4.181866738872969,24.899494936611667
9605,550,5.292567428401227,4009.0,2518.590909090909,25.895274070925893,6.641925867457439,4.873662828534721,17.44974746830583
9606,25,1.1283791670955126,4012.0,2516.0,45.00001609038752,0.0,0.0,0.0
9607,25,1.1283791670955126,10569.0,2516.0,45.00001609038752,0.0,0.0,0.0
9608,25,1.1283791670955126,10570.0,2517.0,45.00001609038752,0.0,0.0,0.0
9609,107075,73.84636057451107,11315.0735465795,2577.3908475367734,4.925645420718463,124.6488608374828,47.204326412981686,332.38582233137674
9610,375,4.370193722368317,1754.0666666666666,2520.8,-81.62313203095582,7.2874257574088634,3.1909739452309442,12.414213562373096
9611,25,1.1283791670955126,4006.0,2520.0,45.00001609038752,0.0,0.0,0.0
9612,25,1.1283791670955126,10572.0,2520.0,45.00001609038752,0.0,0.0,0.0
9613,250,3.5682482323055424,1742.6,2524.0,87.4489486424202,6.504712659295134,2.515693387518764,10.621320343559642
9614,1625,9.09728368293446,1749.0,2528.8153846153846,-6.57270752266833,11.43286285512615,8.372464848892225,42.04163056034262
9615,100,2.256758334191025,1755.25,2523.75,-71.5650767661759,3.4641016151377544,1.4142135623730951,3.2071067811865475
9616,25,1.1283791670955126,4965.0,2524.0,45.00001609038752,0.0,0.0,0.0
9617,25,1.1283791670955126,1736.0,2527.0,45.00001609038752,0.0,0.0,0.0
9618,175,2.985410660720923,1739.142857142857,2528.0,56.59931549470397,3.5509480472921324,2.7632708742748813,6.414213562373095
9619,75,1.9544100476116797,1743.0,2527.0,90.00003218077504,3.265986323710904,0.0,1.0
9620,200,3.1915382432114616,1732.75,2529.125,-54.64504264869654,4.507893913753563,2.104493398028036,8.242640687119284
9621,25,1.1283791670955126,10578.0,2528.0,45.00001609038752,0.0,0.0,0.0
9622,325,4.068428945128219,1714.923076923077,2532.076923076923,-74.68073403405161,6.328989837120246,3.3833188175976416,11.82842712474619
9623,700,5.970821321441846,1739.7142857142858,2531.9285714285716,-80.58606990011907,10.477726264964724,3.960636321548651,21.071067811865476
9624,400,4.51351666838205,1709.625,2536.5625,66.76562351579312,6.765707249440029,4.46236545061861,14.82842712474619
9625,300,3.9088200952233594,1715.6666666666667,2536.6666666666665,-81.86992691958578,5.773502691896257,3.3333333333333326,11.82842712474619
9626,25,1.1283791670955126,4974.0,2535.0,45.00001609038752,0.0,0.0,0.0
9627,225,3.385137501286538,1721.4444444444443,2536.8888888888887,-63.43497150498664,4.618802153517006,2.351778943168525,7.621320343559642
9628,3025,12.412170838050638,723.3801652892562,2540.9256198347107,-85.4785827191847,25.01374459726949,6.774593965593227,54.970562748477136
9629,25,1.1283791670955126,1713.0,2539.0,45.00001609038752,0.0,0.0,0.0
9630,50,1.5957691216057308,1716.0,2539.5,0.0,2.0,0.0,0.0
9631,50,1.5957691216057308,1723.5,2539.0,90.00003218077504,2.0,0.0,0.0
9632,25,1.1283791670955126,10586.0,2539.0,45.00001609038752,0.0,0.0,0.0
9633,50,1.5957691216057308,1719.5,2540.0,90.00003218077504,2.0,0.0,0.0
9634,100,2.256758334191025,1714.0,2541.5,58.28254642828171,3.23606797749979,1.2360679774997898,4.414213562373095
9635,75,1.9544100476116797,1717.6666666666667,2541.3333333333335,-45.00001609038752,2.3094010767585034,1.3333333333333333,3.414213562373095
9636,67200,58.50186233145162,11354.252604166666,2591.420386904762,3.5491018118759117,88.3566907261781,41.09008967143929,227.58073580374355
9637,75,1.9544100476116797,1708.3333333333333,2545.6666666666665,-45.00001609038752,2.3094010767585034,1.3333333333333333,3.414213562373095
9638,2594975,363.5395322436958,816.1146157477432,2793.543116985713,30.328381461244035,522.2817589611152,265.44004518505847,1400.670273047588
9639,25,1.1283791670955126,1712.0,2547.0,45.00001609038752,0.0,0.0,0.0
9640,25,1.1283791670955126,3763.0,2555.0,45.00001609038752,0.0,0.0,0.0
9641,275,3.742410318509555,6106.454545454545,2556.3636363636365,80.35500562246601,5.817592021265809,2.4135129089581664,9.82842712474619
9642,50,1.5957691216057308,6100.0,2556.5,0.0,2.0,0.0,0.0
9643,25,1.1283791670955126,6110.0,2556.0,45.00001609038752,0.0,0.0,0.0
9644,25,1.1283791670955126,6113.0,2556.0,45.00001609038752,0.0,0.0,0.0
9645,25,1.1283791670955126,6103.0,2557.0,45.00001609038752,0.0,0.0,0.0
9646,25,1.1283791670955126,10172.0,2557.0,45.00001609038752,0.0,0.0,0.0
9647,2700,11.726460285670077,6095.759259259259,2564.8611111111113,89.89448765591534,17.186321612410225,10.161016762278564,55.49137802864845
9648,25,1.1283791670955126,7209.0,2560.0,45.00001609038752,0.0,0.0,0.0
9649,25,1.1283791670955126,6027.0,2562.0,45.00001609038752,0.0,0.0,0.0
9650,25,1.1283791670955126,6079.0,2562.0,45.00001609038752,0.0,0.0,0.0
9651,179000,95.47981535541302,8019.405865921788,2617.640223463687,37.62250540201581,111.33676827253346,83.15347959448283,331.9898987322333
9652,75,1.9544100476116797,10946.333333333334,2562.6666666666665,-45.00001609038752,2.3094010767585034,1.3333333333333333,3.414213562373095
9653,75,1.9544100476116797,10965.666666666666,2562.6666666666665,45.00001609038752,2.3094010767585034,1.3333333333333333,3.414213562373095
9654,100,2.256758334191025,6036.5,2563.5,45.00001609038752,2.0,2.0,4.0
9655,50,1.5957691216057308,6042.0,2563.5,0.0,2.0,0.0,0.0
9656,50,1.5957691216057308,6044.5,2563.0,90.00003218077504,2.0,0.0,0.0
9657,25,1.1283791670955126,6052.0,2563.0,45.00001609038752,0.0,0.0,0.0
9658,125,2.5231325220201604,6083.8,2563.6,71.5650767661759,3.098386676965933,1.7888543819998317,5.207106781186548
9659,25,1.1283791670955126,6105.0,2563.0,45.00001609038752,0.0,0.0,0.0
9660,100,2.256758334191025,6109.0,2563.25,90.00003218077504,2.8284271247461903,1.7320508075688772,4.621320343559642
9661,50,1.5957691216057308,10962.0,2563.5,0.0,2.0,0.0,0.0
9662,75,1.9544100476116797,6022.333333333333,2564.3333333333335,45.00001609038752,2.3094010767585034,1.3333333333333333,3.414213562373095
9663,25,1.1283791670955126,6026.0,2564.0,45.00001609038752,0.0,0.0,0.0
9664,25,1.1283791670955126,6029.0,2564.0,45.00001609038752,0.0,0.0,0.0
9665,950,6.955796338302048,6049.8421052631575,2567.5263157894738,80.35719449012679,14.851155412832583,5.378470734960797,33.242640687119284
9666,950,6.955796338302048,6080.868421052632,2567.0526315789475,84.99899369987628,10.858472596143837,4.950665141591308,25.935028842544405
9667,50,1.5957691216057308,10920.5,2564.0,90.00003218077504,2.0,0.0,0.0
9668,50,1.5957691216057308,10955.0,2564.5,0.0,2.0,0.0,0.0
9669,75,1.9544100476116797,6026.666666666667,2565.6666666666665,45.00001609038752,2.3094010767585034,1.3333333333333333,3.414213562373095
9670,600,5.527906391541368,6033.833333333333,2567.6666666666665,-84.42858525945631,7.472440033369564,5.093173639831422,18.65685424949238
9671,100,2.256758334191025,10945.0,2565.75,90.00003218077504,2.8284271247461903,1.7320508075688772,4.621320343559642
9672,50,1.5957691216057308,10947.5,2565.0,90.00003218077504,2.0,0.0,0.0
9673,25,1.1283791670955126,10961.0,2565.0,45.00001609038752,0.0,0.0,0.0
9674,25,1.1283791670955126,10964.0,2565.0,45.00001609038752,0.0,0.0,0.0
9675,1150,7.653039857325812,6046.369565217391,2571.391304347826,77.28368160969413,22.711147424517215,6.372762371388516,44.242640687119284
9676,50,1.5957691216057308,10963.0,2566.5,0.0,2.0,0.0,0.0
9677,125,2.5231325220201604,6024.2,2567.6,-71.5650767661759,3.098386676965933,1.7888543819998317,5.207106781186548
9678,25,1.1283791670955126,6030.0,2567.0,45.00001609038752,0.0,0.0,0.0
9679,25,1.1283791670955126,10604.0,2567.0,45.00001609038752,0.0,0.0,0.0
9680,225,3.385137501286538,6103.555555555556,2569.0,-73.31684321493682,6.534746659966205,1.9784766970267311,9.414213562373096
9681,25,1.1283791670955126,6088.0,2569.0,45.00001609038752,0.0,0.0,0.0
9682,25,1.1283791670955126,6044.0,2570.0,45.00001609038752,0.0,0.0,0.0
9683,25,1.1283791670955126,6058.0,2570.0,45.00001609038752,0.0,0.0,0.0
9684,25,1.1283791670955126,10606.0,2570.0,45.00001609038752,0.0,0.0,0.0
9685,25,1.1283791670955126,10925.0,2570.0,45.00001609038752,0.0,0.0,0.0
9686,25,1.1283791670955126,6078.0,2571.0,45.00001609038752,0.0,0.0,0.0
9687,50,1.5957691216057308,6099.5,2571.0,90.00003218077504,2.0,0.0,0.0
9688,250,3.5682482323055424,6105.5,2572.2,81.19374011049976,6.061651487414491,2.2397279399796957,10.621320343559642
9689,50,1.5957691216057308,6079.5,2572.0,90.00003218077504,2.0,0.0,0.0
9690,50,1.5957691216057308,6100.5,2573.0,90.00003218077504,2.0,0.0,0.0
9691,450,4.787307364817192,10921.777777777777,2576.0555555555557,-89.0751619376779,7.60839694665548,3.879506090607648,15.828427124746192
9692,75,1.9544100476116797,2725.6666666666665,2575.6666666666665,45.00001609038752,2.3094010767585034,1.3333333333333333,3.414213562373095
9693,25,1.1283791670955126,6077.0,2575.0,45.00001609038752,0.0,0.0,0.0
9694,250,3.5682482323055424,6116.6,2576.2,83.95265147994313,5.739782941953929,2.3355709749983418,8.035533905932738
9695,25,1.1283791670955126,6120.0,2575.0,45.00001609038752,0.0,0.0,0.0
9696,650,5.753627391751592,10931.038461538461,2576.5384615384614,-86.70674022146025,12.49592107372604,3.2987182841258367,20.44974746830583
9697,800,6.383076486422923,10951.34375,2576.53125,-87.1156305706786,13.858531755169949,3.8124595199091833,27.071067811865476
9698,200,3.1915382432114616,10980.375,2576.25,-70.67012114204893,4.1204045563213505,2.4025541184843804,7.035533905932738
9699,25,1.1283791670955126,6079.0,2576.0,45.00001609038752,0.0,0.0,0.0
9700,175,2.985410660720923,6122.714285714285,2576.4285714285716,81.65040707825256,4.155374705678736,1.9054711331003737,7.207106781186548
9701,325,4.068428945128219,10940.307692307691,2576.3846153846152,-88.22843021557664,8.06258714658329,1.9309107473937828,12.207106781186548
9702,25,1.1283791670955126,2724.0,2577.0,45.00001609038752,0.0,0.0,0.0
9703,25,1.1283791670955126,2727.0,2577.0,45.00001609038752,0.0,0.0,0.0
9704,25,1.1283791670955126,2723.0,2578.0,45.00001609038752,0.0,0.0,0.0
9705,25,1.1283791670955126,2728.0,2578.0,45.00001609038752,0.0,0.0,0.0
9706,100,2.256758334191025,6120.0,2578.5,58.28254642828171,3.23606797749979,1.2360679774997898,4.414213562373095
9707,50,1.5957691216057308,9774.0,2578.5,0.0,2.0,0.0,0.0
9708,25,1.1283791670955126,10611.0,2578.0,45.00001609038752,0.0,0.0,0.0
9709,25,1.1283791670955126,2721.0,2579.0,45.00001609038752,0.0,0.0,0.0
9710,75,1.9544100476116797,2729.6666666666665,2579.3333333333335,-45.00001609038752,2.3094010767585034,1.3333333333333333,3.414213562373095
9711,50,1.5957691216057308,6055.5,2579.0,90.00003218077504,2.0,0.0,0.0
9712,50,1.5957691216057308,6116.5,2579.0,90.00003218077504,2.0,0.0,0.0
9713,150,2.763953195770684,6146.5,2579.3333333333335,90.00003218077504,3.8297084310253524,1.8856180831641272,6.414213562373095
9714,25,1.1283791670955126,10937.0,2579.0,45.00001609038752,0.0,0.0,0.0
9715,100,2.256758334191025,10944.0,2579.5,58.28254642828171,3.23606797749979,1.2360679774997898,4.414213562373095
9716,50,1.5957691216057308,10946.5,2579.0,90.00003218077504,2.0,0.0,0.0
9717,1425,8.51907589177983,10954.40350877193,2583.754385964912,-83.28801862455188,12.906242167557599,7.0461377693362275,35.76345596729059
9718,50,1.5957691216057308,10968.0,2579.5,0.0,2.0,0.0,0.0
9719,50,1.5957691216057308,10978.0,2579.5,0.0,2.0,0.0,0.0
9720,175,2.985410660720923,6113.142857142857,2580.5714285714284,-75.32115016073907,5.133805351608395,1.5423153015346889,6.207106781186548
9721,50,1.5957691216057308,6150.5,2580.0,90.00003218077504,2.0,0.0,0.0
9722,175,2.985410660720923,10920.285714285714,2581.1428571428573,-67.50002413558127,4.375345285424217,2.089630999709932,7.414213562373096
9723,50,1.5957691216057308,10924.5,2580.0,90.00003218077504,2.0,0.0,0.0
9724,1025,7.225151993843567,10932.756097560976,2582.2195121951218,79.4636651033738,12.09550687088214,6.110792349431508,28.520815280171306
9725,50,1.5957691216057308,10948.0,2580.5,0.0,2.0,0.0,0.0
9726,25,1.1283791670955126,2720.0,2581.0,45.00001609038752,0.0,0.0,0.0
9727,50,1.5957691216057308,2731.0,2581.5,0.0,2.0,0.0,0.0
9728,25,1.1283791670955126,6054.0,2581.0,45.00001609038752,0.0,0.0,0.0
9729,425,4.652426491681278,2718.6470588235293,2586.470588235294,2.514537690000976,11.334114470270828,1.8475068878759209,16.207106781186546
9730,200,3.1915382432114616,6055.5,2583.5,-35.78253838308795,5.352486397990519,1.8305434601031694,8.414213562373096
9731,175,2.985410660720923,10923.714285714286,2582.8571428571427,-67.50002413558127,4.375345285424217,2.089630999709931,7.414213562373096
9732,800,6.383076486422923,10942.6875,2583.75,-88.03307272018236,9.721870840971095,5.377985436153206,26.10660171779821
9733,79025,63.440603724332966,11265.426447326796,2617.912053147738,64.77082883398637,105.78098644428304,43.8882116678972,279.86500705120545
9734,1275,8.058239062071396,10931.0,2587.6862745098038,84.15390401481763,20.740078728098354,5.817472206386754,42.27817459305202
9735,225,3.385137501286538,2732.0,2589.0,0.0,10.327955589886445,0.0,7.0
9736,25,1.1283791670955126,10924.0,2585.0,45.00001609038752,0.0,0.0,0.0
9737,25,1.1283791670955126,6072.0,2586.0,45.00001609038752,0.0,0.0,0.0
9738,25,1.1283791670955126,6101.0,2586.0,45.00001609038752,0.0,0.0,0.0
9739,175,2.985410660720923,2541.4285714285716,2588.714285714286,8.349625102522488,4.155374705678736,1.9054711331003737,7.207106781186548
9740,25,1.1283791670955126,9771.0,2587.0,45.00001609038752,0.0,0.0,0.0
9741,25,1.1283791670955126,4135.0,2588.0,45.00001609038752,0.0,0.0,0.0
9742,275,3.742410318509555,6079.363636363636,2588.6363636363635,-86.54441738565912,8.063309674147462,1.8651822611731566,11.414213562373096
9743,200,3.1915382432114616,6085.5,2588.5,90.00003218077504,4.47213595499958,2.0,8.0
9744,125,2.5231325220201604,6089.8,2588.6,71.5650767661759,3.098386676965933,1.7888543819998317,5.207106781186548
9745,675,5.863230142835039,6101.259259259259,2588.5925925925926,-88.80204349883098,18.657763366978863,1.9267286138487727,26.207106781186546
9746,25,1.1283791670955126,4136.0,2589.0,45.00001609038752,0.0,0.0,0.0
9747,97000,70.2863388829752,11013.595618556701,2627.1876288659796,62.65133783642232,85.94923294491615,61.75097313227323,257.1370849898476
9748,25,1.1283791670955126,4137.0,2590.0,45.00001609038752,0.0,0.0,0.0
9749,225,3.385137501286538,6084.777777777777,2591.222222222222,78.91685530678832,5.339062088964492,2.338744246846464,9.414213562373096
9750,75,1.9544100476116797,6026.666666666667,2591.3333333333335,-45.00001609038752,2.3094010767585034,1.3333333333333333,3.414213562373095
9751,350,4.222008245644752,6034.0,2591.785714285714,-79.02832517224469,8.137298831265829,2.247147937526314,14.0
9752,325,4.068428945128219,6045.923076923077,2591.923076923077,87.12216534679311,8.81048476857554,2.4245240197985387,12.207106781186548
9753,50,1.5957691216057308,6051.0,2591.5,0.0,2.0,0.0,0.0
9754,7650,19.738573927438622,6065.85294117647,2597.09477124183,-87.51853094039087,42.9561543007683,13.455494169481716,144.5035713374682
9755,200,3.1915382432114616,6078.75,2591.75,-85.26886938506854,6.264845376455404,1.6588286255986004,7.207106781186548
9756,25,1.1283791670955126,6090.0,2591.0,45.00001609038752,0.0,0.0,0.0
9757,25,1.1283791670955126,10910.0,2591.0,45.00001609038752,0.0,0.0,0.0
9758,725,6.076507779746499,6035.6551724137935,2595.9310344827586,-63.11736714144306,9.959077863752494,5.072940263733711,23.86396103067893
9759,25,1.1283791670955126,6053.0,2592.0,45.00001609038752,0.0,0.0,0.0
9760,25,1.1283791670955126,6088.0,2592.0,45.00001609038752,0.0,0.0,0.0
9761,25,1.1283791670955126,10620.0,2592.0,45.00001609038752,0.0,0.0,0.0
9762,75,1.9544100476116797,10906.0,2592.0,90.00003218077504,3.265986323710904,0.0,1.0
9763,25,1.1283791670955126,2720.0,2593.0,45.00001609038752,0.0,0.0,0.0
9764,1050,7.312732791431452,6023.5,2595.904761904762,-68.99587586386095,13.497831874492386,4.7755907607584245,30.72792206135786
9765,25,1.1283791670955126,10621.0,2593.0,45.00001609038752,0.0,0.0,0.0
9766,1901325,311.181116226135,2791.9761350637054,2803.2943736604734,16.73529530837844,454.5743594543114,220.60359310586404,1316.5849198858496
9767,25,1.1283791670955126,2731.0,2594.0,45.00001609038752,0.0,0.0,0.0
9768,25,1.1283791670955126,10622.0,2594.0,45.00001609038752,0.0,0.0,0.0
9769,25,1.1283791670955126,10906.0,2594.0,45.00001609038752,0.0,0.0,0.0
9770,50,1.5957691216057308,2721.5,2595.0,90.00003218077504,2.0,0.0,0.0
9771,25,1.1283791670955126,2730.0,2595.0,45.00001609038752,0.0,0.0,0.0
9772,450,4.787307364817192,6043.833333333333,2596.777777777778,-20.66713224350809,6.027451143559432,4.875304928320163,14.65685424949238
9773,50,1.5957691216057308,2727.5,2596.0,90.00003218077504,2.0,0.0,0.0
9774,50,1.5957691216057308,6030.0,2597.5,0.0,2.0,0.0,0.0
9775,425,4.652426491681278,6023.941176470588,2600.235294117647,-75.81942994551477,7.237886421574718,3.1193985329239107,14.65685424949238
9776,25,1.1283791670955126,6028.0,2599.0,45.00001609038752,0.0,0.0,0.0
9777,25,1.1283791670955126,6031.0,2599.0,45.00001609038752,0.0,0.0,0.0
9778,100,2.256758334191025,6040.0,2599.5,58.28254642828171,3.23606797749979,1.2360679774997898,4.414213562373095
9779,650,5.753627391751592,6057.884615384615,2602.3846153846152,68.79851668055109,11.885075983675359,4.915799752375852,21.27817459305202
9780,25,1.1283791670955126,6080.0,2599.0,45.00001609038752,0.0,0.0,0.0
9781,25,1.1283791670955126,6084.0,2599.0,45.00001609038752,0.0,0.0,0.0
9782,200,3.1915382432114616,6087.25,2600.0,-65.59298603654786,4.100618600451318,2.4869513653533066,7.82842712474619
9783,50,1.5957691216057308,6091.5,2599.0,90.00003218077504,2.0,0.0,0.0
9784,50,1.5957691216057308,6114.5,2599.0,90.00003218077504,2.0,0.0,0.0
9785,50,1.5957691216057308,6129.5,2599.0,90.00003218077504,2.0,0.0,0.0
9786,25,1.1283791670955126,6017.0,2600.0,45.00001609038752,0.0,0.0,0.0
9787,375,4.370193722368317,6083.2,2602.4,51.549939973537896,8.863387189083205,2.9844654802933115,14.414213562373096
9788,200,3.1915382432114616,6121.5,2600.5,90.00003218077504,4.47213595499958,2.0,8.0
9789,50,1.5957691216057308,6126.5,2600.0,90.00003218077504,2.0,0.0,0.0
9790,25,1.1283791670955126,6016.0,2601.0,45.00001609038752,0.0,0.0,0.0
9791,4925,15.837556323903858,6060.411167512691,2613.959390862944,82.52145374608985,70.63625811588074,12.656769159195404,147.90559159102156
9792,25,1.1283791670955126,6125.0,2601.0,45.00001609038752,0.0,0.0,0.0
9793,25,1.1283791670955126,6128.0,2601.0,45.00001609038752,0.0,0.0,0.0
9794,25,1.1283791670955126,6090.0,2602.0,45.00001609038752,0.0,0.0,0.0
9795,4800,15.635280380893438,6099.71875,2609.125,-85.15221274298771,42.83683648703563,9.746271840194725,141.53300858899107
9796,50,1.5957691216057308,6118.5,2602.0,90.00003218077504,2.0,0.0,0.0
9797,325,4.068428945128219,6018.923076923077,2604.3846153846152,78.69009566272824,4.296689244236598,4.0,11.242640687119284
9798,25,1.1283791670955126,6022.0,2603.0,45.00001609038752,0.0,0.0,0.0
9799,25,1.1283791670955126,6052.0,2603.0,45.00001609038752,0.0,0.0,0.0
9800,3875,14.048207338801282,6066.4838709677415,2609.8709677419356,-83.98313972441224,29.633390251378337,9.307195537066283,80.76955262170047
9801,75,1.9544100476116797,6088.666666666667,2603.3333333333335,-45.00001609038752,2.3094010767585034,1.3333333333333333,3.414213562373095
9802,225,3.385137501286538,6092.666666666667,2604.1111111111113,-54.21749379768708,4.044478346642815,3.1798318675688715,7.621320343559642
9803,50,1.5957691216057308,6099.5,2603.0,90.00003218077504,2.0,0.0,0.0
9804,100,2.256758334191025,6105.25,2603.25,71.5650767661759,3.4641016151377544,1.4142135623730951,3.2071067811865475
9805,125,2.5231325220201604,6116.2,2603.4,71.5650767661759,3.098386676965933,1.7888543819998317,5.207106781186548
9806,75,1.9544100476116797,6121.666666666667,2603.3333333333335,-45.00001609038752,2.3094010767585034,1.3333333333333333,3.414213562373095
9807,125,2.5231325220201604,6125.6,2603.2,84.84760710407011,4.093338188813542,1.563516060678838,4.414213562373095
9808,25,1.1283791670955126,6081.0,2604.0,45.00001609038752,0.0,0.0,0.0
9809,25,1.1283791670955126,6015.0,2605.0,45.00001609038752,0.0,0.0,0.0
9810,50,1.5957691216057308,6047.5,2605.0,90.00003218077504,2.0,0.0,0.0
9811,25,1.1283791670955126,6054.0,2605.0,45.00001609038752,0.0,0.0,0.0
9812,25,1.1283791670955126,6075.0,2605.0,45.00001609038752,0.0,0.0,0.0
9813,75,1.9544100476116797,6087.333333333333,2605.3333333333335,45.00001609038752,2.3094010767585034,1.3333333333333333,3.414213562373095
9814,50,1.5957691216057308,6101.5,2605.0,90.00003218077504,2.0,0.0,0.0
9815,25,1.1283791670955126,6104.0,2605.0,45.00001609038752,0.0,0.0,0.0
9816,75,1.9544100476116797,6119.0,2605.0,90.00003218077504,3.265986323710904,0.0,1.0
9817,50,1.5957691216057308,6128.0,2605.5,0.0,2.0,0.0,0.0
9818,25,1.1283791670955126,6011.0,2606.0,45.00001609038752,0.0,0.0,0.0
9819,25,1.1283791670955126,6058.0,2606.0,45.00001609038752,0.0,0.0,0.0
9820,25,1.1283791670955126,6073.0,2606.0,45.00001609038752,0.0,0.0,0.0
9821,25,1.1283791670955126,6121.0,2606.0,45.00001609038752,0.0,0.0,0.0
9822,25,1.1283791670955126,820.0,2607.0,45.00001609038752,0.0,0.0,0.0
9823,25,1.1283791670955126,6074.0,2607.0,45.00001609038752,0.0,0.0,0.0
9824,672175,185.02321918963122,11440.014765500056,2690.6478967530775,76.7267708045578,207.46363104298564,170.75266596211907,689.8721497261419
9825,275,3.742410318509555,6113.818181818182,2613.181818181818,-85.08806456272413,8.175250899410752,2.1987938100892888,11.621320343559642
9826,25,1.1283791670955126,6118.0,2612.0,45.00001609038752,0.0,0.0,0.0
9827,50,1.5957691216057308,6079.0,2613.5,0.0,2.0,0.0,0.0
9828,25,1.1283791670955126,6017.0,2614.0,45.00001609038752,0.0,0.0,0.0
9829,25,1.1283791670955126,6056.0,2614.0,45.00001609038752,0.0,0.0,0.0
9830,25,1.1283791670955126,6099.0,2619.0,45.00001609038752,0.0,0.0,0.0
9831,175,2.985410660720923,6050.571428571428,2621.1428571428573,-79.09932353989771,3.6486656040768595,2.5058084612197167,7.242640687119286
9832,50,1.5957691216057308,6058.0,2621.5,0.0,2.0,0.0,0.0
9833,25,1.1283791670955126,4174.0,2622.0,45.00001609038752,0.0,0.0,0.0
9834,25,1.1283791670955126,4178.0,2631.0,45.00001609038752,0.0,0.0,0.0
9835,1394225,266.47194255743943,11258.882694687012,2784.9683695242875,13.635478878514009,314.57685445392843,231.27085910506588,968.7909806465098
9836,25,1.1283791670955126,6041.0,2639.0,45.00001609038752,0.0,0.0,0.0
9837,25,1.1283791670955126,9003.0,2639.0,45.00001609038752,0.0,0.0,0.0
9838,7985425,637.7259251909644,486.37773506106436,3043.456694540366,0.11190514793595091,753.3699166436442,580.7230533908778,2612.54242277373
9839,25,1.1283791670955126,4188.0,2650.0,45.00001609038752,0.0,0.0,0.0
9840,61575,55.99990177386658,8004.010150223305,2688.884287454324,15.845271362190255,71.10247848982405,45.190057359018404,198.8528137423857
9841,10472850,730.327235315229,10907.623476417593,3035.2994313868717,10.602105626843127,832.7667917829821,664.3460750997294,3161.326260745303
9842,25,1.1283791670955126,4194.0,2659.0,45.00001609038752,0.0,0.0,0.0
9843,25,1.1283791670955126,4197.0,2663.0,45.00001609038752,0.0,0.0,0.0
9844,171200,93.37635890495191,9188.22371495327,2718.067172897196,-62.23960598996035,151.87252606057325,70.21790688642454,524.8183258569795
9845,25,1.1283791670955126,10618.0,2683.0,45.00001609038752,0.0,0.0,0.0
9846,75,1.9544100476116797,1149.0,2685.0,0.0,3.265986323710904,0.0,1.0
9847,25,1.1283791670955126,10617.0,2684.0,45.00001609038752,0.0,0.0,0.0
9848,25,1.1283791670955126,10627.0,2684.0,45.00001609038752,0.0,0.0,0.0
9849,25,1.1283791670955126,10616.0,2685.0,45.00001609038752,0.0,0.0,0.0
9850,375,4.370193722368317,10631.133333333333,2688.866666666667,28.641700381465444,12.722306735147658,1.9934950333340737,14.207106781186548
9851,25,1.1283791670955126,8030.0,2687.0,45.00001609038752,0.0,0.0,0.0
9852,8175,20.404639941160397,8040.28134556575,2702.1100917431195,35.37358990421233,31.083635594966218,14.097251895030812,79.59797974644667
9853,25,1.1283791670955126,8039.0,2688.0,45.00001609038752,0.0,0.0,0.0
9854,25,1.1283791670955126,10615.0,2688.0,45.00001609038752,0.0,0.0,0.0
9855,25,1.1283791670955126,8040.0,2689.0,45.00001609038752,0.0,0.0,0.0
9856,150,2.763953195770684,10622.5,2690.0,0.0,3.265986323710904,2.0,6.0
9857,25,1.1283791670955126,8041.0,2690.0,45.00001609038752,0.0,0.0,0.0
9858,25,1.1283791670955126,8043.0,2693.0,45.00001609038752,0.0,0.0,0.0
9859,375,4.370193722368317,10616.333333333334,2698.0666666666666,25.069658446548065,11.740811958145422,2.317566038163146,14.207106781186548
9860,1800,9.574614729634384,6664.597222222223,2700.9861111111113,-27.736900183783575,17.28480647885726,12.559769530826056,58.83452377915607
9861,75,1.9544100476116797,6678.0,2695.0,0.0,3.265986323710904,0.0,1.0
9862,25,1.1283791670955126,8044.0,2694.0,45.00001609038752,0.0,0.0,0.0
9863,225,3.385137501286538,10634.555555555555,2697.4444444444443,14.527307243981227,5.1539873228823145,2.495303214512922,8.035533905932738
9864,25,1.1283791670955126,4211.0,2696.0,45.00001609038752,0.0,0.0,0.0
9865,25,1.1283791670955126,4579.0,2697.0,45.00001609038752,0.0,0.0,0.0
9866,25,1.1283791670955126,4212.0,2698.0,45.00001609038752,0.0,0.0,0.0
9867,25,1.1283791670955126,6678.0,2698.0,45.00001609038752,0.0,0.0,0.0
9868,25,1.1283791670955126,4213.0,2699.0,45.00001609038752,0.0,0.0,0.0
9869,25,1.1283791670955126,11118.0,2699.0,45.00001609038752,0.0,0.0,0.0
9870,700,5.970821321441846,6652.535714285715,2704.285714285714,-58.6705303804053,8.07756033752462,5.371690591422376,19.556349186104047
9871,75,1.9544100476116797,6658.333333333333,2701.6666666666665,-45.00001609038752,2.3094010767585034,1.3333333333333333,3.414213562373095
9872,25,1.1283791670955126,10634.0,2701.0,45.00001609038752,0.0,0.0,0.0
9873,25,1.1283791670955126,10620.0,2703.0,45.00001609038752,0.0,0.0,0.0
9874,25,1.1283791670955126,10621.0,2704.0,45.00001609038752,0.0,0.0,0.0
9875,25,1.1283791670955126,10623.0,2705.0,45.00001609038752,0.0,0.0,0.0
9876,25,1.1283791670955126,10632.0,2705.0,45.00001609038752,0.0,0.0,0.0
9877,350,4.222008245644752,6656.5,2708.285714285714,-39.17875582046218,6.365231891383671,3.1902508553298223,10.82842712474619
9878,50,1.5957691216057308,8071.5,2706.0,90.00003218077504,2.0,0.0,0.0
9879,25,1.1283791670955126,4587.0,2707.0,45.00001609038752,0.0,0.0,0.0
9880,25,1.1283791670955126,10626.0,2707.0,45.00001609038752,0.0,0.0,0.0
9881,25,1.1283791670955126,10629.0,2707.0,45.00001609038752,0.0,0.0,0.0
9882,25,1.1283791670955126,6653.0,2708.0,45.00001609038752,0.0,0.0,0.0
9883,50,1.5957691216057308,10627.5,2708.0,90.00003218077504,2.0,0.0,0.0
9884,40150,45.21971593060566,8034.7073474470735,2740.0348692403486,13.831793558948199,59.02547838215207,35.515949885303435,164.50966799187808
9885,85550,66.0077701644566,6192.765926358855,2754.720046756283,12.606873950823857,82.56095756205298,54.63908013545458,237.4386001800126
9886,25,1.1283791670955126,8053.0,2717.0,45.00001609038752,0.0,0.0,0.0
9887,504400,160.27751262911664,6098.500693893735,2835.239095955591,-21.960062126036654,256.2428935037034,113.47943941492149,928.9564568673536
9888,25,1.1283791670955126,8052.0,2718.0,45.00001609038752,0.0,0.0,0.0
9889,25,1.1283791670955126,8051.0,2719.0,45.00001609038752,0.0,0.0,0.0
9890,225,3.385137501286538,9193.222222222223,2720.222222222222,58.94865659339357,5.9784227036933935,2.3119000257471787,9.414213562373096
9891,25,1.1283791670955126,9190.0,2721.0,45.00001609038752,0.0,0.0,0.0
9892,25,1.1283791670955126,9189.0,2722.0,45.00001609038752,0.0,0.0,0.0
9893,25,1.1283791670955126,8364.0,2723.0,45.00001609038752,0.0,0.0,0.0
9894,25,1.1283791670955126,9196.0,2723.0,45.00001609038752,0.0,0.0,0.0
9895,25,1.1283791670955126,1969.0,2726.0,45.00001609038752,0.0,0.0,0.0
9896,25,1.1283791670955126,8010.0,2726.0,45.00001609038752,0.0,0.0,0.0
9897,75,1.9544100476116797,8268.0,2726.0,90.00003218077504,3.265986323710904,0.0,1.0
9898,125,2.5231325220201604,8271.4,2726.8,-18.43495541459913,3.098386676965933,1.7888543819998317,5.207106781186548
9899,25,1.1283791670955126,8275.0,2726.0,45.00001609038752,0.0,0.0,0.0
9900,25,1.1283791670955126,9197.0,2726.0,45.00001609038752,0.0,0.0,0.0
9901,32850,40.90277205498429,4614.6506849315065,2750.785388127854,2.3583223181948734,43.66298255357933,39.3100993372726,141.095454429505
9902,25,1.1283791670955126,8171.0,2729.0,45.00001609038752,0.0,0.0,0.0
9903,25,1.1283791670955126,8102.0,2730.0,45.00001609038752,0.0,0.0,0.0
9904,650,5.753627391751592,8175.692307692308,2732.076923076923,73.31161454187934,8.61548554100753,4.62544167273117,17.27817459305202
9905,25,1.1283791670955126,9257.0,2730.0,45.00001609038752,0.0,0.0,0.0
9906,25,1.1283791670955126,651.0,2731.0,45.00001609038752,0.0,0.0,0.0
9907,50,1.5957691216057308,8111.5,2731.0,90.00003218077504,2.0,0.0,0.0
9908,25,1.1283791670955126,8205.0,2731.0,45.00001609038752,0.0,0.0,0.0
9909,625,5.641895835477563,8257.88,2733.08,-83.25491670075263,14.644718906470803,2.6980378333997854,24.414213562373096
9910,25,1.1283791670955126,8273.0,2731.0,45.00001609038752,0.0,0.0,0.0
9911,25,1.1283791670955126,9258.0,2731.0,45.00001609038752,0.0,0.0,0.0
9912,25,1.1283791670955126,652.0,2732.0,45.00001609038752,0.0,0.0,0.0
9913,325,4.068428945128219,8107.846153846154,2733.0,-82.91650188664373,6.855822118793328,2.602470173596278,12.65685424949238
9914,150,2.763953195770684,8167.5,2732.6666666666665,90.00003218077504,3.8297084310253524,1.8856180831641272,6.414213562373095
9915,25,1.1283791670955126,8204.0,2732.0,45.00001609038752,0.0,0.0,0.0
9916,2181850,333.34772839666476,9242.93170932924,2949.240403785778,12.675325508846266,419.16403673321366,272.8129853845753,1224.940258945177
9917,75,1.9544100476116797,8199.666666666666,2733.3333333333335,-45.00001609038752,2.3094010767585034,1.3333333333333333,3.414213562373095
9918,25,1.1283791670955126,9187.0,2733.0,45.00001609038752,0.0,0.0,0.0
9919,50,1.5957691216057308,8112.5,2734.0,90.00003218077504,2.0,0.0,0.0
9920,25,1.1283791670955126,8171.0,2734.0,45.00001609038752,0.0,0.0,0.0
9921,25,1.1283791670955126,9198.0,2734.0,45.00001609038752,0.0,0.0,0.0
9922,25,1.1283791670955126,9188.0,2735.0,45.00001609038752,0.0,0.0,0.0
9923,25,1.1283791670955126,9197.0,2735.0,45.00001609038752,0.0,0.0,0.0
9924,25,1.1283791670955126,9261.0,2735.0,45.00001609038752,0.0,0.0,0.0
9925,25,1.1283791670955126,9196.0,2736.0,45.00001609038752,0.0,0.0,0.0
9926,75,1.9544100476116797,6044.333333333333,2737.6666666666665,-45.00001609038752,2.3094010767585034,1.3333333333333333,3.414213562373095
9927,25,1.1283791670955126,9189.0,2737.0,45.00001609038752,0.0,0.0,0.0
9928,25,1.1283791670955126,9194.0,2737.0,45.00001609038752,0.0,0.0,0.0
9929,75,1.9544100476116797,9190.333333333334,2738.3333333333335,45.00001609038752,2.3094010767585034,1.3333333333333333,3.414213562373095
9930,125,2.5231325220201604,134.4,2739.8,84.84760710407011,4.093338188813542,1.563516060678838,4.414213562373095
9931,25,1.1283791670955126,8151.0,2739.0,45.00001609038752,0.0,0.0,0.0
9932,5997550,552.6777662083531,11611.678372835575,2997.6616701819908,-55.17900820162476,577.3151230117988,542.9336128528932,2516.7373362460967
9933,125,2.5231325220201604,147.0,2740.0,90.00003218077504,5.656854249492381,0.0,3.0
9934,150,2.763953195770684,8126.166666666667,2740.8333333333335,-45.000016090387525,3.1269438398822857,2.309401076758503,6.242640687119286
9935,450,4.787307364817192,8147.666666666667,2741.1666666666665,-87.21393228258401,8.118346568719463,3.3138101754701945,14.621320343559642
9936,25,1.1283791670955126,8152.0,2740.0,45.00001609038752,0.0,0.0,0.0
9937,450,4.787307364817192,153.83333333333334,2744.3888888888887,37.362719761126826,11.588821667886497,2.6143861266194435,17.44974746830583
9938,4025,14.317526556719258,6051.571428571428,2750.7018633540374,26.60664203999329,18.43998115354443,12.44131329143633,55.8700576850888
9939,25,1.1283791670955126,8203.0,2741.0,45.00001609038752,0.0,0.0,0.0
9940,75,1.9544100476116797,8160.333333333333,2742.3333333333335,45.00001609038752,2.3094010767585034,1.3333333333333333,3.414213562373095
9941,25,1.1283791670955126,8165.0,2742.0,45.00001609038752,0.0,0.0,0.0
9942,50,1.5957691216057308,8199.5,2742.0,90.00003218077504,2.0,0.0,0.0
9943,25,1.1283791670955126,11573.0,2742.0,45.00001609038752,0.0,0.0,0.0
9944,1050,7.312732791431452,8176.380952380952,2745.190476190476,-89.59581547732513,16.94742989918425,3.826751918151305,32.69238815542512
9945,25,1.1283791670955126,8198.0,2743.0,45.00001609038752,0.0,0.0,0.0
9946,25,1.1283791670955126,130.0,2744.0,45.00001609038752,0.0,0.0,0.0
9947,50,1.5957691216057308,8166.5,2745.0,90.00003218077504,2.0,0.0,0.0
9948,25,1.1283791670955126,9269.0,2745.0,45.00001609038752,0.0,0.0,0.0
9949,25,1.1283791670955126,129.0,2746.0,45.00001609038752,0.0,0.0,0.0
9950,25,1.1283791670955126,8147.0,2748.0,45.00001609038752,0.0,0.0,0.0
9951,1525,8.812923024107548,8159.901639344263,2752.311475409836,47.60873171035125,13.978793344892933,9.211594961951809,48.520815280171306
9952,2075,10.280023453913834,8174.084337349397,2751.879518072289,-78.04639235542763,19.41829061974481,10.003894560430544,61.42031021678297
9953,50,1.5957691216057308,128.0,2749.5,0.0,2.0,0.0,0.0
9954,275,3.742410318509555,144.0909090909091,2750.6363636363635,-15.070698164777376,4.346129984141888,3.067356324605907,9.414213562373096
9955,225,3.385137501286538,8143.777777777777,2749.4444444444443,-85.26886938506854,5.274258481434536,1.946056459258261,9.207106781186548
9956,75,1.9544100476116797,8150.0,2749.0,90.00003218077504,3.265986323710904,0.0,1.0
9957,25,1.1283791670955126,9272.0,2749.0,45.00001609038752,0.0,0.0,0.0
9958,525,5.170882945826411,158.1904761904762,2753.3333333333335,10.339535369070896,6.609408973389562,5.278465523544555,19.071067811865476
9959,150,2.763953195770684,8147.333333333333,2751.3333333333335,45.00001609038752,3.651483716701107,2.1081851067789197,5.414213562373095
9960,25,1.1283791670955126,9273.0,2750.0,45.00001609038752,0.0,0.0,0.0
9961,150,2.763953195770684,8152.166666666667,2752.3333333333335,57.75695586557756,4.93861174764721,1.6496136266144528,5.207106781186548
9962,225,3.385137501286538,8142.777777777777,2752.5555555555557,85.26886938506854,5.274258481434536,1.946056459258261,9.207106781186548
9963,50,1.5957691216057308,8185.0,2752.5,0.0,2.0,0.0,0.0
9964,50,1.5957691216057308,8134.5,2753.0,90.00003218077504,2.0,0.0,0.0
9965,50,1.5957691216057308,8137.5,2753.0,90.00003218077504,2.0,0.0,0.0
9966,25,1.1283791670955126,8171.0,2753.0,45.00001609038752,0.0,0.0,0.0
9967,25,1.1283791670955126,9275.0,2753.0,45.00001609038752,0.0,0.0,0.0
9968,50,1.5957691216057308,11566.5,2753.0,90.00003218077504,2.0,0.0,0.0
9969,275,3.742410318509555,128.9090909090909,2757.5454545454545,24.973808359230688,8.21823565846242,2.1584600458231225,10.207106781186548
9970,25,1.1283791670955126,8139.0,2754.0,45.00001609038752,0.0,0.0,0.0
9971,50,1.5957691216057308,8155.5,2754.0,90.00003218077504,2.0,0.0,0.0
9972,700,5.970821321441846,8182.785714285715,2756.035714285714,89.30972080394099,11.025709310955866,4.066420416856533,19.86396103067893
9973,25,1.1283791670955126,11563.0,2754.0,45.00001609038752,0.0,0.0,0.0
9974,100,2.256758334191025,11570.75,2754.25,-71.5650767661759,3.4641016151377544,1.4142135623730951,3.2071067811865475
9975,25,1.1283791670955126,11562.0,2755.0,45.00001609038752,0.0,0.0,0.0
9976,25,1.1283791670955126,11573.0,2755.0,45.00001609038752,0.0,0.0,0.0
9977,25,1.1283791670955126,11560.0,2756.0,45.00001609038752,0.0,0.0,0.0
9978,475,4.918490759365935,11577.105263157895,2761.315789473684,13.571592674727295,16.65943815268002,3.2209436160463265,18.207106781186546
9979,25,1.1283791670955126,11558.0,2757.0,45.00001609038752,0.0,0.0,0.0
9980,25,1.1283791670955126,155.0,2758.0,45.00001609038752,0.0,0.0,0.0
9981,150,2.763953195770684,6044.5,2759.0,50.30984562706919,4.8496611975202075,1.3468925727763872,6.414213562373095
9982,25,1.1283791670955126,154.0,2759.0,45.00001609038752,0.0,0.0,0.0
9983,25,1.1283791670955126,6042.0,2759.0,45.00001609038752,0.0,0.0,0.0
9984,4300,14.798554040663838,6070.436046511628,2776.6046511627906,30.613857525278775,49.063654914261726,11.771304407302281,104.84062043356593
9985,100,2.256758334191025,8139.0,2759.25,90.00003218077504,2.8284271247461903,1.7320508075688772,4.621320343559642
9986,125,2.5231325220201604,11554.4,2759.8,-18.43495541459913,3.098386676965933,1.7888543819998317,5.207106781186548
9987,25,1.1283791670955126,8141.0,2760.0,45.00001609038752,0.0,0.0,0.0
9988,25,1.1283791670955126,132.0,2761.0,45.00001609038752,0.0,0.0,0.0
9989,25,1.1283791670955126,153.0,2761.0,45.00001609038752,0.0,0.0,0.0
9990,25,1.1283791670955126,6048.0,2761.0,45.00001609038752,0.0,0.0,0.0
9991,50,1.5957691216057308,11926.0,2761.5,0.0,2.0,0.0,0.0
9992,50,1.5957691216057308,133.5,2762.0,90.00003218077504,2.0,0.0,0.0
9993,25,1.1283791670955126,151.0,2762.0,45.00001609038752,0.0,0.0,0.0
9994,25,1.1283791670955126,11553.0,2762.0,45.00001609038752,0.0,0.0,0.0
9995,25,1.1283791670955126,136.0,2763.0,45.00001609038752,0.0,0.0,0.0
9996,275,3.742410318509555,4144.272727272727,2764.090909090909,77.29616858385602,4.909537752740341,3.5202708451214884,10.242640687119284
9997,25,1.1283791670955126,6029.0,2763.0,45.00001609038752,0.0,0.0,0.0
9998,25,1.1283791670955126,143.0,2764.0,45.00001609038752,0.0,0.0,0.0
9999,25,1.1283791670955126,146.0,2764.0,45.00001609038752,0.0,0.0,0.0
10000,50,1.5957691216057308,4131.5,2764.0,90.00003218077504,2.0,0.0,0.0
10001,200,3.1915382432114616,4644.75,2765.125,41.86136572332024,5.380557369643794,1.9492568819865317,7.414213562373095
10002,25,1.1283791670955126,6026.0,2765.0,45.00001609038752,0.0,0.0,0.0
10003,25,1.1283791670955126,8054.0,2765.0,45.00001609038752,0.0,0.0,0.0
10004,25,1.1283791670955126,9284.0,2765.0,45.00001609038752,0.0,0.0,0.0
10005,25,1.1283791670955126,4127.0,2766.0,45.00001609038752,0.0,0.0,0.0
10006,25,1.1283791670955126,4133.0,2766.0,45.00001609038752,0.0,0.0,0.0
10007,1525,8.812923024107548,11553.16393442623,2776.4262295081967,31.607182296633948,19.20686315045588,8.673815787734512,43.17766952966369
10008,25,1.1283791670955126,11556.0,2766.0,45.00001609038752,0.0,0.0,0.0
10009,1300,8.136857890256438,4133.807692307692,2768.423076923077,-89.17950168084103,27.064370922965207,2.6140841630695313,41.27817459305202
10010,25,1.1283791670955126,6021.0,2768.0,45.00001609038752,0.0,0.0,0.0
10011,25,1.1283791670955126,6020.0,2769.0,45.00001609038752,0.0,0.0,0.0
10012,25,1.1283791670955126,9287.0,2769.0,45.00001609038752,0.0,0.0,0.0
10013,25,1.1283791670955126,9288.0,2770.0,45.00001609038752,0.0,0.0,0.0
10014,75,1.9544100476116797,9289.333333333334,2771.6666666666665,-45.00001609038752,2.3094010767585034,1.3333333333333333,3.414213562373095
10015,25,1.1283791670955126,4121.0,2772.0,45.00001609038752,0.0,0.0,0.0
10016,550,5.292567428401227,4127.5,2772.8636363636365,87.40117367234242,10.712610526500328,3.2244380131897117,18.65685424949238
10017,50,1.5957691216057308,4133.5,2772.0,90.00003218077504,2.0,0.0,0.0
10018,75,1.9544100476116797,4139.0,2772.0,90.00003218077504,3.265986323710904,0.0,1.0
10019,300,3.9088200952233594,4145.0,2772.75,73.89617743618615,7.383502280293271,2.117520738246515,12.414213562373096
10020,25,1.1283791670955126,11560.0,2772.0,45.00001609038752,0.0,0.0,0.0
10021,75,1.9544100476116797,11577.0,2773.0,0.0,3.265986323710904,0.0,1.0
10022,25,1.1283791670955126,6016.0,2773.0,45.00001609038752,0.0,0.0,0.0
10023,50,1.5957691216057308,4135.5,2774.0,90.00003218077504,2.0,0.0,0.0
10024,25,1.1283791670955126,6015.0,2774.0,45.00001609038752,0.0,0.0,0.0
10025,25,1.1283791670955126,8192.0,2774.0,45.00001609038752,0.0,0.0,0.0
10026,25,1.1283791670955126,11558.0,2774.0,45.00001609038752,0.0,0.0,0.0
10027,560425,168.94440172532543,6811.742427621894,2865.5839764464467,7.629080187991022,211.09963279267853,151.2458706019124,719.9026329981912
10028,25,1.1283791670955126,11576.0,2776.0,45.00001609038752,0.0,0.0,0.0
10029,50,1.5957691216057308,11559.0,2777.5,0.0,2.0,0.0,0.0
10030,25,1.1283791670955126,11575.0,2777.0,45.00001609038752,0.0,0.0,0.0
10031,25,1.1283791670955126,11573.0,2778.0,45.00001609038752,0.0,0.0,0.0
10032,25,1.1283791670955126,11570.0,2779.0,45.00001609038752,0.0,0.0,0.0
10033,25,1.1283791670955126,9296.0,2780.0,45.00001609038752,0.0,0.0,0.0
10034,50,1.5957691216057308,11566.5,2780.0,90.00003218077504,2.0,0.0,0.0
10035,50,1.5957691216057308,11564.5,2781.0,90.00003218077504,2.0,0.0,0.0
10036,175,2.985410660720923,4135.857142857143,2785.285714285714,65.45721501515875,5.41197060138201,1.8340216558881308,6.414213562373096
10037,375,4.370193722368317,4142.8,2784.6666666666665,81.71746315864937,7.688537918792091,2.5952405592131695,11.621320343559642
10038,300,3.9088200952233594,4155.75,2784.5833333333335,87.6911753689639,7.858800433435844,1.9480275416390114,12.207106781186548
10039,25,1.1283791670955126,6011.0,2784.0,45.00001609038752,0.0,0.0,0.0
10040,118850,77.80090485123527,6180.584350021035,2834.7370635254524,-18.195102696135596,98.34194043865004,64.85787445172282,291.58073580374355
10041,25,1.1283791670955126,6009.0,2788.0,45.00001609038752,0.0,0.0,0.0
10042,50,1.5957691216057308,4174.0,2790.5,0.0,2.0,0.0,0.0
10043,100,2.256758334191025,6027.5,2790.5,45.00001609038752,2.0,2.0,4.0
10044,275,3.742410318509555,7781.727272727273,2791.4545454545455,86.94227930428987,6.410747983365108,1.9649396885733192,11.207106781186548
10045,75,1.9544100476116797,7776.0,2792.0,90.00003218077504,3.265986323710904,0.0,1.0
10046,50,1.5957691216057308,7788.5,2792.0,90.00003218077504,2.0,0.0,0.0
10047,168100,92.52709170183203,4175.070196311719,2869.660321237359,-10.403754187552662,149.2012670963649,62.494567201234396,531.6234123846127
10048,150,2.763953195770684,7762.5,2794.5,71.5650767661759,3.9999999999999996,1.632993161855452,6.414213562373095
10049,25,1.1283791670955126,7778.0,2794.0,45.00001609038752,0.0,0.0,0.0
10050,25,1.1283791670955126,6211.0,2795.0,45.00001609038752,0.0,0.0,0.0
10051,25,1.1283791670955126,9308.0,2796.0,45.00001609038752,0.0,0.0,0.0
10052,750,6.180387232371033,6075.2,2806.866666666667,-14.276910817897795,20.42996575569048,2.02288278871268,28.207106781186546
10053,25,1.1283791670955126,7784.0,2800.0,45.00001609038752,0.0,0.0,0.0
10054,25,1.1283791670955126,987.0,2801.0,45.00001609038752,0.0,0.0,0.0
10055,25,1.1283791670955126,988.0,2802.0,45.00001609038752,0.0,0.0,0.0
10056,25,1.1283791670955126,6073.0,2804.0,45.00001609038752,0.0,0.0,0.0
10057,25,1.1283791670955126,707.0,2805.0,45.00001609038752,0.0,0.0,0.0
10058,50,1.5957691216057308,7291.0,2808.5,0.0,2.0,0.0,0.0
10059,25,1.1283791670955126,7303.0,2808.0,45.00001609038752,0.0,0.0,0.0
10060,75,1.9544100476116797,7295.333333333333,2809.3333333333335,45.00001609038752,2.3094010767585034,1.3333333333333333,3.414213562373095
10061,25,1.1283791670955126,7304.0,2809.0,45.00001609038752,0.0,0.0,0.0
10062,50,1.5957691216057308,9778.0,2809.5,0.0,2.0,0.0,0.0
10063,25,1.1283791670955126,710.0,2810.0,45.00001609038752,0.0,0.0,0.0
10064,25,1.1283791670955126,4206.0,2811.0,45.00001609038752,0.0,0.0,0.0
10065,25,1.1283791670955126,711.0,2812.0,45.00001609038752,0.0,0.0,0.0
10066,25,1.1283791670955126,712.0,2814.0,45.00001609038752,0.0,0.0,0.0
10067,50,1.5957691216057308,6008.0,2823.5,0.0,2.0,0.0,0.0
10068,25,1.1283791670955126,6066.0,2823.0,45.00001609038752,0.0,0.0,0.0
10069,25,1.1283791670955126,6011.0,2825.0,45.00001609038752,0.0,0.0,0.0
10070,25,1.1283791670955126,2498.0,2826.0,45.00001609038752,0.0,0.0,0.0
10071,50,1.5957691216057308,6009.0,2826.5,0.0,2.0,0.0,0.0
10072,25,1.1283791670955126,6064.0,2826.0,45.00001609038752,0.0,0.0,0.0
10073,25,1.1283791670955126,1136.0,2827.0,45.00001609038752,0.0,0.0,0.0
10074,300,3.9088200952233594,6013.0,2830.0833333333335,34.03077193432704,8.090962428568409,2.25652000546194,11.449747468305834
10075,2490675,356.1587232166721,1151.5939755287222,3026.3181266122638,56.05732853291478,450.56169764367905,294.5038623212065,1363.9768388716363
10076,75,1.9544100476116797,4354.0,2829.0,0.0,3.265986323710904,0.0,1.0
10077,25,1.1283791670955126,1137.0,2829.0,45.00001609038752,0.0,0.0,0.0
10078,25,1.1283791670955126,6062.0,2829.0,45.00001609038752,0.0,0.0,0.0
10079,25,1.1283791670955126,7294.0,2830.0,45.00001609038752,0.0,0.0,0.0
10080,450,4.787307364817192,7551.222222222223,2833.1666666666665,55.69433132819949,5.281871884114665,4.640466373677446,14.071067811865476
10081,50,1.5957691216057308,4613.5,2832.0,90.00003218077504,2.0,0.0,0.0
10082,25,1.1283791670955126,6060.0,2832.0,45.00001609038752,0.0,0.0,0.0
10083,25,1.1283791670955126,4609.0,2833.0,45.00001609038752,0.0,0.0,0.0
10084,50,1.5957691216057308,4618.5,2833.0,90.00003218077504,2.0,0.0,0.0
10085,25,1.1283791670955126,6059.0,2833.0,45.00001609038752,0.0,0.0,0.0
10086,25,1.1283791670955126,1139.0,2834.0,45.00001609038752,0.0,0.0,0.0
10087,900,6.770275002573076,4625.805555555556,2841.0,20.019510538793213,20.219258099030064,3.875707431895077,29.863961030678926
10088,25,1.1283791670955126,6016.0,2834.0,45.00001609038752,0.0,0.0,0.0
10089,25,1.1283791670955126,6058.0,2834.0,45.00001609038752,0.0,0.0,0.0
10090,25,1.1283791670955126,4606.0,2835.0,45.00001609038752,0.0,0.0,0.0
10091,25,1.1283791670955126,6057.0,2835.0,45.00001609038752,0.0,0.0,0.0
10092,25,1.1283791670955126,6017.0,2836.0,45.00001609038752,0.0,0.0,0.0
10093,25,1.1283791670955126,6056.0,2836.0,45.00001609038752,0.0,0.0,0.0
10094,25,1.1283791670955126,4605.0,2837.0,45.00001609038752,0.0,0.0,0.0
10095,25,1.1283791670955126,6015.0,2837.0,45.00001609038752,0.0,0.0,0.0
10096,25,1.1283791670955126,6018.0,2837.0,45.00001609038752,0.0,0.0,0.0
10097,25,1.1283791670955126,6055.0,2837.0,45.00001609038752,0.0,0.0,0.0
10098,50,1.5957691216057308,7542.5,2837.0,90.00003218077504,2.0,0.0,0.0
10099,75,1.9544100476116797,8214.333333333334,2837.3333333333335,45.00001609038752,2.3094010767585034,1.3333333333333333,3.414213562373095
10100,11482875,764.7339547123767,5030.251798874411,3341.260945103034,-23.532697947016597,1022.9202329264376,605.061313594974,4390.330444827409
10101,25,1.1283791670955126,6016.0,2838.0,45.00001609038752,0.0,0.0,0.0
10102,25,1.1283791670955126,4604.0,2839.0,45.00001609038752,0.0,0.0,0.0
10103,25,1.1283791670955126,6019.0,2839.0,45.00001609038752,0.0,0.0,0.0
10104,350,4.222008245644752,8216.5,2843.0,21.555913704249107,10.638810664379983,1.678007046312597,14.414213562373096
10105,25,1.1283791670955126,6017.0,2840.0,45.00001609038752,0.0,0.0,0.0
10106,25,1.1283791670955126,6020.0,2840.0,45.00001609038752,0.0,0.0,0.0
10107,25,1.1283791670955126,6051.0,2840.0,45.00001609038752,0.0,0.0,0.0
10108,25,1.1283791670955126,6018.0,2841.0,45.00001609038752,0.0,0.0,0.0
10109,25,1.1283791670955126,6022.0,2841.0,45.00001609038752,0.0,0.0,0.0
10110,25,1.1283791670955126,6019.0,2842.0,45.00001609038752,0.0,0.0,0.0
10111,25,1.1283791670955126,6023.0,2842.0,45.00001609038752,0.0,0.0,0.0
10112,25,1.1283791670955126,6048.0,2842.0,45.00001609038752,0.0,0.0,0.0
10113,125,2.5231325220201604,6021.2,2843.8,-45.00001609038752,4.0,1.3856406460551023,5.414213562373095
10114,25,1.1283791670955126,6024.0,2843.0,45.00001609038752,0.0,0.0,0.0
10115,200,3.1915382432114616,6024.75,2846.125,-18.35710805186483,4.85541285240798,2.274855167405477,7.449747468305832
10116,25,1.1283791670955126,6028.0,2845.0,45.00001609038752,0.0,0.0,0.0
10117,25,1.1283791670955126,7298.0,2845.0,45.00001609038752,0.0,0.0,0.0
10118,75,1.9544100476116797,4604.0,2847.0,0.0,3.265986323710904,0.0,1.0
10119,25,1.1283791670955126,7299.0,2846.0,45.00001609038752,0.0,0.0,0.0
10120,25,1.1283791670955126,2493.0,2847.0,45.00001609038752,0.0,0.0,0.0
10121,25,1.1283791670955126,54.0,2849.0,45.00001609038752,0.0,0.0,0.0
10122,75,1.9544100476116797,57.0,2849.0,90.00003218077504,3.265986323710904,0.0,1.0
10123,1575,8.95623198216277,59.36507936507937,2859.3968253968255,-51.65268505193062,28.13654514569226,12.773990658464045,52.10660171779821
10124,50,1.5957691216057308,4605.0,2849.5,0.0,2.0,0.0,0.0
10125,25,1.1283791670955126,6023.0,2849.0,45.00001609038752,0.0,0.0,0.0
10126,75,1.9544100476116797,8219.333333333334,2849.6666666666665,-45.00001609038752,2.3094010767585034,1.3333333333333333,3.414213562373095
10127,25,1.1283791670955126,52.0,2850.0,45.00001609038752,0.0,0.0,0.0
10128,25,1.1283791670955126,2028.0,2851.0,45.00001609038752,0.0,0.0,0.0
10129,100,2.256758334191025,4606.5,2852.0,31.71748575249332,3.23606797749979,1.2360679774997898,4.414213562373095
10130,50,1.5957691216057308,4626.0,2851.5,0.0,2.0,0.0,0.0
10131,325,4.068428945128219,6138.0,2852.6923076923076,57.19577152300105,7.544465824483275,2.3592885630620968,12.242640687119284
10132,25,1.1283791670955126,50.0,2852.0,45.00001609038752,0.0,0.0,0.0
10133,25,1.1283791670955126,6143.0,2852.0,45.00001609038752,0.0,0.0,0.0
10134,100,2.256758334191025,8221.5,2852.5,45.00001609038752,2.0,2.0,4.0
10135,500,5.046265044040321,57.9,2856.05,-8.58284225313812,7.3833511366646984,3.418497622159785,15.65685424949238
10136,300,3.9088200952233594,4621.416666666667,2854.8333333333335,83.52677510835262,4.762522998637308,3.5725088008142345,9.449747468305834
10137,50,1.5957691216057308,4625.0,2853.5,0.0,2.0,0.0,0.0
10138,25,1.1283791670955126,49.0,2854.0,45.00001609038752,0.0,0.0,0.0
10139,25,1.1283791670955126,4608.0,2854.0,45.00001609038752,0.0,0.0,0.0
10140,850,6.579524642479541,7778.735294117647,2862.8529411764707,15.129669741188986,22.003772840325126,3.21975973695068,29.828427124746188
10141,25,1.1283791670955126,9335.0,2854.0,45.00001609038752,0.0,0.0,0.0
10142,25,1.1283791670955126,4609.0,2855.0,45.00001609038752,0.0,0.0,0.0
10143,12975,25.70625067405882,6673.840077071291,2872.2986512524085,-35.581275687839394,38.656931093588724,18.186943926309187,98.71067811865476
10144,50,1.5957691216057308,4610.5,2856.0,90.00003218077504,2.0,0.0,0.0
10145,25,1.1283791670955126,48.0,2858.0,45.00001609038752,0.0,0.0,0.0
10146,875,6.6755811781245455,8029.285714285715,2862.342857142857,-66.85374903036278,14.23600901949296,6.036126465467669,28.27817459305202
10147,25,1.1283791670955126,1153.0,2863.0,45.00001609038752,0.0,0.0,0.0
10148,636800,180.08874946396307,5950.258558417086,2990.967690012563,-33.6896075388724,265.0541719867863,159.54213049951602,1296.3544725075503
10149,425,4.652426491681278,7775.0,2872.0,0.0,19.595917942265423,0.0,15.0
10150,250,3.5682482323055424,8036.6,2866.2,14.965761271471942,5.743277545912461,2.9350916562550045,9.449747468305834
10151,25,1.1283791670955126,1154.0,2865.0,45.00001609038752,0.0,0.0,0.0
10152,25,1.1283791670955126,6011.0,2866.0,45.00001609038752,0.0,0.0,0.0
10153,25,1.1283791670955126,6691.0,2866.0,45.00001609038752,0.0,0.0,0.0
10154,25,1.1283791670955126,1155.0,2867.0,45.00001609038752,0.0,0.0,0.0
10155,3650,13.63425735166143,7322.602739726028,2881.2123287671234,-11.125416602517447,23.22069298682836,9.915651910446089,60.00609665440987
10156,2757950,374.7815898574711,6722.165847821751,3109.0149023731396,85.88955942313275,423.1966764472495,369.7803948977983,1758.7413408594534
10157,25,1.1283791670955126,1156.0,2869.0,45.00001609038752,0.0,0.0,0.0
10158,25,1.1283791670955126,5979.0,2870.0,45.00001609038752,0.0,0.0,0.0
10159,25,1.1283791670955126,8023.0,2870.0,45.00001609038752,0.0,0.0,0.0
10160,50,1.5957691216057308,8022.0,2872.5,0.0,2.0,0.0,0.0
10161,25,1.1283791670955126,8032.0,2872.0,45.00001609038752,0.0,0.0,0.0
10162,9187250,684.0342098862636,6207.586315273885,3254.779232087948,-37.31763497177266,745.1493942587854,639.5729942009435,3022.9749262993328
10163,200,3.1915382432114616,8026.875,2873.875,45.00001609038752,3.4641016151377544,2.7386127875258306,7.414213562373095
10164,50,1.5957691216057308,8037.0,2874.5,0.0,2.0,0.0,0.0
10165,175,2.985410660720923,7782.0,2878.0,0.0,8.0,0.0,5.0
10166,75,1.9544100476116797,8021.0,2877.0,0.0,3.265986323710904,0.0,1.0
10167,25,1.1283791670955126,6146.0,2878.0,45.00001609038752,0.0,0.0,0.0
10168,9475,21.967197988242077,6644.786279683377,2886.7625329815305,-87.73389301253694,37.80047252514787,14.801872421212604,93.11269837220809
10169,125,2.5231325220201604,8025.2,2878.6,-71.5650767661759,3.098386676965933,1.7888543819998317,5.207106781186548
10170,50,1.5957691216057308,8036.0,2878.5,0.0,2.0,0.0,0.0
10171,75,1.9544100476116797,8020.0,2880.0,0.0,3.265986323710904,0.0,1.0
10172,25,1.1283791670955126,8162.0,2879.0,45.00001609038752,0.0,0.0,0.0
10173,25,1.1283791670955126,6147.0,2880.0,45.00001609038752,0.0,0.0,0.0
10174,25,1.1283791670955126,6148.0,2881.0,45.00001609038752,0.0,0.0,0.0
10175,25,1.1283791670955126,1164.0,2882.0,45.00001609038752,0.0,0.0,0.0
10176,25,1.1283791670955126,6149.0,2882.0,45.00001609038752,0.0,0.0,0.0
10177,9000,21.409489393833255,6916.144444444444,2922.858333333333,21.52040288878221,98.13167663521416,9.359914068999036,197.7878425849301
10178,25,1.1283791670955126,7775.0,2882.0,45.00001609038752,0.0,0.0,0.0
10179,25,1.1283791670955126,8035.0,2882.0,45.00001609038752,0.0,0.0,0.0
10180,50,1.5957691216057308,6150.0,2883.5,0.0,2.0,0.0,0.0
10181,2075,10.280023453913834,6876.012048192771,2889.3614457831327,75.85116872502796,13.138995460540945,10.920168977302911,43.970562748477136
10182,25,1.1283791670955126,6881.0,2883.0,45.00001609038752,0.0,0.0,0.0
10183,25,1.1283791670955126,6883.0,2883.0,45.00001609038752,0.0,0.0,0.0
10184,1250,7.978845608028654,7316.9,2891.1,30.84740008980511,17.57220314551619,5.544156979443391,38.21320343559643
10185,50,1.5957691216057308,8019.0,2883.5,0.0,2.0,0.0,0.0
10186,75,1.9544100476116797,6153.666666666667,2884.3333333333335,-45.00001609038752,2.3094010767585034,1.3333333333333333,3.414213562373095
10187,100,2.256758334191025,6890.5,2884.0,90.00003218077504,4.47213595499958,0.0,2.0
10188,175,2.985410660720923,7783.0,2887.0,0.0,8.0,0.0,5.0
10189,25,1.1283791670955126,1848.0,2885.0,45.00001609038752,0.0,0.0,0.0
10190,75,1.9544100476116797,6149.0,2886.0,0.0,3.265986323710904,0.0,1.0
10191,50,1.5957691216057308,1847.0,2886.5,0.0,2.0,0.0,0.0
10192,50,1.5957691216057308,6155.0,2886.5,0.0,2.0,0.0,0.0
10193,425,4.652426491681278,7328.529411764706,2891.8823529411766,-5.566214291693165,11.520861687876408,2.562003828232975,15.449747468305832
10194,650,5.753627391751592,8017.038461538462,2891.769230769231,8.432266289746348,11.65272220665078,4.501266760894569,23.449747468305834
10195,25,1.1283791670955126,8034.0,2886.0,45.00001609038752,0.0,0.0,0.0
10196,200,3.1915382432114616,6148.0,2891.5,0.0,9.16515138991168,0.0,6.0
10197,25,1.1283791670955126,6863.0,2888.0,45.00001609038752,0.0,0.0,0.0
10198,50,1.5957691216057308,7776.0,2888.5,0.0,2.0,0.0,0.0
10199,25,1.1283791670955126,8033.0,2888.0,45.00001609038752,0.0,0.0,0.0
10200,25,1.1283791670955126,6156.0,2889.0,45.00001609038752,0.0,0.0,0.0
10201,25,1.1283791670955126,6862.0,2889.0,45.00001609038752,0.0,0.0,0.0
10202,3826725,441.4674437295084,9755.616885195566,3211.6092807818695,-12.858621141987689,673.9111942142707,315.0690740470442,1978.855085252188
10203,25,1.1283791670955126,6157.0,2891.0,45.00001609038752,0.0,0.0,0.0
10204,25,1.1283791670955126,6860.0,2891.0,45.00001609038752,0.0,0.0,0.0
10205,25,1.1283791670955126,8032.0,2891.0,45.00001609038752,0.0,0.0,0.0
10206,25,1.1283791670955126,6158.0,2892.0,45.00001609038752,0.0,0.0,0.0
10207,95650,69.79551918394714,6623.85546262415,2931.6604809200207,-6.137234275193205,86.26019628952757,58.258346453331825,255.09545442950497
10208,25,1.1283791670955126,6859.0,2892.0,45.00001609038752,0.0,0.0,0.0
10209,25,1.1283791670955126,7776.0,2892.0,45.00001609038752,0.0,0.0,0.0
10210,200,3.1915382432114616,8021.875,2893.0,-78.8469256653714,4.259613800227609,2.757841596776454,7.621320343559642
10211,25,1.1283791670955126,8031.0,2892.0,45.00001609038752,0.0,0.0,0.0
10212,25,1.1283791670955126,1171.0,2893.0,45.00001609038752,0.0,0.0,0.0
10213,25,1.1283791670955126,4211.0,2893.0,45.00001609038752,0.0,0.0,0.0
10214,100,2.256758334191025,8029.0,2893.5,-58.28254642828171,3.23606797749979,1.2360679774997898,4.414213562373095
10215,25,1.1283791670955126,1172.0,2894.0,45.00001609038752,0.0,0.0,0.0
10216,25,1.1283791670955126,6159.0,2894.0,45.00001609038752,0.0,0.0,0.0
10217,175,2.985410660720923,7784.0,2897.0,0.0,8.0,0.0,5.0
10218,25,1.1283791670955126,8179.0,2894.0,45.00001609038752,0.0,0.0,0.0
10219,1225,7.898654169668588,7324.448979591837,2900.714285714286,7.356532120646279,14.925515786845121,4.347598750820548,30.485281374238568
10220,100,2.256758334191025,8024.0,2895.75,90.00003218077504,2.8284271247461903,1.7320508075688772,4.621320343559642
10221,25,1.1283791670955126,8027.0,2895.0,45.00001609038752,0.0,0.0,0.0
10222,225,3.385137501286538,8180.0,2896.777777777778,-59.527323334368745,5.05148838721935,3.041035542796809,8.621320343559642
10223,75,1.9544100476116797,6149.333333333333,2896.3333333333335,45.00001609038752,2.3094010767585034,1.3333333333333333,3.414213562373095
10224,50,1.5957691216057308,6160.0,2896.5,0.0,2.0,0.0,0.0
10225,25,1.1283791670955126,7775.0,2896.0,45.00001609038752,0.0,0.0,0.0
10226,25,1.1283791670955126,6153.0,2897.0,45.00001609038752,0.0,0.0,0.0
10227,25,1.1283791670955126,6148.0,2898.0,45.00001609038752,0.0,0.0,0.0
10228,25,1.1283791670955126,6159.0,2898.0,45.00001609038752,0.0,0.0,0.0
10229,25,1.1283791670955126,6856.0,2898.0,45.00001609038752,0.0,0.0,0.0
10230,150,2.763953195770684,7329.333333333333,2899.5,0.0,3.8297084310253524,1.8856180831641272,6.414213562373095
10231,550,5.292567428401227,8188.454545454545,2901.818181818182,44.61439457478256,14.800360370307684,3.5708522514363095,22.656854249492383
10232,25,1.1283791670955126,6747.0,2899.0,45.00001609038752,0.0,0.0,0.0
10233,25,1.1283791670955126,8177.0,2899.0,45.00001609038752,0.0,0.0,0.0
10234,25,1.1283791670955126,6748.0,2900.0,45.00001609038752,0.0,0.0,0.0
10235,25,1.1283791670955126,7775.0,2900.0,45.00001609038752,0.0,0.0,0.0
10236,50,1.5957691216057308,8175.5,2900.0,90.00003218077504,2.0,0.0,0.0
10237,1050,7.312732791431452,7330.190476190476,2910.214285714286,-2.172194050282554,18.144776758216388,4.506553728501309,32.520815280171306
10238,50,1.5957691216057308,8174.0,2901.5,0.0,2.0,0.0,0.0
10239,300,3.9088200952233594,7785.0,2907.5,0.0,13.808210118138652,0.0,10.0
10240,25,1.1283791670955126,1179.0,2903.0,45.00001609038752,0.0,0.0,0.0
10241,100,2.256758334191025,5916.0,2903.75,90.00003218077504,2.8284271247461903,1.7320508075688772,4.621320343559642
10242,225,3.385137501286538,7776.555555555556,2906.4444444444443,10.62525655277627,8.812248256824539,1.1647430356543247,7.0
10243,236525,109.75481462213571,6540.306204418138,2968.2866504597823,-24.460563223318275,166.68370483470684,83.92436578573106,551.6173157302028
10244,25,1.1283791670955126,8173.0,2904.0,45.00001609038752,0.0,0.0,0.0
10245,575,5.4115163798060095,8182.04347826087,2906.7391304347825,-9.745268738545363,5.950825636033387,4.8979915018672076,15.071067811865476
10246,25,1.1283791670955126,5918.0,2905.0,45.00001609038752,0.0,0.0,0.0
10247,100,2.256758334191025,7315.5,2906.5,45.00001609038752,2.0,2.0,4.0
10248,75,1.9544100476116797,7319.333333333333,2906.6666666666665,-45.00001609038752,2.3094010767585034,1.3333333333333333,3.414213562373095
10249,25,1.1283791670955126,4193.0,2907.0,45.00001609038752,0.0,0.0,0.0
10250,25,1.1283791670955126,5909.0,2907.0,45.00001609038752,0.0,0.0,0.0
10251,50,1.5957691216057308,5926.5,2907.0,90.00003218077504,2.0,0.0,0.0
10252,25,1.1283791670955126,5907.0,2908.0,45.00001609038752,0.0,0.0,0.0
10253,8300,20.56004690782767,5946.210843373494,2942.6837349397592,17.462140313219248,79.26496861079991,9.083618827861235,170.88225099390857
10254,25,1.1283791670955126,5906.0,2909.0,45.00001609038752,0.0,0.0,0.0
10255,125,2.5231325220201604,6440.2,2910.6,5.152425076704936,4.093338188813543,1.5635160606788383,4.414213562373095
10256,625,5.641895835477563,7319.68,2910.72,75.16037036950924,9.474687562720842,4.8143011526931945,21.899494936611667
10257,75,1.9544100476116797,8173.0,2910.0,0.0,3.265986323710904,0.0,1.0
10258,50,1.5957691216057308,8190.0,2909.5,0.0,2.0,0.0,0.0
10259,25,1.1283791670955126,5905.0,2910.0,45.00001609038752,0.0,0.0,0.0
10260,25,1.1283791670955126,5904.0,2911.0,45.00001609038752,0.0,0.0,0.0
10261,150,2.763953195770684,6890.333333333333,2912.5,0.0,3.8297084310253524,1.8856180831641272,6.414213562373095
10262,25,1.1283791670955126,6930.0,2911.0,45.00001609038752,0.0,0.0,0.0
10263,2650,11.617374563210365,7327.396226415094,2931.254716981132,6.644573465945711,44.08063294336685,4.008087155278407,75.00609665440987
10264,50,1.5957691216057308,8189.0,2911.5,0.0,2.0,0.0,0.0
10265,25,1.1283791670955126,5903.0,2912.0,45.00001609038752,0.0,0.0,0.0
10266,25,1.1283791670955126,7314.0,2912.0,45.00001609038752,0.0,0.0,0.0
10267,50,1.5957691216057308,8174.0,2912.5,0.0,2.0,0.0,0.0
10268,50,1.5957691216057308,5901.5,2913.0,90.00003218077504,2.0,0.0,0.0
10269,2175,10.524820207108489,7318.35632183908,2927.7816091954023,2.382980863778446,37.04877220588384,4.357146530656744,67.76345596729058
10270,25,1.1283791670955126,8188.0,2913.0,45.00001609038752,0.0,0.0,0.0
10271,250,3.5682482323055424,7786.0,2918.5,0.0,11.489125293076057,0.0,8.0
10272,25,1.1283791670955126,8175.0,2914.0,45.00001609038752,0.0,0.0,0.0
10273,25,1.1283791670955126,8187.0,2914.0,45.00001609038752,0.0,0.0,0.0
10274,25,1.1283791670955126,11211.0,2914.0,45.00001609038752,0.0,0.0,0.0
10275,25,1.1283791670955126,11877.0,2914.0,45.00001609038752,0.0,0.0,0.0
10276,75,1.9544100476116797,4190.666666666667,2915.6666666666665,45.00001609038752,2.3094010767585034,1.3333333333333333,3.414213562373095
10277,150,2.763953195770684,8179.5,2915.0,90.00003218077504,6.831300510639732,0.0,4.0
10278,25,1.1283791670955126,8185.0,2915.0,45.00001609038752,0.0,0.0,0.0
10279,25,1.1283791670955126,11212.0,2915.0,45.00001609038752,0.0,0.0,0.0
10280,25,1.1283791670955126,5899.0,2916.0,45.00001609038752,0.0,0.0,0.0
10281,50,1.5957691216057308,7778.0,2916.5,0.0,2.0,0.0,0.0
10282,25,1.1283791670955126,11213.0,2916.0,45.00001609038752,0.0,0.0,0.0
10283,25,1.1283791670955126,4189.0,2917.0,45.00001609038752,0.0,0.0,0.0
10284,225,3.385137501286538,4193.777777777777,2919.222222222222,-45.00001609038752,7.302967433402214,1.4054567378526148,9.414213562373096
10285,25,1.1283791670955126,5898.0,2917.0,45.00001609038752,0.0,0.0,0.0
10286,25,1.1283791670955126,9365.0,2917.0,45.00001609038752,0.0,0.0,0.0
10287,25,1.1283791670955126,4187.0,2918.0,45.00001609038752,0.0,0.0,0.0
10288,25,1.1283791670955126,9366.0,2919.0,45.00001609038752,0.0,0.0,0.0
10289,25,1.1283791670955126,4185.0,2920.0,45.00001609038752,0.0,0.0,0.0
10290,25,1.1283791670955126,4184.0,2921.0,45.00001609038752,0.0,0.0,0.0
10291,25,1.1283791670955126,5896.0,2921.0,45.00001609038752,0.0,0.0,0.0
10292,1325,8.214724333230155,6900.132075471698,2925.1132075471696,65.5164471514128,12.157576415012729,8.648902662904701,36.349242404917504
10293,75,1.9544100476116797,6929.333333333333,2921.3333333333335,45.00001609038752,2.3094010767585034,1.3333333333333333,3.414213562373095
10294,125,2.5231325220201604,7779.0,2923.0,0.0,5.656854249492381,0.0,3.0
10295,25,1.1283791670955126,4183.0,2922.0,45.00001609038752,0.0,0.0,0.0
10296,25,1.1283791670955126,4197.0,2922.0,45.00001609038752,0.0,0.0,0.0
10297,50,1.5957691216057308,6501.0,2922.5,0.0,2.0,0.0,0.0
10298,6394700,570.6832717617696,7160.891339703192,3315.40705584312,11.019710935638694,815.8579892053841,426.43468158140934,3614.4156185203983
10299,25,1.1283791670955126,4182.0,2923.0,45.00001609038752,0.0,0.0,0.0
10300,25,1.1283791670955126,4198.0,2923.0,45.00001609038752,0.0,0.0,0.0
10301,25,1.1283791670955126,5895.0,2923.0,45.00001609038752,0.0,0.0,0.0
10302,200,3.1915382432114616,6910.75,2925.75,18.43495541459913,7.211102550927978,1.4142135623730951,7.207106781186548
10303,100,2.256758334191025,4200.0,2924.5,58.28254642828171,3.23606797749979,1.2360679774997898,4.414213562373095
10304,250,3.5682482323055424,7322.0,2926.9,0.0,5.782732917920384,2.5298221281347035,8.449747468305832
10305,335225,130.66318936622432,7571.959952270863,3015.90469087926,-20.326378295795685,168.00034430123188,106.15025429206224,506.4762261269984
10306,200,3.1915382432114616,7787.0,2927.5,0.0,9.16515138991168,0.0,6.0
10307,4800,15.635280380893438,4215.463541666667,2944.5677083333335,25.2187333339051,50.7877910555603,6.892435102428863,98.77564927611034
10308,75,1.9544100476116797,6593.0,2926.0,0.0,3.265986323710904,0.0,1.0
10309,25,1.1283791670955126,5894.0,2926.0,45.00001609038752,0.0,0.0,0.0
10310,25,1.1283791670955126,6888.0,2926.0,45.00001609038752,0.0,0.0,0.0
10311,25,1.1283791670955126,4179.0,2927.0,45.00001609038752,0.0,0.0,0.0
10312,25,1.1283791670955126,6030.0,2927.0,45.00001609038752,0.0,0.0,0.0
10313,25,1.1283791670955126,4178.0,2928.0,45.00001609038752,0.0,0.0,0.0
10314,300,3.9088200952233594,6899.75,2932.8333333333335,2.911532879220918,6.707503864507358,2.359014087108088,9.621320343559642
10315,21050,32.74244487919323,6487.94893111639,2948.0593824228026,-10.422504813995408,35.81988225201627,31.79942896229391,135.8050865276332
10316,75,1.9544100476116797,6892.666666666667,2932.3333333333335,-45.00001609038752,2.3094010767585034,1.3333333333333333,3.414213562373095
10317,2600,11.507254783503184,6902.6057692307695,2942.423076923077,41.31388428329078,20.391125598321597,8.499177636813618,52.04163056034262
10318,75,1.9544100476116797,7788.0,2935.0,0.0,3.265986323710904,0.0,1.0
10319,172950,93.85239032905798,11298.948540040474,2987.3584851113037,1.8605355183300305,115.93197298929849,81.40669150516587,360.492424049175
10320,25,1.1283791670955126,4172.0,2935.0,45.00001609038752,0.0,0.0,0.0
10321,175,2.985410660720923,7323.571428571428,2936.714285714286,-8.34962510252249,4.155374705678736,1.9054711331003737,7.207106781186548
10322,25,1.1283791670955126,4171.0,2936.0,45.00001609038752,0.0,0.0,0.0
10323,100,2.256758334191025,7780.0,2939.5,0.0,4.47213595499958,0.0,2.0
10324,25,1.1283791670955126,4169.0,2939.0,45.00001609038752,0.0,0.0,0.0
10325,225,3.385137501286538,1867.888888888889,2942.3333333333335,43.46128784048144,6.503701686551621,2.3461316050358447,8.414213562373096
10326,25,1.1283791670955126,4168.0,2940.0,45.00001609038752,0.0,0.0,0.0
10327,25,1.1283791670955126,6037.0,2940.0,45.00001609038752,0.0,0.0,0.0
10328,25,1.1283791670955126,6786.0,2940.0,45.00001609038752,0.0,0.0,0.0
10329,75,1.9544100476116797,7323.0,2941.0,0.0,3.265986323710904,0.0,1.0
10330,650,5.753627391751592,5929.807692307692,2943.3076923076924,86.96275713145322,7.931484013219538,4.6641487156322565,20.106601717798213
10331,25,1.1283791670955126,6038.0,2941.0,45.00001609038752,0.0,0.0,0.0
10332,25,1.1283791670955126,6787.0,2941.0,45.00001609038752,0.0,0.0,0.0
10333,25,1.1283791670955126,746.0,2942.0,45.00001609038752,0.0,0.0,0.0
10334,25,1.1283791670955126,1230.0,2942.0,45.00001609038752,0.0,0.0,0.0
10335,25,1.1283791670955126,6039.0,2942.0,45.00001609038752,0.0,0.0,0.0
10336,25,1.1283791670955126,6788.0,2942.0,45.00001609038752,0.0,0.0,0.0
10337,1000,7.136496464611085,7786.375,2950.35,23.8631958722381,24.969716984529843,4.278227870565316,35.621320343559645
10338,50,1.5957691216057308,7787.0,2942.5,0.0,2.0,0.0,0.0
10339,25,1.1283791670955126,1865.0,2943.0,45.00001609038752,0.0,0.0,0.0
10340,25,1.1283791670955126,6040.0,2943.0,45.00001609038752,0.0,0.0,0.0
10341,25,1.1283791670955126,4165.0,2944.0,45.00001609038752,0.0,0.0,0.0
10342,200,3.1915382432114616,7323.0,2945.75,-24.407046144227184,4.100618600451318,2.4869513653533066,7.82842712474619
10343,50,1.5957691216057308,1875.5,2946.0,90.00003218077504,2.0,0.0,0.0
10344,25,1.1283791670955126,5934.0,2946.0,45.00001609038752,0.0,0.0,0.0
10345,25,1.1283791670955126,1855.0,2947.0,45.00001609038752,0.0,0.0,0.0
10346,1650,9.166995688475081,1883.9545454545455,2957.3333333333335,18.53595411599292,33.70711846367755,5.276126520921568,54.76345596729059
10347,50,1.5957691216057308,1967.0,2947.5,0.0,2.0,0.0,0.0
10348,25,1.1283791670955126,4163.0,2947.0,45.00001609038752,0.0,0.0,0.0
10349,625,5.641895835477563,5932.36,2951.36,18.651177873770237,9.079825186498379,3.639996508601306,19.27817459305202
10350,25,1.1283791670955126,1853.0,2948.0,45.00001609038752,0.0,0.0,0.0
10351,25,1.1283791670955126,5935.0,2948.0,45.00001609038752,0.0,0.0,0.0
10352,150,2.763953195770684,7320.166666666667,2950.1666666666665,4.731162795706489,5.39192040212807,1.4276923647012265,5.414213562373095
10353,25,1.1283791670955126,1852.0,2949.0,45.00001609038752,0.0,0.0,0.0
10354,50,1.5957691216057308,1969.0,2949.5,0.0,2.0,0.0,0.0
10355,25,1.1283791670955126,5893.0,2949.0,45.00001609038752,0.0,0.0,0.0
10356,25,1.1283791670955126,6851.0,2949.0,45.00001609038752,0.0,0.0,0.0
10357,925,6.863662517577698,7326.054054054054,2954.2162162162163,11.644183091604923,11.349325870977301,5.190241047222496,29.899494936611667
10358,25,1.1283791670955126,1851.0,2950.0,45.00001609038752,0.0,0.0,0.0
10359,50,1.5957691216057308,7783.0,2950.5,0.0,2.0,0.0,0.0
10360,50,1.5957691216057308,1966.5,2951.0,90.00003218077504,2.0,0.0,0.0
10361,25,1.1283791670955126,4161.0,2951.0,45.00001609038752,0.0,0.0,0.0
10362,25,1.1283791670955126,6851.0,2952.0,45.00001609038752,0.0,0.0,0.0
10363,25,1.1283791670955126,1849.0,2953.0,45.00001609038752,0.0,0.0,0.0
10364,75,1.9544100476116797,1965.6666666666667,2953.6666666666665,45.00001609038752,2.3094010767585034,1.3333333333333333,3.414213562373095
10365,25,1.1283791670955126,4160.0,2953.0,45.00001609038752,0.0,0.0,0.0
10366,25,1.1283791670955126,4225.0,2954.0,45.00001609038752,0.0,0.0,0.0
10367,75,1.9544100476116797,5894.0,2955.0,0.0,3.265986323710904,0.0,1.0
10368,25,1.1283791670955126,6851.0,2954.0,45.00001609038752,0.0,0.0,0.0
10369,25,1.1283791670955126,1848.0,2955.0,45.00001609038752,0.0,0.0,0.0
10370,25,1.1283791670955126,5930.0,2955.0,45.00001609038752,0.0,0.0,0.0
10371,50,1.5957691216057308,7321.0,2955.5,0.0,2.0,0.0,0.0
10372,50,1.5957691216057308,6471.0,2956.5,0.0,2.0,0.0,0.0
10373,25,1.1283791670955126,6899.0,2956.0,45.00001609038752,0.0,0.0,0.0
10374,25,1.1283791670955126,5895.0,2957.0,45.00001609038752,0.0,0.0,0.0
10375,25,1.1283791670955126,5931.0,2957.0,45.00001609038752,0.0,0.0,0.0
10376,1200,7.817640190446719,5936.791666666667,2962.0833333333335,28.540483778131144,11.34207867868149,5.646683010792845,28.384776310850235
10377,950,6.955796338302048,7326.3421052631575,2963.2894736842104,41.82356111198808,14.650856166687252,5.214570812933449,32.27817459305202
10378,75,1.9544100476116797,1847.0,2959.0,0.0,3.265986323710904,0.0,1.0
10379,25,1.1283791670955126,1979.0,2958.0,45.00001609038752,0.0,0.0,0.0
10380,25,1.1283791670955126,5896.0,2958.0,45.00001609038752,0.0,0.0,0.0
10381,25,1.1283791670955126,5932.0,2958.0,45.00001609038752,0.0,0.0,0.0
10382,25,1.1283791670955126,5894.0,2959.0,45.00001609038752,0.0,0.0,0.0
10383,25,1.1283791670955126,5897.0,2959.0,45.00001609038752,0.0,0.0,0.0
10384,325,4.068428945128219,4167.384615384615,2961.3846153846152,-72.44072896237476,5.9365637962112405,3.7652793570609413,11.828427124746192
10385,100,2.256758334191025,5895.5,2961.0,31.71748575249332,3.23606797749979,1.2360679774997898,4.414213562373095
10386,25,1.1283791670955126,5898.0,2960.0,45.00001609038752,0.0,0.0,0.0
10387,50,1.5957691216057308,6472.0,2960.5,0.0,2.0,0.0,0.0
10388,325,4.068428945128219,6649.538461538462,2963.230769230769,-2.1445774312332784,7.554371880072024,1.9753176197160076,13.207106781186548
10389,25,1.1283791670955126,6852.0,2960.0,45.00001609038752,0.0,0.0,0.0
10390,25,1.1283791670955126,5899.0,2961.0,45.00001609038752,0.0,0.0,0.0
10391,25,1.1283791670955126,5900.0,2962.0,45.00001609038752,0.0,0.0,0.0
10392,100,2.256758334191025,1847.0,2964.5,0.0,4.47213595499958,0.0,2.0
10393,75,1.9544100476116797,4186.666666666667,2963.3333333333335,-45.00001609038752,2.3094010767585034,1.3333333333333333,3.414213562373095
10394,25,1.1283791670955126,5901.0,2963.0,45.00001609038752,0.0,0.0,0.0
10395,125,2.5231325220201604,7322.4,2964.2,18.43495541459913,3.098386676965933,1.7888543819998317,5.207106781186548
10396,250,3.5682482323055424,1863.5,2965.2,90.00003218077504,4.09878030638384,2.9933259094191533,8.82842712474619
10397,125,2.5231325220201604,1984.8,2965.2,-45.00001609038752,4.0,1.3856406460551023,5.414213562373095
10398,25,1.1283791670955126,4152.0,2964.0,45.00001609038752,0.0,0.0,0.0
10399,450,4.787307364817192,4154.111111111111,2967.1666666666665,-15.380559418841498,7.262843113804555,4.102603663265803,13.863961030678926
10400,100,2.256758334191025,4166.5,2965.0,-31.71748575249332,3.23606797749979,1.2360679774997898,4.414213562373095
10401,50,1.5957691216057308,4223.0,2964.5,0.0,2.0,0.0,0.0
10402,25,1.1283791670955126,5902.0,2964.0,45.00001609038752,0.0,0.0,0.0
10403,350,4.222008245644752,7791.0,2970.5,0.0,16.1245154965971,0.0,12.0
10404,625,5.641895835477563,1283.8,2967.12,85.8422050151231,10.014321770975421,3.914455194195958,19.071067811865476
10405,25,1.1283791670955126,1987.0,2965.0,45.00001609038752,0.0,0.0,0.0
10406,25,1.1283791670955126,4402.0,2965.0,45.00001609038752,0.0,0.0,0.0
10407,25,1.1283791670955126,5903.0,2965.0,45.00001609038752,0.0,0.0,0.0
10408,25,1.1283791670955126,6503.0,2965.0,45.00001609038752,0.0,0.0,0.0
10409,475,4.918490759365935,4166.1578947368425,2968.7368421052633,-57.408585963459316,7.3509668696866095,4.499537149221479,15.071067811865476
10410,1225,7.898654169668588,4224.081632653061,2973.7755102040815,12.16311366565323,17.71256615407395,4.175365846765839,36.935028842544405
10411,25,1.1283791670955126,5904.0,2966.0,45.00001609038752,0.0,0.0,0.0
10412,5650,16.96325844612841,6640.539823008849,2985.491150442478,-18.72925018198858,38.51833784607099,7.793317736995092,86.42640687119285
10413,25,1.1283791670955126,6854.0,2966.0,45.00001609038752,0.0,0.0,0.0
10414,25,1.1283791670955126,7782.0,2966.0,45.00001609038752,0.0,0.0,0.0
10415,25,1.1283791670955126,1968.0,2967.0,45.00001609038752,0.0,0.0,0.0
10416,950,6.955796338302048,1978.5526315789473,2968.5526315789475,-88.69455981275972,18.804464499001778,3.109966768171917,31.071067811865476
10417,25,1.1283791670955126,5905.0,2967.0,45.00001609038752,0.0,0.0,0.0
10418,50,1.5957691216057308,7321.0,2967.5,0.0,2.0,0.0,0.0
10419,25,1.1283791670955126,1848.0,2968.0,45.00001609038752,0.0,0.0,0.0
10420,25,1.1283791670955126,6855.0,2968.0,45.00001609038752,0.0,0.0,0.0
10421,75500,62.009543016379276,6589.636754966888,2996.583443708609,-71.56643993596039,86.39441493185147,47.4808263333061,247.1787155501902
10422,25,1.1283791670955126,6925.0,2969.0,45.00001609038752,0.0,0.0,0.0
10423,50,1.5957691216057308,1848.0,2970.5,0.0,2.0,0.0,0.0
10424,25,1.1283791670955126,1968.0,2970.0,45.00001609038752,0.0,0.0,0.0
10425,25,1.1283791670955126,2015.0,2970.0,45.00001609038752,0.0,0.0,0.0
10426,25,1.1283791670955126,6856.0,2970.0,45.00001609038752,0.0,0.0,0.0
10427,75,1.9544100476116797,6927.0,2971.0,0.0,3.265986323710904,0.0,1.0
10428,25,1.1283791670955126,759.0,2971.0,45.00001609038752,0.0,0.0,0.0
10429,200,3.1915382432114616,1962.375,2972.625,-54.589523532155894,4.453975508570176,2.768050246844706,7.621320343559642
10430,5800,17.186959427966244,4147.849137931034,2992.7887931034484,-3.145266790083032,50.85548685046598,7.535217632192726,111.14823227814082
10431,50,1.5957691216057308,6854.0,2971.5,0.0,2.0,0.0,0.0
10432,75,1.9544100476116797,1849.0,2973.0,0.0,3.265986323710904,0.0,1.0
10433,325,4.068428945128219,1875.7692307692307,2973.846153846154,11.309936518046795,4.706787243316417,3.508232077228117,11.071067811865476
10434,75,1.9544100476116797,1957.6666666666667,2972.6666666666665,45.00001609038752,2.3094010767585034,1.3333333333333333,3.414213562373095
10435,250,3.5682482323055424,1975.3,2972.7,-89.52261138313044,5.075562357094394,2.560989410217544,8.82842712474619
10436,100,2.256758334191025,5906.75,2972.75,71.5650767661759,3.4641016151377544,1.4142135623730951,3.2071067811865475
10437,25,1.1283791670955126,7540.0,2972.0,45.00001609038752,0.0,0.0,0.0
10438,50,1.5957691216057308,7782.0,2972.5,0.0,2.0,0.0,0.0
10439,25,1.1283791670955126,6855.0,2973.0,45.00001609038752,0.0,0.0,0.0
10440,25,1.1283791670955126,6858.0,2973.0,45.00001609038752,0.0,0.0,0.0
10441,150,2.763953195770684,4183.166666666667,2974.3333333333335,-77.06684915928662,4.363338213437162,1.65500979239906,5.0
10442,25,1.1283791670955126,4410.0,2974.0,45.00001609038752,0.0,0.0,0.0
10443,25,1.1283791670955126,5909.0,2974.0,45.00001609038752,0.0,0.0,0.0
10444,25,1.1283791670955126,6923.0,2974.0,45.00001609038752,0.0,0.0,0.0
10445,25,1.1283791670955126,7539.0,2974.0,45.00001609038752,0.0,0.0,0.0
10446,25,1.1283791670955126,1850.0,2975.0,45.00001609038752,0.0,0.0,0.0
10447,25,1.1283791670955126,1978.0,2975.0,45.00001609038752,0.0,0.0,0.0
10448,25,1.1283791670955126,5910.0,2975.0,45.00001609038752,0.0,0.0,0.0
10449,25,1.1283791670955126,6859.0,2975.0,45.00001609038752,0.0,0.0,0.0
10450,25,1.1283791670955126,7538.0,2975.0,45.00001609038752,0.0,0.0,0.0
10451,25,1.1283791670955126,7783.0,2975.0,45.00001609038752,0.0,0.0,0.0
10452,50,1.5957691216057308,1885.0,2976.5,0.0,2.0,0.0,0.0
10453,25,1.1283791670955126,5911.0,2976.0,45.00001609038752,0.0,0.0,0.0
10454,675,5.863230142835039,6861.037037037037,2983.222222222222,34.82489820641491,19.27500544945562,1.9895702775128719,26.207106781186546
10455,25,1.1283791670955126,6922.0,2976.0,45.00001609038752,0.0,0.0,0.0
10456,25,1.1283791670955126,1851.0,2977.0,45.00001609038752,0.0,0.0,0.0
10457,25,1.1283791670955126,4413.0,2978.0,45.00001609038752,0.0,0.0,0.0
10458,675,5.863230142835039,5942.7037037037035,2981.703703703704,25.10776058587749,8.783824969282533,4.004383980419941,19.071067811865476
10459,25,1.1283791670955126,6921.0,2978.0,45.00001609038752,0.0,0.0,0.0
10460,150,2.763953195770684,1853.0,2980.5,39.69018655370586,4.8496611975202075,1.3468925727763872,6.414213562373095
10461,50,1.5957691216057308,4173.5,2979.0,90.00003218077504,2.0,0.0,0.0
10462,25,1.1283791670955126,4414.0,2979.0,45.00001609038752,0.0,0.0,0.0
10463,25,1.1283791670955126,5842.0,2979.0,45.00001609038752,0.0,0.0,0.0
10464,100,2.256758334191025,5910.5,2980.0,31.71748575249332,3.23606797749979,1.2360679774997898,4.414213562373095
10465,25,1.1283791670955126,5913.0,2979.0,45.00001609038752,0.0,0.0,0.0
10466,950,6.955796338302048,7792.631578947368,2994.1315789473683,0.06205388314242242,38.739868034634114,2.6626416713884535,36.0
10467,75,1.9544100476116797,1884.0,2981.0,0.0,3.265986323710904,0.0,1.0
10468,25,1.1283791670955126,1982.0,2980.0,45.00001609038752,0.0,0.0,0.0
10469,25,1.1283791670955126,5914.0,2980.0,45.00001609038752,0.0,0.0,0.0
10470,25,1.1283791670955126,6862.0,2980.0,45.00001609038752,0.0,0.0,0.0
10471,25,1.1283791670955126,6920.0,2980.0,45.00001609038752,0.0,0.0,0.0
10472,25,1.1283791670955126,5954.0,2981.0,45.00001609038752,0.0,0.0,0.0
10473,400,4.51351666838205,6548.8125,2983.0,-74.07246029442346,5.19694674312842,4.407861675357669,13.449747468305832
10474,25,1.1283791670955126,6863.0,2981.0,45.00001609038752,0.0,0.0,0.0
10475,50,1.5957691216057308,7784.0,2981.5,0.0,2.0,0.0,0.0
10476,25,1.1283791670955126,1924.0,2982.0,45.00001609038752,0.0,0.0,0.0
10477,150,2.763953195770684,4173.0,2982.5,90.00003218077504,3.265986323710904,2.0,6.0
10478,25,1.1283791670955126,5912.0,2982.0,45.00001609038752,0.0,0.0,0.0
10479,25,1.1283791670955126,5915.0,2982.0,45.00001609038752,0.0,0.0,0.0
10480,25,1.1283791670955126,9403.0,2982.0,45.00001609038752,0.0,0.0,0.0
10481,25,1.1283791670955126,1855.0,2983.0,45.00001609038752,0.0,0.0,0.0
10482,50,1.5957691216057308,1883.0,2983.5,0.0,2.0,0.0,0.0
10483,50,1.5957691216057308,4226.0,2983.5,0.0,2.0,0.0,0.0
10484,25,1.1283791670955126,5913.0,2983.0,45.00001609038752,0.0,0.0,0.0
10485,25,1.1283791670955126,5916.0,2983.0,45.00001609038752,0.0,0.0,0.0
10486,100,2.256758334191025,5950.5,2984.0,-31.71748575249332,3.23606797749979,1.2360679774997898,4.414213562373095
10487,25,1.1283791670955126,6918.0,2983.0,45.00001609038752,0.0,0.0,0.0
10488,2250,10.704744696916627,1857.7333333333333,2995.411111111111,19.490803022646652,23.975806905843125,7.819266597789425,62.00609665440988
10489,25,1.1283791670955126,1856.0,2984.0,45.00001609038752,0.0,0.0,0.0
10490,75,1.9544100476116797,5914.333333333333,2984.6666666666665,-45.00001609038752,2.3094010767585034,1.3333333333333333,3.414213562373095
10491,25,1.1283791670955126,5917.0,2984.0,45.00001609038752,0.0,0.0,0.0
10492,25,1.1283791670955126,6865.0,2984.0,45.00001609038752,0.0,0.0,0.0
10493,25,1.1283791670955126,6917.0,2984.0,45.00001609038752,0.0,0.0,0.0
10494,50,1.5957691216057308,1857.0,2985.5,0.0,2.0,0.0,0.0
10495,25,1.1283791670955126,1882.0,2985.0,45.00001609038752,0.0,0.0,0.0
10496,25,1.1283791670955126,4171.0,2985.0,45.00001609038752,0.0,0.0,0.0
10497,325,4.068428945128219,4223.923076923077,2988.0,-15.03988662073051,7.053052435937241,2.354653300238088,10.82842712474619
10498,25,1.1283791670955126,5918.0,2985.0,45.00001609038752,0.0,0.0,0.0
10499,300,3.9088200952233594,5934.583333333333,2986.75,57.933199111875936,4.418071998329191,3.371873174730685,10.242640687119284
10500,25,1.1283791670955126,6866.0,2985.0,45.00001609038752,0.0,0.0,0.0
10501,25,1.1283791670955126,1332.0,2986.0,45.00001609038752,0.0,0.0,0.0
10502,25,1.1283791670955126,1881.0,2986.0,45.00001609038752,0.0,0.0,0.0
10503,25,1.1283791670955126,1975.0,2986.0,45.00001609038752,0.0,0.0,0.0
10504,25,1.1283791670955126,5916.0,2986.0,45.00001609038752,0.0,0.0,0.0
10505,25,1.1283791670955126,5919.0,2986.0,45.00001609038752,0.0,0.0,0.0
10506,25,1.1283791670955126,5949.0,2986.0,45.00001609038752,0.0,0.0,0.0
10507,25,1.1283791670955126,6867.0,2986.0,45.00001609038752,0.0,0.0,0.0
10508,25,1.1283791670955126,1858.0,2987.0,45.00001609038752,0.0,0.0,0.0
10509,25,1.1283791670955126,5917.0,2987.0,45.00001609038752,0.0,0.0,0.0
10510,25,1.1283791670955126,5920.0,2987.0,45.00001609038752,0.0,0.0,0.0
10511,25,1.1283791670955126,6868.0,2987.0,45.00001609038752,0.0,0.0,0.0
10512,25,1.1283791670955126,6915.0,2987.0,45.00001609038752,0.0,0.0,0.0
10513,25,1.1283791670955126,1859.0,2988.0,45.00001609038752,0.0,0.0,0.0
10514,25,1.1283791670955126,5918.0,2988.0,45.00001609038752,0.0,0.0,0.0
10515,25,1.1283791670955126,5921.0,2988.0,45.00001609038752,0.0,0.0,0.0
10516,300,3.9088200952233594,6882.75,2989.0833333333335,55.70650465607869,4.781694071017199,3.269702947785091,10.621320343559642
10517,25,1.1283791670955126,6914.0,2988.0,45.00001609038752,0.0,0.0,0.0
10518,25,1.1283791670955126,1860.0,2989.0,45.00001609038752,0.0,0.0,0.0
10519,25,1.1283791670955126,1878.0,2989.0,45.00001609038752,0.0,0.0,0.0
10520,25,1.1283791670955126,4423.0,2989.0,45.00001609038752,0.0,0.0,0.0
10521,25,1.1283791670955126,5919.0,2989.0,45.00001609038752,0.0,0.0,0.0
10522,50,1.5957691216057308,5922.5,2989.0,90.00003218077504,2.0,0.0,0.0
10523,25,1.1283791670955126,5948.0,2989.0,45.00001609038752,0.0,0.0,0.0
10524,25,1.1283791670955126,6913.0,2989.0,45.00001609038752,0.0,0.0,0.0
10525,25,1.1283791670955126,1862.0,2990.0,45.00001609038752,0.0,0.0,0.0
10526,25,1.1283791670955126,4424.0,2990.0,45.00001609038752,0.0,0.0,0.0
10527,25,1.1283791670955126,5924.0,2990.0,45.00001609038752,0.0,0.0,0.0
10528,25,1.1283791670955126,5947.0,2990.0,45.00001609038752,0.0,0.0,0.0
10529,25,1.1283791670955126,6869.0,2990.0,45.00001609038752,0.0,0.0,0.0
10530,25,1.1283791670955126,6871.0,2990.0,45.00001609038752,0.0,0.0,0.0
10531,25,1.1283791670955126,6912.0,2990.0,45.00001609038752,0.0,0.0,0.0
10532,25,1.1283791670955126,1863.0,2991.0,45.00001609038752,0.0,0.0,0.0
10533,25,1.1283791670955126,4425.0,2991.0,45.00001609038752,0.0,0.0,0.0
10534,25,1.1283791670955126,5925.0,2991.0,45.00001609038752,0.0,0.0,0.0
10535,25,1.1283791670955126,6911.0,2991.0,45.00001609038752,0.0,0.0,0.0
10536,25,1.1283791670955126,1864.0,2992.0,45.00001609038752,0.0,0.0,0.0
10537,25,1.1283791670955126,1867.0,2992.0,45.00001609038752,0.0,0.0,0.0
10538,25,1.1283791670955126,1967.0,2992.0,45.00001609038752,0.0,0.0,0.0
10539,50,1.5957691216057308,4151.0,2992.5,0.0,2.0,0.0,0.0
10540,25,1.1283791670955126,5926.0,2992.0,45.00001609038752,0.0,0.0,0.0
10541,25,1.1283791670955126,5946.0,2992.0,45.00001609038752,0.0,0.0,0.0
10542,61100,55.783487228146086,6880.3036006546645,3023.8932078559737,27.5902145221772,68.98283296274663,46.602749447202086,205.58073580374355
10543,25,1.1283791670955126,6874.0,2992.0,45.00001609038752,0.0,0.0,0.0
10544,75,1.9544100476116797,1865.3333333333333,2993.3333333333335,45.00001609038752,2.3094010767585034,1.3333333333333333,3.414213562373095
10545,50,1.5957691216057308,4155.0,2993.5,0.0,2.0,0.0,0.0
10546,50,1.5957691216057308,5927.5,2993.0,90.00003218077504,2.0,0.0,0.0
10547,25,1.1283791670955126,5945.0,2993.0,45.00001609038752,0.0,0.0,0.0
10548,25,1.1283791670955126,5949.0,2993.0,45.00001609038752,0.0,0.0,0.0
10549,25,1.1283791670955126,6908.0,2993.0,45.00001609038752,0.0,0.0,0.0
10550,25,1.1283791670955126,1338.0,2994.0,45.00001609038752,0.0,0.0,0.0
10551,50,1.5957691216057308,5930.5,2994.0,90.00003218077504,2.0,0.0,0.0
10552,25,1.1283791670955126,5944.0,2994.0,45.00001609038752,0.0,0.0,0.0
10553,25,1.1283791670955126,6877.0,2994.0,45.00001609038752,0.0,0.0,0.0
10554,25,1.1283791670955126,6907.0,2994.0,45.00001609038752,0.0,0.0,0.0
10555,25,1.1283791670955126,1339.0,2995.0,45.00001609038752,0.0,0.0,0.0
10556,200,3.1915382432114616,4152.0,2997.0,0.0,4.0,2.8284271247461903,6.621320343559642
10557,25,1.1283791670955126,4221.0,2995.0,45.00001609038752,0.0,0.0,0.0
10558,25,1.1283791670955126,5934.0,2995.0,45.00001609038752,0.0,0.0,0.0
10559,25,1.1283791670955126,6925.0,2995.0,45.00001609038752,0.0,0.0,0.0
10560,25,1.1283791670955126,1340.0,2996.0,45.00001609038752,0.0,0.0,0.0
10561,50,1.5957691216057308,5940.5,2996.0,90.00003218077504,2.0,0.0,0.0
10562,25,1.1283791670955126,4220.0,2997.0,45.00001609038752,0.0,0.0,0.0
10563,25,1.1283791670955126,6903.0,2997.0,45.00001609038752,0.0,0.0,0.0
10564,25,1.1283791670955126,7786.0,2997.0,45.00001609038752,0.0,0.0,0.0
10565,15925,28.479002615897535,6617.25431711146,3017.296703296703,-38.7532540516815,46.909585968328365,17.381452401147687,109.53910524340094
10566,50,1.5957691216057308,6901.5,2998.0,90.00003218077504,2.0,0.0,0.0
10567,25,1.1283791670955126,4219.0,2999.0,45.00001609038752,0.0,0.0,0.0
10568,1050,7.312732791431452,4153.214285714285,3011.8333333333335,11.282036505816142,25.788635195189347,2.9689687595299854,42.41421356237309
10569,50,1.5957691216057308,7787.0,3000.5,0.0,2.0,0.0,0.0
10570,25,1.1283791670955126,9414.0,3000.0,45.00001609038752,0.0,0.0,0.0
10571,25,1.1283791670955126,1346.0,3001.0,45.00001609038752,0.0,0.0,0.0
10572,25,1.1283791670955126,4218.0,3001.0,45.00001609038752,0.0,0.0,0.0
10573,25,1.1283791670955126,1347.0,3002.0,45.00001609038752,0.0,0.0,0.0
10574,25,1.1283791670955126,2002.0,3002.0,45.00001609038752,0.0,0.0,0.0
10575,843200,207.22891536855462,2228.9058645635673,3141.132115749526,-5.444238771232973,280.71906896150904,157.54161060179794,785.7544007200504
10576,75,1.9544100476116797,4836.666666666667,3002.3333333333335,-45.00001609038752,2.3094010767585034,1.3333333333333333,3.414213562373095
10577,25,1.1283791670955126,9415.0,3002.0,45.00001609038752,0.0,0.0,0.0
10578,25,1.1283791670955126,4217.0,3003.0,45.00001609038752,0.0,0.0,0.0
10579,100,2.256758334191025,4215.75,3006.25,-18.43495541459913,3.4641016151377544,1.4142135623730951,3.2071067811865475
10580,50,1.5957691216057308,4435.0,3005.5,0.0,2.0,0.0,0.0
10581,50,1.5957691216057308,6636.0,3005.5,0.0,2.0,0.0,0.0
10582,25,1.1283791670955126,9417.0,3005.0,45.00001609038752,0.0,0.0,0.0
10583,25,1.1283791670955126,1350.0,3006.0,45.00001609038752,0.0,0.0,0.0
10584,25,1.1283791670955126,2819.0,3006.0,45.00001609038752,0.0,0.0,0.0
10585,75,1.9544100476116797,2829.0,3006.0,90.00003218077504,3.265986323710904,0.0,1.0
10586,25,1.1283791670955126,9418.0,3006.0,45.00001609038752,0.0,0.0,0.0
10587,25,1.1283791670955126,2816.0,3007.0,45.00001609038752,0.0,0.0,0.0
10588,925,6.863662517577698,2835.675675675676,3013.5945945945946,15.293565196954436,21.045373233275374,4.95614893789873,34.48528137423857
10589,5671800,537.459209608651,9413.477295567545,3330.9103503297015,-12.49056305614883,635.5347311418693,496.0683408523799,3253.567855411896
10590,25,1.1283791670955126,4214.0,3008.0,45.00001609038752,0.0,0.0,0.0
10591,50,1.5957691216057308,6635.0,3008.5,0.0,2.0,0.0,0.0
10592,50,1.5957691216057308,7788.5,3008.0,90.00003218077504,2.0,0.0,0.0
10593,3142150,400.03548020092376,828.8965755931448,3246.209546011489,-51.29789387004275,616.9359722576222,308.48556134873877,2622.359702610183
10594,25,1.1283791670955126,1352.0,3009.0,45.00001609038752,0.0,0.0,0.0
10595,25,1.1283791670955126,2813.0,3009.0,45.00001609038752,0.0,0.0,0.0
10596,25,1.1283791670955126,4213.0,3009.0,45.00001609038752,0.0,0.0,0.0
10597,25,1.1283791670955126,1353.0,3010.0,45.00001609038752,0.0,0.0,0.0
10598,25,1.1283791670955126,2812.0,3010.0,45.00001609038752,0.0,0.0,0.0
10599,25,1.1283791670955126,4212.0,3010.0,45.00001609038752,0.0,0.0,0.0
10600,25,1.1283791670955126,2811.0,3011.0,45.00001609038752,0.0,0.0,0.0
10601,1722975,296.2269335891027,2839.123057502285,3204.723994834516,9.731497585240325,398.2064637235449,228.1906259853726,1526.7747827243331
10602,25,1.1283791670955126,4211.0,3011.0,45.00001609038752,0.0,0.0,0.0
10603,25,1.1283791670955126,1355.0,3013.0,45.00001609038752,0.0,0.0,0.0
10604,25,1.1283791670955126,1356.0,3014.0,45.00001609038752,0.0,0.0,0.0
10605,25,1.1283791670955126,2810.0,3014.0,45.00001609038752,0.0,0.0,0.0
10606,25,1.1283791670955126,1357.0,3015.0,45.00001609038752,0.0,0.0,0.0
10607,25,1.1283791670955126,4208.0,3015.0,45.00001609038752,0.0,0.0,0.0
10608,200,3.1915382432114616,2821.875,3017.875,45.00001609038752,3.4641016151377544,2.7386127875258306,7.414213562373095
10609,1978250,317.4136814551216,11849.631252369518,3286.1032857323394,-16.70560790420982,485.44225589679905,218.9504033589165,1339.7859300126265
10610,125,2.5231325220201604,2809.0,3020.0,0.0,5.656854249492381,0.0,3.0
10611,1025,7.225151993843567,4149.8536585365855,3022.951219512195,10.625256552776275,8.764655171816173,6.557073730857265,24.48528137423857
10612,25,1.1283791670955126,4206.0,3018.0,45.00001609038752,0.0,0.0,0.0
10613,675,5.863230142835039,2077.740740740741,3023.296296296296,18.404736122010135,9.907114352026642,3.8632280585093954,21.899494936611664
10614,25,1.1283791670955126,4205.0,3020.0,45.00001609038752,0.0,0.0,0.0
10615,25,1.1283791670955126,1363.0,3021.0,45.00001609038752,0.0,0.0,0.0
10616,50,1.5957691216057308,2081.5,3021.0,90.00003218077504,2.0,0.0,0.0
10617,100,2.256758334191025,4159.25,3022.25,18.43495541459913,3.4641016151377544,1.4142135623730951,3.2071067811865475
10618,100,2.256758334191025,4205.25,3023.0,0.0,2.8284271247461903,1.7320508075688772,4.621320343559642
10619,100,2.256758334191025,2809.5,3025.0,31.71748575249332,3.23606797749979,1.2360679774997898,4.414213562373095
10620,25,1.1283791670955126,4158.0,3024.0,45.00001609038752,0.0,0.0,0.0
10621,25,1.1283791670955126,4161.0,3024.0,45.00001609038752,0.0,0.0,0.0
10622,375,4.370193722368317,2823.8,3027.8,8.811151764885155,6.791134621996741,2.8402741439135504,12.207106781186548
10623,175,2.985410660720923,4207.142857142857,3027.714285714286,3.9415710677289364,6.679120530303046,1.3254040442294808,6.414213562373096
10624,75,1.9544100476116797,5950.333333333333,3025.6666666666665,-45.00001609038752,2.3094010767585034,1.3333333333333333,3.414213562373095
10625,25,1.1283791670955126,11926.0,3025.0,45.00001609038752,0.0,0.0,0.0
10626,25,1.1283791670955126,2835.0,3026.0,45.00001609038752,0.0,0.0,0.0
10627,15950,28.501347854812654,4177.705329153605,3053.6081504702192,47.2140762327557,52.639231404594995,18.041716388978525,145.5035713374682
10628,25,1.1283791670955126,11927.0,3026.0,45.00001609038752,0.0,0.0,0.0
10629,75,1.9544100476116797,2811.3333333333335,3027.6666666666665,-45.00001609038752,2.3094010767585034,1.3333333333333333,3.414213562373095
10630,25,1.1283791670955126,2834.0,3027.0,45.00001609038752,0.0,0.0,0.0
10631,25,1.1283791670955126,4163.0,3027.0,45.00001609038752,0.0,0.0,0.0
10632,25,1.1283791670955126,2833.0,3028.0,45.00001609038752,0.0,0.0,0.0
10633,2350,10.940041919714261,4151.893617021276,3037.1382978723404,19.784118252275505,21.07300432660314,6.354334003594394,49.21320343559643
10634,25,1.1283791670955126,4164.0,3028.0,45.00001609038752,0.0,0.0,0.0
10635,75,1.9544100476116797,4204.0,3029.0,0.0,3.265986323710904,0.0,1.0
10636,100,2.256758334191025,6597.5,3029.0,-31.71748575249332,3.23606797749979,1.2360679774997898,4.414213562373095
10637,4118825,458.0065880680673,7635.449023690008,3313.5918071294604,-14.98740177054944,548.3265144839726,391.58154754421616,2178.8855685242374
10638,25,1.1283791670955126,2814.0,3029.0,45.00001609038752,0.0,0.0,0.0
10639,275,3.742410318509555,2829.4545454545455,3030.818181818182,-52.57705282481968,6.901314294374349,2.858935799003937,10.621320343559642
10640,25,1.1283791670955126,4100.0,3029.0,45.00001609038752,0.0,0.0,0.0
10641,25,1.1283791670955126,4161.0,3029.0,45.00001609038752,0.0,0.0,0.0
10642,25,1.1283791670955126,4165.0,3029.0,45.00001609038752,0.0,0.0,0.0
10643,25,1.1283791670955126,2816.0,3030.0,45.00001609038752,0.0,0.0,0.0
10644,25,1.1283791670955126,4091.0,3030.0,45.00001609038752,0.0,0.0,0.0
10645,25,1.1283791670955126,4162.0,3030.0,45.00001609038752,0.0,0.0,0.0
10646,25,1.1283791670955126,4166.0,3030.0,45.00001609038752,0.0,0.0,0.0
10647,317150,127.0917655259784,7444.806164275579,3108.2479110830836,27.19889528822714,136.96356197398978,126.1430803476048,662.8670990922585
10648,25,1.1283791670955126,4163.0,3031.0,45.00001609038752,0.0,0.0,0.0
10649,25,1.1283791670955126,6598.0,3031.0,45.00001609038752,0.0,0.0,0.0
10650,200,3.1915382432114616,4165.5,3034.0,42.14471850068596,6.488432109704299,1.378495106178553,8.414213562373096
10651,25,1.1283791670955126,4167.0,3032.0,45.00001609038752,0.0,0.0,0.0
10652,25,1.1283791670955126,4206.0,3032.0,45.00001609038752,0.0,0.0,0.0
10653,25,1.1283791670955126,4168.0,3033.0,45.00001609038752,0.0,0.0,0.0
10654,325,4.068428945128219,4204.076923076923,3037.076923076923,-13.3925025424284,7.0902883826479455,2.4806946917841683,12.242640687119284
10655,25,1.1283791670955126,7252.0,3034.0,45.00001609038752,0.0,0.0,0.0
10656,25,1.1283791670955126,6614.0,3035.0,45.00001609038752,0.0,0.0,0.0
10657,54850,52.85345363501752,7505.912032816773,3077.5856882406565,24.018688840688263,99.89635172275463,29.631525479346365,245.03657992645927
10658,25,1.1283791670955126,4755.0,3036.0,45.00001609038752,0.0,0.0,0.0
10659,25,1.1283791670955126,6613.0,3036.0,45.00001609038752,0.0,0.0,0.0
10660,225,3.385137501286538,4169.777777777777,3039.222222222222,-45.00001609038752,7.302967433402214,1.4054567378526148,9.414213562373096
10661,50,1.5957691216057308,4171.5,3037.0,90.00003218077504,2.0,0.0,0.0
10662,25,1.1283791670955126,4756.0,3037.0,45.00001609038752,0.0,0.0,0.0
10663,25,1.1283791670955126,6602.0,3037.0,45.00001609038752,0.0,0.0,0.0
10664,75,1.9544100476116797,6611.666666666667,3037.3333333333335,-45.00001609038752,2.3094010767585034,1.3333333333333333,3.414213562373095
10665,25,1.1283791670955126,2274.0,3038.0,45.00001609038752,0.0,0.0,0.0
10666,25,1.1283791670955126,4173.0,3038.0,45.00001609038752,0.0,0.0,0.0
10667,25,1.1283791670955126,6603.0,3038.0,45.00001609038752,0.0,0.0,0.0
10668,175,2.985410660720923,7507.285714285715,3039.4285714285716,30.963767603603344,4.0,2.2131333406899527,7.65685424949238
10669,25,1.1283791670955126,11942.0,3038.0,45.00001609038752,0.0,0.0,0.0
10670,25,1.1283791670955126,4174.0,3039.0,45.00001609038752,0.0,0.0,0.0
10671,75,1.9544100476116797,6604.333333333333,3039.6666666666665,-45.00001609038752,2.3094010767585034,1.3333333333333333,3.414213562373095
10672,25,1.1283791670955126,4175.0,3040.0,45.00001609038752,0.0,0.0,0.0
10673,25,1.1283791670955126,4176.0,3041.0,45.00001609038752,0.0,0.0,0.0
10674,50,1.5957691216057308,4202.0,3041.5,0.0,2.0,0.0,0.0
10675,25,1.1283791670955126,4177.0,3042.0,45.00001609038752,0.0,0.0,0.0
10676,50,1.5957691216057308,7509.0,3042.5,0.0,2.0,0.0,0.0
10677,25,1.1283791670955126,11946.0,3042.0,45.00001609038752,0.0,0.0,0.0
10678,125,2.5231325220201604,4091.0,3044.0,45.00001609038752,2.5298221281347035,2.5298221281347035,5.656854249492381
10679,25,1.1283791670955126,4174.0,3043.0,45.00001609038752,0.0,0.0,0.0
10680,50,1.5957691216057308,4178.5,3043.0,90.00003218077504,2.0,0.0,0.0
10681,25,1.1283791670955126,4201.0,3043.0,45.00001609038752,0.0,0.0,0.0
10682,25,1.1283791670955126,4180.0,3044.0,45.00001609038752,0.0,0.0,0.0
10683,25,1.1283791670955126,11318.0,3044.0,45.00001609038752,0.0,0.0,0.0
10684,25,1.1283791670955126,11947.0,3044.0,45.00001609038752,0.0,0.0,0.0
10685,25,1.1283791670955126,4182.0,3045.0,45.00001609038752,0.0,0.0,0.0
10686,25,1.1283791670955126,4200.0,3045.0,45.00001609038752,0.0,0.0,0.0
10687,50,1.5957691216057308,7510.0,3045.5,0.0,2.0,0.0,0.0
10688,25,1.1283791670955126,11948.0,3045.0,45.00001609038752,0.0,0.0,0.0
10689,25,1.1283791670955126,4184.0,3046.0,45.00001609038752,0.0,0.0,0.0
10690,25,1.1283791670955126,4199.0,3046.0,45.00001609038752,0.0,0.0,0.0
10691,5811925,544.0578182890091,11354.500204321288,3398.592802728872,-88.91928666396191,651.8658027588576,506.33397723720054,3011.141448540703
10692,25,1.1283791670955126,11949.0,3046.0,45.00001609038752,0.0,0.0,0.0
10693,25,1.1283791670955126,2482.0,3047.0,45.00001609038752,0.0,0.0,0.0
10694,50,1.5957691216057308,7511.0,3047.5,0.0,2.0,0.0,0.0
10695,175,2.985410660720923,1836.7142857142858,3049.1428571428573,30.472708846406285,3.5820700954176696,2.4713456540351717,6.207106781186548
10696,25,1.1283791670955126,4196.0,3048.0,45.00001609038752,0.0,0.0,0.0
10697,50,1.5957691216057308,4194.5,3049.0,90.00003218077504,2.0,0.0,0.0
10698,1475,8.667244841319219,6605.525423728814,3054.084745762712,54.56640696948866,9.304026654532581,8.652696613258504,28.556349186104047
10699,400,4.51351666838205,7514.0,3054.5,22.090780168024278,14.142314180367753,1.412426856077578,14.0
10700,175,2.985410660720923,4727.714285714285,3052.1428571428573,-71.5650767661759,4.27617987059879,2.285714285714286,7.414213562373095
10701,50,1.5957691216057308,4731.5,3052.0,90.00003218077504,2.0,0.0,0.0
10702,25,1.1283791670955126,4160.0,3053.0,45.00001609038752,0.0,0.0,0.0
10703,25,1.1283791670955126,6505.0,3054.0,45.00001609038752,0.0,0.0,0.0
10704,150,2.763953195770684,4713.5,3056.0,50.30984562706919,4.8496611975202075,1.3468925727763872,6.414213562373095
10705,11775,24.488687706168772,4169.314225053078,3074.817409766454,14.020704044430023,34.16804661926355,19.3137670725207,95.25483399593904
10706,25,1.1283791670955126,4732.0,3057.0,45.00001609038752,0.0,0.0,0.0
10707,425,4.652426491681278,6609.588235294118,3059.764705882353,-57.678944384125835,10.517382002978138,2.682876179095656,16.44974746830583
10708,25,1.1283791670955126,4711.0,3058.0,45.00001609038752,0.0,0.0,0.0
10709,25,1.1283791670955126,4731.0,3058.0,45.00001609038752,0.0,0.0,0.0
10710,25,1.1283791670955126,4743.0,3058.0,45.00001609038752,0.0,0.0,0.0
10711,25,1.1283791670955126,4241.0,3059.0,45.00001609038752,0.0,0.0,0.0
10712,75,1.9544100476116797,4712.333333333333,3060.3333333333335,45.00001609038752,2.3094010767585034,1.3333333333333333,3.414213562373095
10713,50,1.5957691216057308,4741.5,3060.0,90.00003218077504,2.0,0.0,0.0
10714,150,2.763953195770684,7517.5,3063.0,17.608802780371004,5.404236119112784,1.208676398190789,4.0
10715,50,1.5957691216057308,6899.0,3062.5,0.0,2.0,0.0,0.0
10716,25,1.1283791670955126,4731.0,3063.0,45.00001609038752,0.0,0.0,0.0
10717,50,1.5957691216057308,2428.0,3064.5,0.0,2.0,0.0,0.0
10718,51400,51.164250253233405,4216.794747081712,3087.318093385214,79.23343106131102,71.3690341995931,37.97455457944459,200.16042558696057
10719,100,2.256758334191025,4732.25,3064.75,-18.43495541459913,3.4641016151377544,1.4142135623730951,3.2071067811865475
10720,50,1.5957691216057308,4744.5,3064.0,90.00003218077504,2.0,0.0,0.0
10721,25,1.1283791670955126,4861.0,3065.0,45.00001609038752,0.0,0.0,0.0
10722,50,1.5957691216057308,199.5,3066.0,90.00003218077504,2.0,0.0,0.0
10723,10927775,746.0207843208739,2543.6985777068066,3542.532022758521,20.779980835641798,871.5401767203987,769.6899496435245,7199.052629171855
10724,50,1.5957691216057308,7519.0,3066.5,0.0,2.0,0.0,0.0
10725,618900,177.53962422361857,113.38083696881564,3177.1534981418645,-10.985284907930629,229.2413995318309,147.8722843919354,803.2102448427661
10726,150,2.763953195770684,7520.5,3070.0,17.608802780371004,5.404236119112784,1.208676398190789,4.0
10727,800950,201.97041499740783,240.42021973905986,3233.2127161495723,13.621268207881077,272.232527950738,158.26978181819157,803.77269068328
10728,250,3.5682482323055424,4094.9,3073.3,15.25512415774159,5.215361924162119,2.529822128134703,8.82842712474619
10729,25,1.1283791670955126,11961.0,3072.0,45.00001609038752,0.0,0.0,0.0
10730,425,4.652426491681278,7523.941176470588,3078.470588235294,22.259477173469005,13.742843820249231,1.535954825848474,15.0
10731,25,1.1283791670955126,4733.0,3076.0,45.00001609038752,0.0,0.0,0.0
10732,100,2.256758334191025,4092.0,3077.5,-58.28254642828171,3.23606797749979,1.2360679774997898,4.414213562373095
10733,175,2.985410660720923,4096.714285714285,3077.8571428571427,-86.05846111304609,6.679120530303046,1.325404044229481,6.414213562373096
10734,25,1.1283791670955126,4090.0,3079.0,45.00001609038752,0.0,0.0,0.0
10735,1175,7.735777827895049,4105.191489361702,3090.404255319149,10.872474958925496,26.414017456073864,5.12319913541854,41.86396103067893
10736,25,1.1283791670955126,1375.0,3080.0,45.00001609038752,0.0,0.0,0.0
10737,25,1.1283791670955126,4089.0,3080.0,45.00001609038752,0.0,0.0,0.0
10738,50,1.5957691216057308,4766.0,3080.5,0.0,2.0,0.0,0.0
10739,207975,102.91783019793907,2530.1752614496936,3128.4495732660175,-64.34306788898172,120.10927365418368,89.99755729526983,378.41020894901624
10740,25,1.1283791670955126,4088.0,3082.0,45.00001609038752,0.0,0.0,0.0
10741,76650,62.48001635849665,4758.734833659491,3123.0593607305937,23.79195689131964,76.37837526506917,52.68257144946649,228.55129855222071
10742,50,1.5957691216057308,6998.0,3083.5,0.0,2.0,0.0,0.0
10743,25,1.1283791670955126,4087.0,3084.0,45.00001609038752,0.0,0.0,0.0
10744,1000,7.136496464611085,7532.075,3097.6,23.046165520613343,31.24329153265367,1.7907356604511366,38.207106781186546
10745,25,1.1283791670955126,4085.0,3090.0,45.00001609038752,0.0,0.0,0.0
10746,25,1.1283791670955126,4123.0,3091.0,45.00001609038752,0.0,0.0,0.0
10747,25,1.1283791670955126,4177.0,3092.0,45.00001609038752,0.0,0.0,0.0
10748,50,1.5957691216057308,5333.0,3094.5,0.0,2.0,0.0,0.0
10749,87850,66.88919015954194,6968.031018782015,3131.338645418327,22.767958625216806,77.10266327861264,58.98459280177508,274.97770542341357
10750,25,1.1283791670955126,2694.0,3100.0,45.00001609038752,0.0,0.0,0.0
10751,25,1.1283791670955126,4085.0,3100.0,45.00001609038752,0.0,0.0,0.0
10752,25,1.1283791670955126,6921.0,3100.0,45.00001609038752,0.0,0.0,0.0
10753,125,2.5231325220201604,1376.4,3102.6,20.993613754469656,4.34169545110285,1.27658944452507,4.207106781186548
10754,50,1.5957691216057308,4104.0,3102.5,0.0,2.0,0.0,0.0
10755,25,1.1283791670955126,4086.0,3103.0,45.00001609038752,0.0,0.0,0.0
10756,25,1.1283791670955126,4776.0,3103.0,45.00001609038752,0.0,0.0,0.0
10757,2725,11.780624362746345,1392.440366972477,3109.0,72.47398628698748,22.910829051676213,9.45439783648516,68.24873734152916
10758,25,1.1283791670955126,4103.0,3104.0,45.00001609038752,0.0,0.0,0.0
10759,50,1.5957691216057308,4777.0,3104.5,0.0,2.0,0.0,0.0
10760,275,3.742410318509555,7324.181818181818,3106.7272727272725,-8.830367486418838,8.106970066058597,1.9572315540820224,11.621320343559642
10761,25,1.1283791670955126,1378.0,3105.0,45.00001609038752,0.0,0.0,0.0
10762,25,1.1283791670955126,4087.0,3105.0,45.00001609038752,0.0,0.0,0.0
10763,25,1.1283791670955126,4102.0,3105.0,45.00001609038752,0.0,0.0,0.0
10764,250,3.5682482323055424,1376.1,3108.6,-2.9785666223824196,5.127372753294169,2.791065862493498,8.207106781186548
10765,25,1.1283791670955126,1379.0,3106.0,45.00001609038752,0.0,0.0,0.0
10766,225,3.385137501286538,4089.777777777778,3108.1111111111113,48.1129317356671,6.8659490390773215,1.8511199386752621,9.621320343559642
10767,25,1.1283791670955126,4101.0,3106.0,45.00001609038752,0.0,0.0,0.0
10768,50,1.5957691216057308,4778.0,3106.5,0.0,2.0,0.0,0.0
10769,25,1.1283791670955126,4093.0,3108.0,45.00001609038752,0.0,0.0,0.0
10770,25,1.1283791670955126,4779.0,3110.0,45.00001609038752,0.0,0.0,0.0
10771,50,1.5957691216057308,6935.0,3110.5,0.0,2.0,0.0,0.0
10772,100,2.256758334191025,1380.0,3111.5,58.28254642828171,3.23606797749979,1.2360679774997898,4.414213562373095
10773,200,3.1915382432114616,1373.75,3113.0,-75.96378369399086,4.898979485566356,2.6457513110645907,7.207106781186548
10774,25,1.1283791670955126,1378.0,3112.0,45.00001609038752,0.0,0.0,0.0
10775,75,1.9544100476116797,1383.0,3113.0,90.00003218077504,3.265986323710904,0.0,1.0
10776,50,1.5957691216057308,1388.5,3114.0,90.00003218077504,2.0,0.0,0.0
10777,25,1.1283791670955126,1371.0,3115.0,45.00001609038752,0.0,0.0,0.0
10778,50,1.5957691216057308,1391.5,3115.0,90.00003218077504,2.0,0.0,0.0
10779,7425,19.44613444328572,1409.7609427609427,3148.6094276094277,14.961771118558206,68.32333402364236,9.392376539005275,133.49747468305833
10780,25,1.1283791670955126,1370.0,3116.0,45.00001609038752,0.0,0.0,0.0
10781,50,1.5957691216057308,1402.0,3118.5,0.0,2.0,0.0,0.0
10782,25,1.1283791670955126,1364.0,3120.0,45.00001609038752,0.0,0.0,0.0
10783,25,1.1283791670955126,1363.0,3121.0,45.00001609038752,0.0,0.0,0.0
10784,25,1.1283791670955126,1361.0,3123.0,45.00001609038752,0.0,0.0,0.0
10785,25,1.1283791670955126,1360.0,3124.0,45.00001609038752,0.0,0.0,0.0
10786,25,1.1283791670955126,1359.0,3125.0,45.00001609038752,0.0,0.0,0.0
10787,15100,27.73151068766428,2465.657284768212,3144.1043046357618,10.292757724790576,40.49585737780315,20.49177881357201,110.18376618407356
10788,25,1.1283791670955126,1358.0,3126.0,45.00001609038752,0.0,0.0,0.0
10789,8125,20.342144725641095,1882.9630769230769,3142.929230769231,25.650752303458745,30.28565879195367,15.356081325244963,90.04772721475248
10790,25,1.1283791670955126,1356.0,3129.0,45.00001609038752,0.0,0.0,0.0
10791,25,1.1283791670955126,1355.0,3130.0,45.00001609038752,0.0,0.0,0.0
10792,25,1.1283791670955126,9165.0,3130.0,45.00001609038752,0.0,0.0,0.0
10793,25,1.1283791670955126,1354.0,3132.0,45.00001609038752,0.0,0.0,0.0
10794,75,1.9544100476116797,1352.6666666666667,3133.6666666666665,45.00001609038752,2.3094010767585034,1.3333333333333333,3.414213562373095
10795,451450,151.6316579703182,1281.6607597740613,3222.3195813489865,-84.94071081210542,200.38539321338143,130.01918671090752,633.0498192558056
10796,50,1.5957691216057308,2312.5,3135.0,90.00003218077504,2.0,0.0,0.0
10797,25,1.1283791670955126,2311.0,3136.0,45.00001609038752,0.0,0.0,0.0
10798,25,1.1283791670955126,2314.0,3136.0,45.00001609038752,0.0,0.0,0.0
10799,25,1.1283791670955126,1352.0,3137.0,45.00001609038752,0.0,0.0,0.0
10800,25,1.1283791670955126,2309.0,3137.0,45.00001609038752,0.0,0.0,0.0
10801,25,1.1283791670955126,2316.0,3137.0,45.00001609038752,0.0,0.0,0.0
10802,25,1.1283791670955126,2308.0,3138.0,45.00001609038752,0.0,0.0,0.0
10803,25,1.1283791670955126,2317.0,3138.0,45.00001609038752,0.0,0.0,0.0
10804,25,1.1283791670955126,4729.0,3138.0,45.00001609038752,0.0,0.0,0.0
10805,100,2.256758334191025,7378.0,3138.75,90.00003218077504,2.8284271247461903,1.7320508075688772,4.621320343559642
10806,25,1.1283791670955126,1351.0,3139.0,45.00001609038752,0.0,0.0,0.0
10807,100,2.256758334191025,2318.75,3139.75,18.43495541459913,3.4641016151377544,1.4142135623730951,3.2071067811865475
10808,25,1.1283791670955126,2307.0,3140.0,45.00001609038752,0.0,0.0,0.0
10809,75,1.9544100476116797,7386.0,3140.0,90.00003218077504,3.265986323710904,0.0,1.0
10810,5369850,522.9571825415964,4530.751613173552,3497.9933750477203,-27.033574422171156,717.3092607527162,424.5241054023577,2277.666268434231
10811,25,1.1283791670955126,7391.0,3141.0,45.00001609038752,0.0,0.0,0.0
10812,100,2.256758334191025,2320.0,3143.5,0.0,4.47213595499958,0.0,2.0
10813,50,1.5957691216057308,7393.5,3142.0,90.00003218077504,2.0,0.0,0.0
10814,1500,8.740387444736633,7404.7,3146.9666666666667,55.55814020956099,18.413252779153748,4.819510104413345,34.83452377915607
10815,325,4.068428945128219,2311.5384615384614,3144.846153846154,-76.22362146646707,4.3616645597524775,3.7565911332956423,10.82842712474619
10816,25,1.1283791670955126,7370.0,3143.0,45.00001609038752,0.0,0.0,0.0
10817,25,1.1283791670955126,7369.0,3144.0,45.00001609038752,0.0,0.0,0.0
10818,200,3.1915382432114616,7366.25,3145.875,-54.64504264869654,4.507893913753563,2.104493398028036,8.242640687119284
10819,775,6.282549314314218,9950.032258064517,3149.935483870968,41.182189544841464,16.750918248141264,5.33711359711994,29.035533905932738
10820,5400,16.583719174624104,1883.0833333333333,3180.8888888888887,2.3679545667297344,74.22329967985418,15.403240221651915,148.49747468305833
10821,50,1.5957691216057308,1387.5,3148.0,90.00003218077504,2.0,0.0,0.0
10822,75,1.9544100476116797,2320.0,3149.0,0.0,3.265986323710904,0.0,1.0
10823,450,4.787307364817192,7054.055555555556,3152.0,-50.93861765575696,6.437761106223503,5.359857409051922,16.86396103067893
10824,25,1.1283791670955126,7364.0,3149.0,45.00001609038752,0.0,0.0,0.0
10825,25,1.1283791670955126,1860.0,3150.0,45.00001609038752,0.0,0.0,0.0
10826,125,2.5231325220201604,1868.0,3150.0,90.00003218077504,5.656854249492381,0.0,3.0
10827,25,1.1283791670955126,7030.0,3150.0,45.00001609038752,0.0,0.0,0.0
10828,25,1.1283791670955126,7363.0,3150.0,45.00001609038752,0.0,0.0,0.0
10829,175,2.985410660720923,1396.5714285714287,3152.714285714286,-8.34962510252249,4.155374705678736,1.9054711331003737,7.207106781186548
10830,25,1.1283791670955126,1857.0,3151.0,45.00001609038752,0.0,0.0,0.0
10831,25,1.1283791670955126,2307.0,3151.0,45.00001609038752,0.0,0.0,0.0
10832,25,1.1283791670955126,2319.0,3151.0,45.00001609038752,0.0,0.0,0.0
10833,25,1.1283791670955126,1855.0,3152.0,45.00001609038752,0.0,0.0,0.0
10834,25,1.1283791670955126,2318.0,3152.0,45.00001609038752,0.0,0.0,0.0
10835,25,1.1283791670955126,7362.0,3152.0,45.00001609038752,0.0,0.0,0.0
10836,275,3.742410318509555,7414.181818181818,3154.818181818182,39.630565620012405,8.982402946462381,1.6193277714381686,10.207106781186548
10837,25,1.1283791670955126,1853.0,3153.0,45.00001609038752,0.0,0.0,0.0
10838,50,1.5957691216057308,2308.0,3153.5,0.0,2.0,0.0,0.0
10839,25,1.1283791670955126,2478.0,3153.0,45.00001609038752,0.0,0.0,0.0
10840,25,1.1283791670955126,6999.0,3153.0,45.00001609038752,0.0,0.0,0.0
10841,50,1.5957691216057308,7020.5,3153.0,90.00003218077504,2.0,0.0,0.0
10842,1225,7.898654169668588,7032.34693877551,3157.5510204081634,-79.61051287279034,17.214493243247063,8.430982383104316,39.89949493661167
10843,175,2.985410660720923,2479.1428571428573,3156.285714285714,-3.9415710677289364,6.679120530303047,1.325404044229481,6.414213562373096
10844,50,1.5957691216057308,7058.5,3154.0,90.00003218077504,2.0,0.0,0.0
10845,25,1.1283791670955126,7410.0,3154.0,45.00001609038752,0.0,0.0,0.0
10846,25,1.1283791670955126,7417.0,3154.0,45.00001609038752,0.0,0.0,0.0
10847,25,1.1283791670955126,9946.0,3154.0,45.00001609038752,0.0,0.0,0.0
10848,25,1.1283791670955126,1850.0,3155.0,45.00001609038752,0.0,0.0,0.0
10849,25,1.1283791670955126,7411.0,3155.0,45.00001609038752,0.0,0.0,0.0
10850,225,3.385137501286538,7419.444444444444,3156.5555555555557,31.051375587381468,4.713432721951591,2.6491734327655068,9.242640687119286
10851,25,1.1283791670955126,1849.0,3156.0,45.00001609038752,0.0,0.0,0.0
10852,25,1.1283791670955126,7412.0,3156.0,45.00001609038752,0.0,0.0,0.0
10853,25,1.1283791670955126,9947.0,3156.0,45.00001609038752,0.0,0.0,0.0
10854,25,1.1283791670955126,1848.0,3157.0,45.00001609038752,0.0,0.0,0.0
10855,25,1.1283791670955126,7360.0,3157.0,45.00001609038752,0.0,0.0,0.0
10856,25,1.1283791670955126,7413.0,3157.0,45.00001609038752,0.0,0.0,0.0
10857,25,1.1283791670955126,1847.0,3158.0,45.00001609038752,0.0,0.0,0.0
10858,25,1.1283791670955126,4782.0,3158.0,45.00001609038752,0.0,0.0,0.0
10859,300,3.9088200952233594,9956.5,3162.0,24.27239190673193,10.426128403790857,1.400897274725086,10.0
10860,25,1.1283791670955126,1846.0,3159.0,45.00001609038752,0.0,0.0,0.0
10861,25,1.1283791670955126,6994.0,3159.0,45.00001609038752,0.0,0.0,0.0
10862,1425,8.51907589177983,7024.228070175439,3166.7017543859647,-24.205361110692287,13.513658358508241,9.73162483445027,46.798989873223334
10863,250,3.5682482323055424,7358.0,3161.7,-7.945763432564659,7.228643295544759,2.3466393216205614,9.207106781186548
10864,75,1.9544100476116797,7417.333333333333,3159.6666666666665,-45.00001609038752,2.3094010767585034,1.3333333333333333,3.414213562373095
10865,25,1.1283791670955126,9948.0,3159.0,45.00001609038752,0.0,0.0,0.0
10866,25,1.1283791670955126,1845.0,3160.0,45.00001609038752,0.0,0.0,0.0
10867,50,1.5957691216057308,7421.0,3160.5,0.0,2.0,0.0,0.0
10868,100,2.256758334191025,7460.25,3160.75,-18.43495541459913,3.4641016151377544,1.4142135623730951,3.2071067811865475
10869,25,1.1283791670955126,1844.0,3161.0,45.00001609038752,0.0,0.0,0.0
10870,25,1.1283791670955126,9949.0,3161.0,45.00001609038752,0.0,0.0,0.0
10871,2300,10.823032759612019,7424.336956521739,3172.0760869565215,25.367742659109606,26.26218975147715,7.45107787371014,56.45584412271571
10872,25,1.1283791670955126,1392.0,3163.0,45.00001609038752,0.0,0.0,0.0
10873,25,1.1283791670955126,9950.0,3163.0,45.00001609038752,0.0,0.0,0.0
10874,200,3.1915382432114616,1395.125,3164.875,-45.00001609038752,3.4641016151377544,2.7386127875258306,7.414213562373095
10875,25,1.1283791670955126,1842.0,3164.0,45.00001609038752,0.0,0.0,0.0
10876,25,1.1283791670955126,11464.0,3164.0,45.00001609038752,0.0,0.0,0.0
10877,25,1.1283791670955126,1841.0,3165.0,45.00001609038752,0.0,0.0,0.0
10878,150,2.763953195770684,2478.8333333333335,3166.1666666666665,45.00001609038752,3.126943839882286,2.309401076758503,6.242640687119286
10879,25,1.1283791670955126,9951.0,3165.0,45.00001609038752,0.0,0.0,0.0
10880,25,1.1283791670955126,11458.0,3165.0,45.00001609038752,0.0,0.0,0.0
10881,1425,8.51907589177983,11473.649122807017,3173.035087719298,10.510802802633691,25.40327310211003,5.401426527147752,43.89949493661167
10882,25,1.1283791670955126,1840.0,3167.0,45.00001609038752,0.0,0.0,0.0
10883,25,1.1283791670955126,6974.0,3167.0,45.00001609038752,0.0,0.0,0.0
10884,25,1.1283791670955126,7357.0,3167.0,45.00001609038752,0.0,0.0,0.0
10885,325,4.068428945128219,9960.615384615385,3171.3846153846152,18.81574140654891,11.774061561506379,1.3669366356844481,12.207106781186548
10886,202300,101.50396246451139,2508.3387296094907,3252.2223183391,9.15875379180165,157.05933709556427,66.54375394120409,409.1198410471445
10887,50,1.5957691216057308,7029.5,3168.0,90.00003218077504,2.0,0.0,0.0
10888,100,2.256758334191025,11453.75,3169.0,0.0,2.8284271247461903,1.7320508075688772,4.621320343559642
10889,50,1.5957691216057308,1399.0,3169.5,0.0,2.0,0.0,0.0
10890,25,1.1283791670955126,1839.0,3169.0,45.00001609038752,0.0,0.0,0.0
10891,25,1.1283791670955126,6973.0,3169.0,45.00001609038752,0.0,0.0,0.0
10892,100,2.256758334191025,6976.25,3170.0,0.0,2.8284271247461903,1.7320508075688772,4.621320343559642
10893,100,2.256758334191025,11411.5,3169.0,90.00003218077504,4.47213595499958,0.0,2.0
10894,200,3.1915382432114616,1389.25,3170.75,82.98190793738294,3.8888437389046198,2.6223833385648136,7.82842712474619
10895,150,2.763953195770684,4786.833333333333,3170.6666666666665,75.34502340521284,5.545131758410893,1.3022896092295921,5.207106781186548
10896,25,1.1283791670955126,11406.0,3170.0,45.00001609038752,0.0,0.0,0.0
10897,25,1.1283791670955126,11415.0,3170.0,45.00001609038752,0.0,0.0,0.0
10898,25,1.1283791670955126,4784.0,3171.0,45.00001609038752,0.0,0.0,0.0
10899,50,1.5957691216057308,4799.5,3171.0,90.00003218077504,2.0,0.0,0.0
10900,2425,11.11324596323283,6973.773195876289,3177.185567010309,-88.92924043934676,15.311314821115934,10.562721151960949,48.248737341529164
10901,25,1.1283791670955126,7023.0,3171.0,45.00001609038752,0.0,0.0,0.0
10902,25,1.1283791670955126,7421.0,3171.0,45.00001609038752,0.0,0.0,0.0
10903,25,1.1283791670955126,11405.0,3171.0,45.00001609038752,0.0,0.0,0.0
10904,725,6.076507779746499,11418.724137931034,3179.9310344827586,6.759879187800558,22.781925383694663,2.6717884825039566,28.414213562373092
10905,50,1.5957691216057308,4792.5,3172.0,90.00003218077504,2.0,0.0,0.0
10906,25,1.1283791670955126,7024.0,3172.0,45.00001609038752,0.0,0.0,0.0
10907,50,1.5957691216057308,7424.0,3172.5,0.0,2.0,0.0,0.0
10908,25,1.1283791670955126,11404.0,3172.0,45.00001609038752,0.0,0.0,0.0
10909,25,1.1283791670955126,11454.0,3172.0,45.00001609038752,0.0,0.0,0.0
10910,25,1.1283791670955126,4781.0,3173.0,45.00001609038752,0.0,0.0,0.0
10911,25,1.1283791670955126,4797.0,3173.0,45.00001609038752,0.0,0.0,0.0
10912,25,1.1283791670955126,6964.0,3173.0,45.00001609038752,0.0,0.0,0.0
10913,25,1.1283791670955126,9954.0,3173.0,45.00001609038752,0.0,0.0,0.0
10914,50,1.5957691216057308,11403.0,3173.5,0.0,2.0,0.0,0.0
10915,25,1.1283791670955126,4800.0,3174.0,45.00001609038752,0.0,0.0,0.0
10916,175,2.985410660720923,11463.857142857143,3175.4285714285716,-10.900708640877316,3.6486656040768595,2.5058084612197162,7.242640687119286
10917,200,3.1915382432114616,1415.75,3177.625,18.678317642954916,6.631420911978987,1.6656100048233915,7.414213562373096
10918,25,1.1283791670955126,4778.0,3175.0,45.00001609038752,0.0,0.0,0.0
10919,25,1.1283791670955126,4802.0,3175.0,45.00001609038752,0.0,0.0,0.0
10920,50,1.5957691216057308,9955.0,3175.5,0.0,2.0,0.0,0.0
10921,25,1.1283791670955126,11404.0,3175.0,45.00001609038752,0.0,0.0,0.0
10922,150,2.763953195770684,1395.1666666666667,3177.1666666666665,45.000016090387525,3.1269438398822857,2.309401076758503,6.242640687119286
10923,75,1.9544100476116797,1418.3333333333333,3176.6666666666665,-45.00001609038752,2.3094010767585034,1.3333333333333333,3.414213562373095
10924,25,1.1283791670955126,4777.0,3176.0,45.00001609038752,0.0,0.0,0.0
10925,50,1.5957691216057308,4803.5,3176.0,90.00003218077504,2.0,0.0,0.0
10926,25,1.1283791670955126,7423.0,3176.0,45.00001609038752,0.0,0.0,0.0
10927,25,1.1283791670955126,4805.0,3177.0,45.00001609038752,0.0,0.0,0.0
10928,25,1.1283791670955126,7027.0,3177.0,45.00001609038752,0.0,0.0,0.0
10929,25,1.1283791670955126,9956.0,3177.0,45.00001609038752,0.0,0.0,0.0
10930,50,1.5957691216057308,9963.0,3177.5,0.0,2.0,0.0,0.0
10931,25,1.1283791670955126,1413.0,3178.0,45.00001609038752,0.0,0.0,0.0
10932,25,1.1283791670955126,4776.0,3178.0,45.00001609038752,0.0,0.0,0.0
10933,25,1.1283791670955126,4806.0,3178.0,45.00001609038752,0.0,0.0,0.0
10934,3575,13.493452297211721,4818.0,3190.7412587412587,27.350554266329013,35.77586388218238,6.624465542750656,77.66904755831214
10935,25,1.1283791670955126,4775.0,3179.0,45.00001609038752,0.0,0.0,0.0
10936,25,1.1283791670955126,4807.0,3179.0,45.00001609038752,0.0,0.0,0.0
10937,25,1.1283791670955126,7431.0,3179.0,45.00001609038752,0.0,0.0,0.0
10938,25,1.1283791670955126,9957.0,3179.0,45.00001609038752,0.0,0.0,0.0
10939,150,2.763953195770684,9964.5,3181.0,17.608802780371004,5.404236119112784,1.208676398190789,4.0
10940,25,1.1283791670955126,11454.0,3179.0,45.00001609038752,0.0,0.0,0.0
10941,75,1.9544100476116797,11445.666666666666,3180.3333333333335,-45.00001609038752,2.3094010767585034,1.3333333333333333,3.414213562373095
10942,4975,15.91774699517169,1416.0753768844222,3200.6532663316584,-3.732335161606949,47.796163058343,6.660823798420216,98.2842712474619
10943,25,1.1283791670955126,4774.0,3181.0,45.00001609038752,0.0,0.0,0.0
10944,50,1.5957691216057308,7430.0,3181.5,0.0,2.0,0.0,0.0
10945,25,1.1283791670955126,9958.0,3181.0,45.00001609038752,0.0,0.0,0.0
10946,50,1.5957691216057308,11454.0,3181.5,0.0,2.0,0.0,0.0
10947,600,5.527906391541368,1863.3333333333333,3187.4583333333335,-15.044518554686093,7.478880041590011,4.114299993269536,17.31370849898476
10948,75,1.9544100476116797,4819.0,3185.0,0.0,3.265986323710904,0.0,1.0
10949,25,1.1283791670955126,6979.0,3184.0,45.00001609038752,0.0,0.0,0.0
10950,50,1.5957691216057308,7428.5,3184.0,90.00003218077504,2.0,0.0,0.0
10951,1400,8.444016491289505,7432.571428571428,3190.1785714285716,15.387739696259485,10.36374813831129,8.246265081293188,32.59188309203678
10952,50,1.5957691216057308,9966.0,3184.5,0.0,2.0,0.0,0.0
10953,50,1.5957691216057308,11455.0,3184.5,0.0,2.0,0.0,0.0
10954,25,1.1283791670955126,6978.0,3185.0,45.00001609038752,0.0,0.0,0.0
10955,25,1.1283791670955126,7427.0,3185.0,45.00001609038752,0.0,0.0,0.0
10956,150,2.763953195770684,11412.5,3186.0,0.0,3.265986323710904,2.0,6.0
10957,25,1.1283791670955126,2524.0,3186.0,45.00001609038752,0.0,0.0,0.0
10958,25,1.1283791670955126,1836.0,3187.0,45.00001609038752,0.0,0.0,0.0
10959,50,1.5957691216057308,7428.0,3187.5,0.0,2.0,0.0,0.0
10960,25,1.1283791670955126,9961.0,3187.0,45.00001609038752,0.0,0.0,0.0
10961,50,1.5957691216057308,9967.0,3187.5,0.0,2.0,0.0,0.0
10962,25,1.1283791670955126,11456.0,3187.0,45.00001609038752,0.0,0.0,0.0
10963,25,1.1283791670955126,11405.0,3188.0,45.00001609038752,0.0,0.0,0.0
10964,50,1.5957691216057308,11473.0,3188.5,0.0,2.0,0.0,0.0
10965,25,1.1283791670955126,9962.0,3189.0,45.00001609038752,0.0,0.0,0.0
10966,200,3.1915382432114616,9967.875,3191.125,-30.963767603603337,4.47213595499958,3.391164991562634,6.0
10967,25,1.1283791670955126,11457.0,3189.0,45.00001609038752,0.0,0.0,0.0
10968,25,1.1283791670955126,11406.0,3190.0,45.00001609038752,0.0,0.0,0.0
10969,50,1.5957691216057308,11458.0,3190.5,0.0,2.0,0.0,0.0
10970,25,1.1283791670955126,11472.0,3190.0,45.00001609038752,0.0,0.0,0.0
10971,75,1.9544100476116797,9963.333333333334,3191.6666666666665,-45.00001609038752,2.3094010767585034,1.3333333333333333,3.414213562373095
10972,25,1.1283791670955126,11471.0,3191.0,45.00001609038752,0.0,0.0,0.0
10973,25,1.1283791670955126,11407.0,3192.0,45.00001609038752,0.0,0.0,0.0
10974,75,1.9544100476116797,11417.666666666666,3192.6666666666665,45.00001609038752,2.3094010767585034,1.3333333333333333,3.414213562373095
10975,25,1.1283791670955126,11461.0,3192.0,45.00001609038752,0.0,0.0,0.0
10976,25,1.1283791670955126,11469.0,3192.0,45.00001609038752,0.0,0.0,0.0
10977,25,1.1283791670955126,1835.0,3193.0,45.00001609038752,0.0,0.0,0.0
10978,5166000,512.9349076871978,1681.0967431281456,3472.322401277584,-7.273744583234823,631.814346568815,448.76105151686835,5385.029975657771
10979,50,1.5957691216057308,1834.0,3194.5,0.0,2.0,0.0,0.0
10980,25,1.1283791670955126,11408.0,3194.0,45.00001609038752,0.0,0.0,0.0
10981,150,2.763953195770684,1394.0,3195.5,90.00003218077504,3.265986323710904,2.0,6.0
10982,400,4.51351666838205,7435.1875,3197.6875,-8.373954523424986,6.327362066422432,3.4408558935820683,12.449747468305832
10983,25,1.1283791670955126,11410.0,3195.0,45.00001609038752,0.0,0.0,0.0
10984,25,1.1283791670955126,11414.0,3195.0,45.00001609038752,0.0,0.0,0.0
10985,25,1.1283791670955126,1835.0,3196.0,45.00001609038752,0.0,0.0,0.0
10986,25,1.1283791670955126,4768.0,3196.0,45.00001609038752,0.0,0.0,0.0
10987,350,4.222008245644752,1392.2857142857142,3201.5,8.22474806007668,7.434841413253332,2.616406340644557,10.828427124746192
10988,25,1.1283791670955126,4767.0,3198.0,45.00001609038752,0.0,0.0,0.0
10989,25,1.1283791670955126,7358.0,3198.0,45.00001609038752,0.0,0.0,0.0
10990,50,1.5957691216057308,1389.0,3200.5,0.0,2.0,0.0,0.0
10991,200,3.1915382432114616,1397.5,3201.0,90.00003218077504,3.4641016151377544,2.8284271247461903,7.65685424949238
10992,25,1.1283791670955126,1836.0,3200.0,45.00001609038752,0.0,0.0,0.0
10993,150,2.763953195770684,6531.333333333333,3202.1666666666665,14.655008775562198,5.545131758410893,1.3022896092295921,5.207106781186548
10994,25,1.1283791670955126,7359.0,3201.0,45.00001609038752,0.0,0.0,0.0
10995,8200,20.435815879801165,7448.9390243902435,3234.9664634146343,18.20910089725558,66.67293224266555,8.267402227871104,162.19595949289334
10996,25,1.1283791670955126,1837.0,3202.0,45.00001609038752,0.0,0.0,0.0
10997,25,1.1283791670955126,4535.0,3202.0,45.00001609038752,0.0,0.0,0.0
10998,50,1.5957691216057308,10358.5,3202.0,90.00003218077504,2.0,0.0,0.0
10999,125,2.5231325220201604,11967.4,3203.6,20.993613754469656,4.34169545110285,1.27658944452507,4.207106781186548
11000,50,1.5957691216057308,4826.0,3204.5,0.0,2.0,0.0,0.0
11001,25,1.1283791670955126,7434.0,3204.0,45.00001609038752,0.0,0.0,0.0
11002,75,1.9544100476116797,7435.666666666667,3204.6666666666665,45.00001609038752,2.3094010767585034,1.3333333333333333,3.414213562373095
11003,25,1.1283791670955126,1839.0,3206.0,45.00001609038752,0.0,0.0,0.0
11004,3085825,396.4338238915738,2024.4027691136082,3454.0630949583983,-23.402182585199093,613.3244114331343,318.74472289810575,3943.7476169826123
11005,75,1.9544100476116797,4827.0,3207.0,0.0,3.265986323710904,0.0,1.0
11006,75,1.9544100476116797,7437.0,3207.0,0.0,3.265986323710904,0.0,1.0
11007,50,1.5957691216057308,1837.0,3208.5,0.0,2.0,0.0,0.0
11008,100,2.256758334191025,4825.0,3209.5,0.0,4.47213595499958,0.0,2.0
11009,300,3.9088200952233594,1382.1666666666667,3210.9166666666665,-17.46547489558105,4.545107246099018,3.481347138570926,10.65685424949238
11010,50,1.5957691216057308,4828.0,3209.5,0.0,2.0,0.0,0.0
11011,75,1.9544100476116797,7438.0,3210.0,0.0,3.265986323710904,0.0,1.0
11012,100,2.256758334191025,1386.5,3210.5,45.00001609038752,2.0,2.0,4.0
11013,50,1.5957691216057308,1838.0,3210.5,0.0,2.0,0.0,0.0
11014,50,1.5957691216057308,1839.0,3212.5,0.0,2.0,0.0,0.0
11015,225,3.385137501286538,4828.333333333333,3213.5555555555557,23.25372619408375,5.3473652489567804,2.712250390026704,6.414213562373095
11016,50,1.5957691216057308,7439.0,3212.5,0.0,2.0,0.0,0.0
11017,125,2.5231325220201604,10369.2,3212.4,71.5650767661759,3.098386676965933,1.7888543819998317,5.207106781186548
11018,50,1.5957691216057308,4824.0,3213.5,0.0,2.0,0.0,0.0
11019,25,1.1283791670955126,7363.0,3213.0,45.00001609038752,0.0,0.0,0.0
11020,75,1.9544100476116797,10366.333333333334,3213.3333333333335,45.00001609038752,2.3094010767585034,1.3333333333333333,3.414213562373095
11021,25,1.1283791670955126,1355.0,3214.0,45.00001609038752,0.0,0.0,0.0
11022,25,1.1283791670955126,1840.0,3214.0,45.00001609038752,0.0,0.0,0.0
11023,25,1.1283791670955126,1843.0,3214.0,45.00001609038752,0.0,0.0,0.0
11024,25,1.1283791670955126,7437.0,3214.0,45.00001609038752,0.0,0.0,0.0
11025,75,1.9544100476116797,4826.0,3216.0,0.0,3.265986323710904,0.0,1.0
11026,25,1.1283791670955126,7438.0,3215.0,45.00001609038752,0.0,0.0,0.0
11027,25,1.1283791670955126,10368.0,3215.0,45.00001609038752,0.0,0.0,0.0
11028,25,1.1283791670955126,1841.0,3216.0,45.00001609038752,0.0,0.0,0.0
11029,25,1.1283791670955126,1844.0,3216.0,45.00001609038752,0.0,0.0,0.0
11030,225,3.385137501286538,10350.444444444445,3218.222222222222,4.731162795706488,5.274258481434536,1.946056459258261,9.207106781186548
11031,25,1.1283791670955126,10367.0,3216.0,45.00001609038752,0.0,0.0,0.0
11032,25,1.1283791670955126,1356.0,3217.0,45.00001609038752,0.0,0.0,0.0
11033,25,1.1283791670955126,1842.0,3217.0,45.00001609038752,0.0,0.0,0.0
11034,25,1.1283791670955126,1845.0,3217.0,45.00001609038752,0.0,0.0,0.0
11035,25,1.1283791670955126,1874.0,3217.0,45.00001609038752,0.0,0.0,0.0
11036,25,1.1283791670955126,4760.0,3217.0,45.00001609038752,0.0,0.0,0.0
11037,50,1.5957691216057308,1156.0,3218.5,0.0,2.0,0.0,0.0
11038,25,1.1283791670955126,1846.0,3218.0,45.00001609038752,0.0,0.0,0.0
11039,25,1.1283791670955126,1873.0,3218.0,45.00001609038752,0.0,0.0,0.0
11040,25,1.1283791670955126,4824.0,3218.0,45.00001609038752,0.0,0.0,0.0
11041,175,2.985410660720923,4827.571428571428,3219.714285714286,-8.34962510252249,4.155374705678736,1.9054711331003737,7.207106781186548
11042,25,1.1283791670955126,908.0,3219.0,45.00001609038752,0.0,0.0,0.0
11043,25,1.1283791670955126,1843.0,3219.0,45.00001609038752,0.0,0.0,0.0
11044,25,1.1283791670955126,4759.0,3219.0,45.00001609038752,0.0,0.0,0.0
11045,1625,9.09728368293446,919.0923076923077,3223.9846153846156,88.24439991192214,37.63069870392402,4.080678273624883,57.27817459305203
11046,125,2.5231325220201604,937.2,3220.6,-71.5650767661759,3.098386676965933,1.7888543819998317,5.207106781186548
11047,25,1.1283791670955126,1157.0,3220.0,45.00001609038752,0.0,0.0,0.0
11048,25,1.1283791670955126,1844.0,3220.0,45.00001609038752,0.0,0.0,0.0
11049,25,1.1283791670955126,1847.0,3220.0,45.00001609038752,0.0,0.0,0.0
11050,75,1.9544100476116797,10365.333333333334,3220.3333333333335,45.00001609038752,2.3094010767585034,1.3333333333333333,3.414213562373095
11051,25,1.1283791670955126,1848.0,3221.0,45.00001609038752,0.0,0.0,0.0
11052,25,1.1283791670955126,4758.0,3221.0,45.00001609038752,0.0,0.0,0.0
11053,25,1.1283791670955126,921.0,3222.0,45.00001609038752,0.0,0.0,0.0
11054,25,1.1283791670955126,1849.0,3222.0,45.00001609038752,0.0,0.0,0.0
11055,25,1.1283791670955126,1869.0,3222.0,45.00001609038752,0.0,0.0,0.0
11056,1275,8.058239062071396,4827.666666666667,3227.078431372549,11.221223060308501,10.314413149287573,7.839781254659179,31.727922061357855
11057,25,1.1283791670955126,7440.0,3222.0,45.00001609038752,0.0,0.0,0.0
11058,225,3.385137501286538,938.5555555555555,3224.1111111111113,-63.43497150498664,4.618802153517006,2.3517789431685254,7.621320343559642
11059,25,1.1283791670955126,1358.0,3223.0,45.00001609038752,0.0,0.0,0.0
11060,450,4.787307364817192,1409.3333333333333,3227.3888888888887,-21.697928373976474,9.556638567800608,3.2017036399401793,13.828427124746192
11061,25,1.1283791670955126,1850.0,3223.0,45.00001609038752,0.0,0.0,0.0
11062,25,1.1283791670955126,1868.0,3223.0,45.00001609038752,0.0,0.0,0.0
11063,25,1.1283791670955126,7441.0,3223.0,45.00001609038752,0.0,0.0,0.0
11064,25,1.1283791670955126,1852.0,3224.0,45.00001609038752,0.0,0.0,0.0
11065,50,1.5957691216057308,7443.0,3224.5,0.0,2.0,0.0,0.0
11066,25,1.1283791670955126,1864.0,3225.0,45.00001609038752,0.0,0.0,0.0
11067,25,1.1283791670955126,4756.0,3225.0,45.00001609038752,0.0,0.0,0.0
11068,25,1.1283791670955126,7367.0,3225.0,45.00001609038752,0.0,0.0,0.0
11069,100,2.256758334191025,1856.5,3226.0,90.00003218077504,4.47213595499958,0.0,2.0
11070,25,1.1283791670955126,1860.0,3226.0,45.00001609038752,0.0,0.0,0.0
11071,25,1.1283791670955126,4749.0,3226.0,45.00001609038752,0.0,0.0,0.0
11072,525,5.170882945826411,4753.476190476191,3230.5238095238096,-25.864900228913168,10.868874665164538,3.8473112527785203,19.242640687119284
11073,25,1.1283791670955126,922.0,3227.0,45.00001609038752,0.0,0.0,0.0
11074,25,1.1283791670955126,937.0,3227.0,45.00001609038752,0.0,0.0,0.0
11075,25,1.1283791670955126,1859.0,3227.0,45.00001609038752,0.0,0.0,0.0
11076,25,1.1283791670955126,4752.0,3227.0,45.00001609038752,0.0,0.0,0.0
11077,25,1.1283791670955126,4747.0,3228.0,45.00001609038752,0.0,0.0,0.0
11078,50,1.5957691216057308,923.0,3229.5,0.0,2.0,0.0,0.0
11079,75,1.9544100476116797,4747.333333333333,3231.6666666666665,-45.00001609038752,2.3094010767585034,1.3333333333333333,3.414213562373095
11080,100,2.256758334191025,4830.25,3232.25,18.43495541459913,3.4641016151377544,1.4142135623730951,3.2071067811865475
11081,50,1.5957691216057308,4833.0,3231.5,0.0,2.0,0.0,0.0
11082,5193700,514.3082431185023,6791.548549203843,3480.4124323699866,45.885263159427595,597.0105820490908,463.3394142015304,1888.3981951089459
11083,50,1.5957691216057308,11436.0,3231.5,0.0,2.0,0.0,0.0
11084,50,1.5957691216057308,1406.0,3232.5,0.0,2.0,0.0,0.0
11085,25,1.1283791670955126,1409.0,3232.0,45.00001609038752,0.0,0.0,0.0
11086,25,1.1283791670955126,1363.0,3233.0,45.00001609038752,0.0,0.0,0.0
11087,25,1.1283791670955126,1405.0,3234.0,45.00001609038752,0.0,0.0,0.0
11088,175,2.985410660720923,4832.428571428572,3235.8571428571427,-14.678882020035976,5.133805351608395,1.5423153015346878,6.207106781186548
11089,50,1.5957691216057308,6946.0,3234.5,0.0,2.0,0.0,0.0
11090,275,3.742410318509555,7386.454545454545,3235.818181818182,48.971753415833156,4.533315962095487,3.0114583009821128,9.65685424949238
11091,25,1.1283791670955126,1364.0,3235.0,45.00001609038752,0.0,0.0,0.0
11092,150,2.763953195770684,4802.833333333333,3235.6666666666665,57.75695586557756,4.93861174764721,1.6496136266144523,5.207106781186548
11093,300,3.9088200952233594,4828.75,3238.1666666666665,9.138558072229799,8.235949561369504,2.014453700502042,11.414213562373096
11094,25,1.1283791670955126,1365.0,3236.0,45.00001609038752,0.0,0.0,0.0
11095,25,1.1283791670955126,4800.0,3236.0,45.00001609038752,0.0,0.0,0.0
11096,25,1.1283791670955126,1403.0,3237.0,45.00001609038752,0.0,0.0,0.0
11097,25,1.1283791670955126,4799.0,3237.0,45.00001609038752,0.0,0.0,0.0
11098,25,1.1283791670955126,7371.0,3237.0,45.00001609038752,0.0,0.0,0.0
11099,25,1.1283791670955126,1402.0,3238.0,45.00001609038752,0.0,0.0,0.0
11100,25,1.1283791670955126,4798.0,3238.0,45.00001609038752,0.0,0.0,0.0
11101,1350,8.291859587312052,4802.481481481482,3242.4814814814813,55.41046623944553,11.21043302184872,6.505014798272474,27.556349186104043
11102,25,1.1283791670955126,1367.0,3239.0,45.00001609038752,0.0,0.0,0.0
11103,25,1.1283791670955126,4806.0,3239.0,45.00001609038752,0.0,0.0,0.0
11104,25,1.1283791670955126,1401.0,3240.0,45.00001609038752,0.0,0.0,0.0
11105,25,1.1283791670955126,1438.0,3240.0,45.00001609038752,0.0,0.0,0.0
11106,25,1.1283791670955126,4807.0,3240.0,45.00001609038752,0.0,0.0,0.0
11107,5775,17.14987856615383,4829.021645021645,3264.4112554112553,-2.5539565982496004,47.43024332115317,7.031498841340455,103.04163056034263
11108,25,1.1283791670955126,1368.0,3241.0,45.00001609038752,0.0,0.0,0.0
11109,25,1.1283791670955126,1400.0,3241.0,45.00001609038752,0.0,0.0,0.0
11110,225,3.385137501286538,1435.3333333333333,3241.6666666666665,86.8299351743074,5.971098560847527,1.8593259767334247,8.207106781186548
11111,25,1.1283791670955126,4808.0,3241.0,45.00001609038752,0.0,0.0,0.0
11112,25,1.1283791670955126,1369.0,3242.0,45.00001609038752,0.0,0.0,0.0
11113,25,1.1283791670955126,1399.0,3242.0,45.00001609038752,0.0,0.0,0.0
11114,25,1.1283791670955126,4751.0,3242.0,45.00001609038752,0.0,0.0,0.0
11115,125,2.5231325220201604,7392.6,3242.8,18.43495541459913,3.098386676965933,1.7888543819998317,5.207106781186548
11116,50,1.5957691216057308,1371.5,3243.0,90.00003218077504,2.0,0.0,0.0
11117,25,1.1283791670955126,1374.0,3243.0,45.00001609038752,0.0,0.0,0.0
11118,25,1.1283791670955126,1398.0,3243.0,45.00001609038752,0.0,0.0,0.0
11119,75,1.9544100476116797,1396.6666666666667,3244.3333333333335,-45.00001609038752,2.3094010767585034,1.3333333333333333,3.414213562373095
11120,25,1.1283791670955126,4751.0,3244.0,45.00001609038752,0.0,0.0,0.0
11121,100,2.256758334191025,1380.0,3245.5,58.28254642828171,3.23606797749979,1.2360679774997898,4.414213562373095
11122,25,1.1283791670955126,1382.0,3245.0,45.00001609038752,0.0,0.0,0.0
11123,25,1.1283791670955126,1436.0,3245.0,45.00001609038752,0.0,0.0,0.0
11124,100,2.256758334191025,1438.0,3245.5,-58.28254642828171,3.23606797749979,1.2360679774997898,4.414213562373095
11125,10475,23.09734550211416,1383.2386634844868,3262.346062052506,-28.64117738129754,44.84315911501253,13.216431989413518,106.36143571373725
11126,25,1.1283791670955126,4800.0,3247.0,45.00001609038752,0.0,0.0,0.0
11127,25,1.1283791670955126,4752.0,3248.0,45.00001609038752,0.0,0.0,0.0
11128,25,1.1283791670955126,4807.0,3248.0,45.00001609038752,0.0,0.0,0.0
11129,125,2.5231325220201604,4810.2,3249.6,-71.5650767661759,3.098386676965933,1.7888543819998317,5.207106781186548
11130,100,2.256758334191025,4817.5,3249.5,45.00001609038752,2.0,2.0,4.0
11131,25,1.1283791670955126,9964.0,3249.0,45.00001609038752,0.0,0.0,0.0
11132,3589950,427.59168858255407,9887.927143832087,3564.02429699578,-13.441714317655324,575.2551884325975,334.81148332993115,1630.8195513462556
11133,25,1.1283791670955126,11206.0,3251.0,45.00001609038752,0.0,0.0,0.0
11134,25,1.1283791670955126,1399.0,3252.0,45.00001609038752,0.0,0.0,0.0
11135,25,1.1283791670955126,11205.0,3252.0,45.00001609038752,0.0,0.0,0.0
11136,25,1.1283791670955126,6958.0,3253.0,45.00001609038752,0.0,0.0,0.0
11137,732225,193.11114164063187,1410.4484618798867,3393.022636484687,-8.348292810885576,253.24955683721043,158.31832569345835,1185.3361825443203
11138,50,1.5957691216057308,1436.5,3254.0,90.00003218077504,2.0,0.0,0.0
11139,25,1.1283791670955126,4755.0,3254.0,45.00001609038752,0.0,0.0,0.0
11140,50,1.5957691216057308,7455.0,3254.5,0.0,2.0,0.0,0.0
11141,25,1.1283791670955126,1854.0,3255.0,45.00001609038752,0.0,0.0,0.0
11142,25,1.1283791670955126,4756.0,3256.0,45.00001609038752,0.0,0.0,0.0
11143,25,1.1283791670955126,4757.0,3258.0,45.00001609038752,0.0,0.0,0.0
11144,25,1.1283791670955126,7375.0,3258.0,45.00001609038752,0.0,0.0,0.0
11145,25,1.1283791670955126,4759.0,3261.0,45.00001609038752,0.0,0.0,0.0
11146,25,1.1283791670955126,4760.0,3262.0,45.00001609038752,0.0,0.0,0.0
11147,100,2.256758334191025,7458.75,3263.0,0.0,2.8284271247461903,1.7320508075688772,4.621320343559642
11148,25,1.1283791670955126,4761.0,3263.0,45.00001609038752,0.0,0.0,0.0
11149,25,1.1283791670955126,4762.0,3264.0,45.00001609038752,0.0,0.0,0.0
11150,25,1.1283791670955126,4763.0,3265.0,45.00001609038752,0.0,0.0,0.0
11151,25,1.1283791670955126,7460.0,3265.0,45.00001609038752,0.0,0.0,0.0
11152,25,1.1283791670955126,4764.0,3266.0,45.00001609038752,0.0,0.0,0.0
11153,25,1.1283791670955126,4765.0,3267.0,45.00001609038752,0.0,0.0,0.0
11154,25,1.1283791670955126,4766.0,3268.0,45.00001609038752,0.0,0.0,0.0
11155,150,2.763953195770684,7458.166666666667,3269.3333333333335,-26.56506067578838,3.0550504633038935,2.666666666666667,6.414213562373095
11156,25,1.1283791670955126,4767.0,3269.0,45.00001609038752,0.0,0.0,0.0
11157,25,1.1283791670955126,4768.0,3270.0,45.00001609038752,0.0,0.0,0.0
11158,25,1.1283791670955126,4769.0,3271.0,45.00001609038752,0.0,0.0,0.0
11159,550,5.292567428401227,7455.181818181818,3275.9545454545455,-7.726169738831746,10.418035920495534,4.089098422191893,18.82842712474619
11160,50,1.5957691216057308,7460.0,3271.5,0.0,2.0,0.0,0.0
11161,25,1.1283791670955126,4770.0,3272.0,45.00001609038752,0.0,0.0,0.0
11162,25,1.1283791670955126,7463.0,3272.0,45.00001609038752,0.0,0.0,0.0
11163,25,1.1283791670955126,11671.0,3272.0,45.00001609038752,0.0,0.0,0.0
11164,50,1.5957691216057308,11686.5,3272.0,90.00003218077504,2.0,0.0,0.0
11165,75,1.9544100476116797,1841.6666666666667,3273.3333333333335,-45.00001609038752,2.3094010767585034,1.3333333333333333,3.414213562373095
11166,25,1.1283791670955126,4767.0,3273.0,45.00001609038752,0.0,0.0,0.0
11167,25,1.1283791670955126,4771.0,3273.0,45.00001609038752,0.0,0.0,0.0
11168,550,5.292567428401227,4775.0,3276.4545454545455,35.575755355802954,9.361574506608727,3.5111059377315734,19.48528137423857
11169,25,1.1283791670955126,9982.0,3273.0,45.00001609038752,0.0,0.0,0.0
11170,100,2.256758334191025,11700.0,3273.5,-58.28254642828171,3.23606797749979,1.2360679774997898,4.414213562373095
11171,50,1.5957691216057308,7464.0,3274.5,0.0,2.0,0.0,0.0
11172,2550,11.396070970426017,1459.5686274509803,3277.401960784314,88.78065784154218,26.706810362367424,5.467146115726637,53.520815280171306
11173,650,5.753627391751592,4801.923076923077,3277.0,83.93648449520337,7.544065748435957,4.664936033462108,18.071067811865476
11174,232775,108.88128122422651,1315.9604768553324,3326.7243045859736,-0.7805523494339695,119.67228222199115,109.29918580174346,434.3330444827409
11175,50,1.5957691216057308,4832.0,3277.5,0.0,2.0,0.0,0.0
11176,25,1.1283791670955126,1585.0,3280.0,45.00001609038752,0.0,0.0,0.0
11177,25,1.1283791670955126,1587.0,3280.0,45.00001609038752,0.0,0.0,0.0
11178,50,1.5957691216057308,1600.5,3280.0,90.00003218077504,2.0,0.0,0.0
11179,50,1.5957691216057308,1613.5,3280.0,90.00003218077504,2.0,0.0,0.0
11180,25,1.1283791670955126,7458.0,3280.0,45.00001609038752,0.0,0.0,0.0
11181,25,1.1283791670955126,1588.0,3281.0,45.00001609038752,0.0,0.0,0.0
11182,675,5.863230142835039,1609.2222222222222,3283.1111111111113,-39.15532941281817,7.243410775470817,6.3849485698028765,20.485281374238568
11183,125,2.5231325220201604,2291.0,3282.2,-34.0993074495102,3.335641688875783,2.0575457524521585,5.621320343559642
11184,34825,42.11439998166995,4794.658291457286,3320.468054558507,25.681973749244246,68.53493383026374,27.907421114629607,185.19595949289334
11185,25,1.1283791670955126,4779.0,3281.0,45.00001609038752,0.0,0.0,0.0
11186,25,1.1283791670955126,7452.0,3281.0,45.00001609038752,0.0,0.0,0.0
11187,171175,93.36954087282243,7424.0611946838035,3350.107638381773,-17.700557507147256,115.38457316890334,81.44178293426432,395.2975105768082
11188,25,1.1283791670955126,7459.0,3281.0,45.00001609038752,0.0,0.0,0.0
11189,25,1.1283791670955126,4780.0,3282.0,45.00001609038752,0.0,0.0,0.0
11190,25,1.1283791670955126,7460.0,3282.0,45.00001609038752,0.0,0.0,0.0
11191,25,1.1283791670955126,4781.0,3283.0,45.00001609038752,0.0,0.0,0.0
11192,25,1.1283791670955126,7451.0,3283.0,45.00001609038752,0.0,0.0,0.0
11193,25,1.1283791670955126,2293.0,3284.0,45.00001609038752,0.0,0.0,0.0
11194,25,1.1283791670955126,4782.0,3284.0,45.00001609038752,0.0,0.0,0.0
11195,275,3.742410318509555,7451.090909090909,3285.3636363636365,-61.716302136730725,6.14343205203724,2.2585875738197685,9.82842712474619
11196,200,3.1915382432114616,2292.625,3286.375,-45.00001609038752,5.291502622129181,1.8708286933869707,7.414213562373095
11197,25,1.1283791670955126,4783.0,3285.0,45.00001609038752,0.0,0.0,0.0
11198,25,1.1283791670955126,2256.0,3286.0,45.00001609038752,0.0,0.0,0.0
11199,25,1.1283791670955126,4784.0,3286.0,45.00001609038752,0.0,0.0,0.0
11200,25,1.1283791670955126,4824.0,3286.0,45.00001609038752,0.0,0.0,0.0
11201,100,2.256758334191025,4827.0,3287.5,0.0,4.47213595499958,0.0,2.0
11202,75,1.9544100476116797,7454.666666666667,3286.3333333333335,-45.00001609038752,2.3094010767585034,1.3333333333333333,3.414213562373095
11203,25,1.1283791670955126,4785.0,3287.0,45.00001609038752,0.0,0.0,0.0
11204,50,1.5957691216057308,787.0,3288.5,0.0,2.0,0.0,0.0
11205,25,1.1283791670955126,2290.0,3288.0,45.00001609038752,0.0,0.0,0.0
11206,25,1.1283791670955126,4786.0,3288.0,45.00001609038752,0.0,0.0,0.0
11207,175,2.985410660720923,4823.857142857143,3290.1428571428573,-17.768845249487274,5.187403929950301,2.1066037223565237,6.414213562373096
11208,25,1.1283791670955126,7448.0,3288.0,45.00001609038752,0.0,0.0,0.0
11209,25,1.1283791670955126,1610.0,3289.0,45.00001609038752,0.0,0.0,0.0
11210,125,2.5231325220201604,2294.0,3290.0,58.28254642828171,4.093338188813542,1.5635160606788385,5.414213562373095
11211,25,1.1283791670955126,4787.0,3289.0,45.00001609038752,0.0,0.0,0.0
11212,25,1.1283791670955126,7447.0,3289.0,45.00001609038752,0.0,0.0,0.0
11213,25,1.1283791670955126,4788.0,3290.0,45.00001609038752,0.0,0.0,0.0
11214,25,1.1283791670955126,7446.0,3290.0,45.00001609038752,0.0,0.0,0.0
11215,75,1.9544100476116797,7453.333333333333,3290.3333333333335,45.00001609038752,2.3094010767585034,1.3333333333333333,3.414213562373095
11216,25,1.1283791670955126,4789.0,3291.0,45.00001609038752,0.0,0.0,0.0
11217,25,1.1283791670955126,7445.0,3291.0,45.00001609038752,0.0,0.0,0.0
11218,25,1.1283791670955126,4790.0,3292.0,45.00001609038752,0.0,0.0,0.0
11219,6300,17.91246396432554,4824.166666666667,3314.6309523809523,-13.058212915219924,37.10895586868215,15.00212372738159,128.7401153701776
11220,25,1.1283791670955126,4791.0,3293.0,45.00001609038752,0.0,0.0,0.0
11221,250,3.5682482323055424,2291.0,3296.5,9.786566414529315,6.5957506243046575,2.301319991219108,10.242640687119284
11222,25,1.1283791670955126,4792.0,3294.0,45.00001609038752,0.0,0.0,0.0
11223,50,1.5957691216057308,7379.0,3294.5,0.0,2.0,0.0,0.0
11224,25,1.1283791670955126,7443.0,3294.0,45.00001609038752,0.0,0.0,0.0
11225,25,1.1283791670955126,4793.0,3295.0,45.00001609038752,0.0,0.0,0.0
11226,25,1.1283791670955126,4794.0,3296.0,45.00001609038752,0.0,0.0,0.0
11227,850,6.579524642479541,4820.205882352941,3303.5588235294117,-18.445299483476187,15.061397071225255,3.4907678426672,26.65685424949238
11228,25,1.1283791670955126,158.0,3297.0,45.00001609038752,0.0,0.0,0.0
11229,25,1.1283791670955126,4795.0,3297.0,45.00001609038752,0.0,0.0,0.0
11230,25,1.1283791670955126,7380.0,3297.0,45.00001609038752,0.0,0.0,0.0
11231,25,1.1283791670955126,4796.0,3298.0,45.00001609038752,0.0,0.0,0.0
11232,25,1.1283791670955126,4797.0,3299.0,45.00001609038752,0.0,0.0,0.0
11233,25,1.1283791670955126,7438.0,3299.0,45.00001609038752,0.0,0.0,0.0
11234,25,1.1283791670955126,4798.0,3300.0,45.00001609038752,0.0,0.0,0.0
11235,25,1.1283791670955126,4854.0,3300.0,45.00001609038752,0.0,0.0,0.0
11236,25,1.1283791670955126,7437.0,3300.0,45.00001609038752,0.0,0.0,0.0
11237,25,1.1283791670955126,161.0,3301.0,45.00001609038752,0.0,0.0,0.0
11238,175,2.985410660720923,2292.285714285714,3302.0,0.0,3.0237157840738176,2.799416848895061,6.82842712474619
11239,25,1.1283791670955126,4799.0,3301.0,45.00001609038752,0.0,0.0,0.0
11240,25,1.1283791670955126,7436.0,3301.0,45.00001609038752,0.0,0.0,0.0
11241,25,1.1283791670955126,4800.0,3302.0,45.00001609038752,0.0,0.0,0.0
11242,25,1.1283791670955126,4831.0,3302.0,45.00001609038752,0.0,0.0,0.0
11243,25,1.1283791670955126,7383.0,3302.0,45.00001609038752,0.0,0.0,0.0
11244,25,1.1283791670955126,7384.0,3304.0,45.00001609038752,0.0,0.0,0.0
11245,25,1.1283791670955126,7432.0,3304.0,45.00001609038752,0.0,0.0,0.0
11246,125,2.5231325220201604,2289.0,3306.2,34.0993074495102,3.335641688875783,2.0575457524521585,5.621320343559642
11247,25,1.1283791670955126,4802.0,3305.0,45.00001609038752,0.0,0.0,0.0
11248,50,1.5957691216057308,4859.5,3305.0,90.00003218077504,2.0,0.0,0.0
11249,25,1.1283791670955126,4803.0,3306.0,45.00001609038752,0.0,0.0,0.0
11250,25,1.1283791670955126,4804.0,3307.0,45.00001609038752,0.0,0.0,0.0
11251,75,1.9544100476116797,7387.0,3307.0,90.00003218077504,3.265986323710904,0.0,1.0
11252,278900,119.18162761544028,11949.71692362854,3411.36052348512,4.074545165119454,204.81313057892285,73.34430119811567,560.6761902332486
11253,250,3.5682482323055424,2546.9,3310.5,-40.45487600479771,7.737967119252035,1.7787256284695387,10.621320343559644
11254,25,1.1283791670955126,4805.0,3308.0,45.00001609038752,0.0,0.0,0.0
11255,25,1.1283791670955126,4806.0,3309.0,45.00001609038752,0.0,0.0,0.0
11256,25,1.1283791670955126,4807.0,3310.0,45.00001609038752,0.0,0.0,0.0
11257,25,1.1283791670955126,4816.0,3310.0,45.00001609038752,0.0,0.0,0.0
11258,50,1.5957691216057308,7394.5,3310.0,90.00003218077504,2.0,0.0,0.0
11259,25,1.1283791670955126,4815.0,3311.0,45.00001609038752,0.0,0.0,0.0
11260,90875,68.03106455959893,2551.864099037139,3358.000825309491,18.568358850014803,92.90932984774604,50.511670549276836,254.2497833620557
11261,25,1.1283791670955126,4810.0,3312.0,45.00001609038752,0.0,0.0,0.0
11262,25,1.1283791670955126,4814.0,3312.0,45.00001609038752,0.0,0.0,0.0
11263,25,1.1283791670955126,4831.0,3312.0,45.00001609038752,0.0,0.0,0.0
11264,150,2.763953195770684,4844.833333333333,3312.8333333333335,85.26886938506854,5.39192040212807,1.4276923647012265,5.414213562373095
11265,25,1.1283791670955126,4811.0,3313.0,45.00001609038752,0.0,0.0,0.0
11266,25,1.1283791670955126,4813.0,3313.0,45.00001609038752,0.0,0.0,0.0
11267,25,1.1283791670955126,4856.0,3313.0,45.00001609038752,0.0,0.0,0.0
11268,25,1.1283791670955126,4812.0,3314.0,45.00001609038752,0.0,0.0,0.0
11269,25,1.1283791670955126,4845.0,3315.0,45.00001609038752,0.0,0.0,0.0
11270,1475,8.667244841319219,4851.949152542373,3317.423728813559,-88.97501048908521,17.499114180358184,4.717703707214053,36.48528137423857
11271,75,1.9544100476116797,4841.333333333333,3316.3333333333335,45.00001609038752,2.3094010767585034,1.3333333333333333,3.414213562373095
11272,25,1.1283791670955126,4859.0,3316.0,45.00001609038752,0.0,0.0,0.0
11273,75,1.9544100476116797,11716.0,3320.0,0.0,3.265986323710904,0.0,1.0
11274,125,2.5231325220201604,2564.2,3321.8,-45.00001609038752,4.0,1.3856406460551023,5.414213562373095
11275,875,6.6755811781245455,4849.257142857143,3323.2,88.10923874827877,9.290840145805115,5.300624106245247,23.935028842544405
11276,50,1.5957691216057308,4860.5,3321.0,90.00003218077504,2.0,0.0,0.0
11277,50,1.5957691216057308,9585.5,3321.0,90.00003218077504,2.0,0.0,0.0
11278,50,1.5957691216057308,4856.5,3322.0,90.00003218077504,2.0,0.0,0.0
11279,150,2.763953195770684,4857.833333333333,3323.6666666666665,-77.06684915928662,4.363338213437162,1.65500979239906,5.0
11280,100,2.256758334191025,2566.5,3325.0,31.71748575249332,3.23606797749979,1.2360679774997898,4.414213562373095
11281,50,1.5957691216057308,4854.0,3325.5,0.0,2.0,0.0,0.0
11282,50,1.5957691216057308,4860.0,3325.5,0.0,2.0,0.0,0.0
11283,25,1.1283791670955126,4867.0,3325.0,45.00001609038752,0.0,0.0,0.0
11284,25,1.1283791670955126,9578.0,3325.0,45.00001609038752,0.0,0.0,0.0
11285,25,1.1283791670955126,4857.0,3326.0,45.00001609038752,0.0,0.0,0.0
11286,25,1.1283791670955126,4863.0,3326.0,45.00001609038752,0.0,0.0,0.0
11287,25,1.1283791670955126,2568.0,3327.0,45.00001609038752,0.0,0.0,0.0
11288,275,3.742410318509555,7381.272727272727,3330.3636363636365,-1.4741258880607593,8.051970105292165,1.7699490309728143,9.0
11289,25,1.1283791670955126,2514.0,3328.0,45.00001609038752,0.0,0.0,0.0
11290,350,4.222008245644752,2516.9285714285716,3331.214285714286,26.07515441369132,6.400440497091609,2.9161188587387454,12.035533905932738
11291,25,1.1283791670955126,2569.0,3329.0,45.00001609038752,0.0,0.0,0.0
11292,100,2.256758334191025,4816.75,3329.25,-71.5650767661759,3.4641016151377544,1.4142135623730951,3.2071067811865475
11293,25,1.1283791670955126,9180.0,3329.0,45.00001609038752,0.0,0.0,0.0
11294,75,1.9544100476116797,4819.333333333333,3331.3333333333335,45.00001609038752,2.3094010767585034,1.3333333333333333,3.414213562373095
11295,25,1.1283791670955126,4815.0,3332.0,45.00001609038752,0.0,0.0,0.0
11296,2822525,379.1437957294628,8388.096721906802,3574.414177022347,10.426280810938964,530.6187110903246,275.6946007134586,1525.76973209045
11297,25,1.1283791670955126,3872.0,3334.0,45.00001609038752,0.0,0.0,0.0
11298,575,5.4115163798060095,4845.04347826087,3336.8695652173915,78.3449569403865,11.988850044666387,3.630758659554761,22.242640687119284
11299,25,1.1283791670955126,10027.0,3334.0,45.00001609038752,0.0,0.0,0.0
11300,50,1.5957691216057308,3869.0,3335.5,0.0,2.0,0.0,0.0
11301,25,1.1283791670955126,3871.0,3335.0,45.00001609038752,0.0,0.0,0.0
11302,25,1.1283791670955126,10028.0,3335.0,45.00001609038752,0.0,0.0,0.0
11303,500,5.046265044040321,2137.6,3337.35,-85.15039922948036,8.917886842600186,3.3393553663212403,16.071067811865476
11304,125,2.5231325220201604,2130.2,3337.6,-71.5650767661759,3.098386676965933,1.7888543819998317,5.207106781186548
11305,25,1.1283791670955126,3868.0,3337.0,45.00001609038752,0.0,0.0,0.0
11306,75,1.9544100476116797,8960.333333333334,3337.3333333333335,45.00001609038752,2.3094010767585034,1.3333333333333333,3.414213562373095
11307,25,1.1283791670955126,10030.0,3338.0,45.00001609038752,0.0,0.0,0.0
11308,25,1.1283791670955126,4842.0,3339.0,45.00001609038752,0.0,0.0,0.0
11309,25,1.1283791670955126,4782.0,3340.0,45.00001609038752,0.0,0.0,0.0
11310,100,2.256758334191025,4844.5,3341.5,45.00001609038752,2.0,2.0,4.0
11311,550,5.292567428401227,4850.772727272727,3342.0454545454545,-88.642168230927,9.720806552929806,3.061648013008399,16.65685424949238
11312,2637800,366.5270124344132,9046.18396011828,3609.3060599742207,20.68257973142592,474.11067666547797,305.7645244110526,2183.0144648186224
11313,25,1.1283791670955126,10033.0,3342.0,45.00001609038752,0.0,0.0,0.0
11314,28175,37.88061465864207,4786.3779946761315,3360.2830523513753,-73.26143170492101,49.72017403476347,29.9710453049838,137.05382386916236
11315,100,2.256758334191025,4843.25,3344.75,-18.43495541459913,3.4641016151377544,1.4142135623730951,3.2071067811865475
11316,825,6.4820448144285745,4849.939393939394,3347.3333333333335,-89.2831695554726,8.74959312353814,4.988065772839071,21.899494936611667
11317,25,1.1283791670955126,4854.0,3345.0,45.00001609038752,0.0,0.0,0.0
11318,325,4.068428945128219,1280.0,3348.3846153846152,3.2528144859313275,7.120120122374509,2.6916013533442253,10.449747468305834
11319,50,1.5957691216057308,4855.5,3346.0,90.00003218077504,2.0,0.0,0.0
11320,50,1.5957691216057308,2117.0,3347.5,0.0,2.0,0.0,0.0
11321,250,3.5682482323055424,2130.7,3348.2,66.57621867226436,5.444424563872507,2.253495322449476,8.82842712474619
11322,25,1.1283791670955126,2116.0,3349.0,45.00001609038752,0.0,0.0,0.0
11323,50,1.5957691216057308,1277.0,3351.5,0.0,2.0,0.0,0.0
11324,25,1.1283791670955126,2117.0,3351.0,45.00001609038752,0.0,0.0,0.0
11325,1425,8.51907589177983,2118.1929824561403,3357.9473684210525,-27.695423748040568,15.269427417875539,8.192476429523484,40.00609665440988
11326,25,1.1283791670955126,1278.0,3353.0,45.00001609038752,0.0,0.0,0.0
11327,150,2.763953195770684,2113.5,3356.0,-50.30984562706919,4.8496611975202075,1.3468925727763872,6.414213562373095
11328,125,2.5231325220201604,2093.8,3357.4,-71.5650767661759,3.098386676965933,1.7888543819998317,5.207106781186548
11329,25,1.1283791670955126,2109.0,3357.0,45.00001609038752,0.0,0.0,0.0
11330,25,1.1283791670955126,2124.0,3358.0,45.00001609038752,0.0,0.0,0.0
11331,375,4.370193722368317,2104.133333333333,3361.3333333333335,-79.60820118580997,7.528739573131695,3.254103801520764,14.242640687119286
11332,100,2.256758334191025,2108.5,3361.0,-31.71748575249332,3.23606797749979,1.2360679774997898,4.414213562373095
11333,18100,30.361578193306386,10446.045580110498,3378.7265193370167,18.21847695608414,39.3197577451139,23.84799243864302,105.88225099390856
11334,25,1.1283791670955126,8978.0,3363.0,45.00001609038752,0.0,0.0,0.0
11335,1125,7.569397566060481,10139.111111111111,3369.6222222222223,-23.122577964660938,20.111731487260514,5.763249665578511,36.3492424049175
11336,100,2.256758334191025,10147.0,3363.5,58.28254642828171,3.23606797749979,1.2360679774997898,4.414213562373095
11337,741650,194.35000471858328,10617.741454864154,3487.642958268725,8.724968768567974,282.7775975524553,141.7150170701633,797.9959953866432
11338,25,1.1283791670955126,1381.0,3364.0,45.00001609038752,0.0,0.0,0.0
11339,25,1.1283791670955126,1382.0,3365.0,45.00001609038752,0.0,0.0,0.0
11340,75,1.9544100476116797,2103.0,3365.0,90.00003218077504,3.265986323710904,0.0,1.0
11341,25,1.1283791670955126,8246.0,3366.0,45.00001609038752,0.0,0.0,0.0
11342,25,1.1283791670955126,8444.0,3366.0,45.00001609038752,0.0,0.0,0.0
11343,25,1.1283791670955126,10149.0,3366.0,45.00001609038752,0.0,0.0,0.0
11344,100,2.256758334191025,8968.5,3368.5,45.00001609038752,2.0,2.0,4.0
11345,1105975,237.33277106109654,8015.134202852687,3499.993196048735,11.109866467820753,254.84844825791313,229.26774057160628,927.1341263970173
11346,150,2.763953195770684,10149.5,3370.3333333333335,23.744784951280792,3.9236836602610987,2.856617245931912,4.207106781186548
11347,25,1.1283791670955126,8967.0,3370.0,45.00001609038752,0.0,0.0,0.0
11348,25,1.1283791670955126,10429.0,3371.0,45.00001609038752,0.0,0.0,0.0
11349,100,2.256758334191025,2108.0,3372.25,90.00003218077504,2.8284271247461903,1.7320508075688772,4.621320343559642
11350,25,1.1283791670955126,4761.0,3372.0,45.00001609038752,0.0,0.0,0.0
11351,47100,48.977375412337544,10421.006369426752,3403.780785562633,-14.468876363995406,53.8224155084204,49.76172666070836,197.7878425849301
11352,25,1.1283791670955126,2112.0,3373.0,45.00001609038752,0.0,0.0,0.0
11353,25,1.1283791670955126,2105.0,3374.0,45.00001609038752,0.0,0.0,0.0
11354,50,1.5957691216057308,10149.0,3374.5,0.0,2.0,0.0,0.0
11355,25,1.1283791670955126,11485.0,3374.0,45.00001609038752,0.0,0.0,0.0
11356,325,4.068428945128219,2104.3076923076924,3376.076923076923,88.82872575870884,7.08483847607967,2.916039886546841,10.621320343559642
11357,275,3.742410318509555,2145.2727272727275,3376.5454545454545,-78.14870496768349,4.902719452543043,3.4920977833293443,10.035533905932738
11358,50,1.5957691216057308,4832.0,3375.5,0.0,2.0,0.0,0.0
11359,25,1.1283791670955126,1291.0,3376.0,45.00001609038752,0.0,0.0,0.0
11360,25,1.1283791670955126,8237.0,3376.0,45.00001609038752,0.0,0.0,0.0
11361,25,1.1283791670955126,10148.0,3376.0,45.00001609038752,0.0,0.0,0.0
11362,25,1.1283791670955126,2140.0,3377.0,45.00001609038752,0.0,0.0,0.0
11363,25,1.1283791670955126,8236.0,3377.0,45.00001609038752,0.0,0.0,0.0
11364,25,1.1283791670955126,10141.0,3377.0,45.00001609038752,0.0,0.0,0.0
11365,25,1.1283791670955126,10147.0,3377.0,45.00001609038752,0.0,0.0,0.0
11366,25,1.1283791670955126,2143.0,3378.0,45.00001609038752,0.0,0.0,0.0
11367,25,1.1283791670955126,10143.0,3378.0,45.00001609038752,0.0,0.0,0.0
11368,25,1.1283791670955126,10146.0,3378.0,45.00001609038752,0.0,0.0,0.0
11369,25,1.1283791670955126,1293.0,3379.0,45.00001609038752,0.0,0.0,0.0
11370,2647000,367.1656342804416,10188.665867019266,3582.73928031734,-55.550027044119936,428.19516677852016,339.86519272103965,1535.36056916196
11371,75,1.9544100476116797,10144.666666666666,3379.3333333333335,-45.00001609038752,2.3094010767585034,1.3333333333333333,3.414213562373095
11372,25,1.1283791670955126,2141.0,3380.0,45.00001609038752,0.0,0.0,0.0
11373,25,1.1283791670955126,1380.0,3383.0,45.00001609038752,0.0,0.0,0.0
11374,244225,111.52702413548836,2189.915651550824,3446.7368205548164,5.771808140033106,142.22178620767033,92.17538287610834,429.84776310850236
11375,50,1.5957691216057308,1395.0,3384.5,0.0,2.0,0.0,0.0
11376,25,1.1283791670955126,2806.0,3384.0,45.00001609038752,0.0,0.0,0.0
11377,50,1.5957691216057308,9003.0,3384.5,0.0,2.0,0.0,0.0
11378,25,1.1283791670955126,10685.0,3389.0,45.00001609038752,0.0,0.0,0.0
11379,25,1.1283791670955126,8466.0,3392.0,45.00001609038752,0.0,0.0,0.0
11380,50,1.5957691216057308,9002.0,3392.5,0.0,2.0,0.0,0.0
11381,28725,38.24855862513909,2828.0400348128805,3408.431679721497,81.83061195450709,49.00715942471079,31.05655443310929,149.29646455628165
11382,50,1.5957691216057308,11918.0,3397.5,0.0,2.0,0.0,0.0
11383,925,6.863662517577698,8471.945945945947,3403.2972972972975,66.9870628467398,7.614802838175582,6.359697260700834,20.727922061357855
11384,1100,7.48482063701911,2856.659090909091,3410.3863636363635,-4.973024648143715,19.269851280075553,6.800226435763366,34.97056274847714
11385,25,1.1283791670955126,8477.0,3405.0,45.00001609038752,0.0,0.0,0.0
11386,100,2.256758334191025,2852.0,3408.5,0.0,4.47213595499958,0.0,2.0
11387,925,6.863662517577698,2136.810810810811,3415.864864864865,3.0566229705876826,19.111923627447393,2.7369932435749282,29.65685424949238
11388,25,1.1283791670955126,2578.0,3411.0,45.00001609038752,0.0,0.0,0.0
11389,25,1.1283791670955126,2851.0,3412.0,45.00001609038752,0.0,0.0,0.0
11390,50,1.5957691216057308,2852.0,3413.5,0.0,2.0,0.0,0.0
11391,550,5.292567428401227,2874.090909090909,3417.2272727272725,2.361255383716992,9.574628148206472,3.3716195125817374,17.692388155425117
11392,25,1.1283791670955126,2860.0,3416.0,45.00001609038752,0.0,0.0,0.0
11393,75,1.9544100476116797,2884.3333333333335,3416.6666666666665,-45.00001609038752,2.3094010767585034,1.3333333333333333,3.414213562373095
11394,575,5.4115163798060095,2854.7391304347825,3422.8260869565215,11.375492238860772,12.702530500882812,2.6099943450029066,19.242640687119284
11395,25,1.1283791670955126,2883.0,3418.0,45.00001609038752,0.0,0.0,0.0
11396,5325,16.46815177937675,2883.154929577465,3432.7699530516434,6.521487876833144,31.929105751572084,9.987597998093998,78.94112549695429
11397,100,2.256758334191025,2850.75,3424.0,0.0,2.8284271247461903,1.7320508075688772,4.621320343559642
11398,1025,7.225151993843567,10451.0,3428.5853658536585,27.93594106133061,14.493041072181777,3.732656452464958,29.14213562373095
11399,100,2.256758334191025,9395.5,3425.0,-31.71748575249332,3.23606797749979,1.2360679774997898,4.414213562373095
11400,25,1.1283791670955126,2837.0,3425.0,45.00001609038752,0.0,0.0,0.0
11401,25,1.1283791670955126,2848.0,3425.0,45.00001609038752,0.0,0.0,0.0
11402,50,1.5957691216057308,2874.0,3425.5,0.0,2.0,0.0,0.0
11403,250,3.5682482323055424,10424.5,3425.8,68.28350989425188,6.410773181397356,1.9651939386931838,10.414213562373096
11404,50,1.5957691216057308,10432.0,3425.5,0.0,2.0,0.0,0.0
11405,200,3.1915382432114616,2859.0,3427.5,-47.85531368008908,6.488432109704299,1.378495106178553,8.414213562373096
11406,25,1.1283791670955126,10420.0,3426.0,45.00001609038752,0.0,0.0,0.0
11407,6150,17.697935698969246,10449.207317073171,3450.089430894309,11.826562470065152,65.27959288897962,15.07282304344694,138.11879502661796
11408,125,2.5231325220201604,2536.4,3427.8,-18.43495541459913,3.098386676965933,1.7888543819998317,5.207106781186548
11409,25,1.1283791670955126,10395.0,3427.0,45.00001609038752,0.0,0.0,0.0
11410,25,1.1283791670955126,10417.0,3427.0,45.00001609038752,0.0,0.0,0.0
11411,25,1.1283791670955126,10431.0,3427.0,45.00001609038752,0.0,0.0,0.0
11412,525,5.170882945826411,2843.904761904762,3431.1428571428573,-44.60625532175739,7.504024571516324,3.751679991473674,16.72792206135786
11413,19925,31.85548488335917,10387.139272271017,3455.1907151819323,1.3065049223424599,68.82879124749991,17.389299878634557,163.1543289325507
11414,25,1.1283791670955126,10413.0,3428.0,45.00001609038752,0.0,0.0,0.0
11415,25,1.1283791670955126,2806.0,3429.0,45.00001609038752,0.0,0.0,0.0
11416,25,1.1283791670955126,10410.0,3429.0,45.00001609038752,0.0,0.0,0.0
11417,50,1.5957691216057308,2907.0,3430.5,0.0,2.0,0.0,0.0
11418,25,1.1283791670955126,10408.0,3430.0,45.00001609038752,0.0,0.0,0.0
11419,25,1.1283791670955126,10405.0,3431.0,45.00001609038752,0.0,0.0,0.0
11420,821050,204.48895600543375,515.8888618232751,3528.0436331526703,-69.15373096197068,250.61549701433484,175.54109782599045,820.9320702497141
11421,25,1.1283791670955126,2922.0,3432.0,45.00001609038752,0.0,0.0,0.0
11422,25,1.1283791670955126,10404.0,3432.0,45.00001609038752,0.0,0.0,0.0
11423,75,1.9544100476116797,2923.3333333333335,3433.6666666666665,-45.00001609038752,2.3094010767585034,1.3333333333333333,3.414213562373095
11424,25,1.1283791670955126,10403.0,3433.0,45.00001609038752,0.0,0.0,0.0
11425,2132350,329.54467637733273,7802.461462705466,3638.914484019978,-7.976142715272829,382.1345532752158,291.545151368121,1193.5493859799171
11426,25,1.1283791670955126,10401.0,3434.0,45.00001609038752,0.0,0.0,0.0
11427,25,1.1283791670955126,10456.0,3435.0,45.00001609038752,0.0,0.0,0.0
11428,25,1.1283791670955126,10455.0,3436.0,45.00001609038752,0.0,0.0,0.0
11429,25,1.1283791670955126,10400.0,3437.0,45.00001609038752,0.0,0.0,0.0
11430,25,1.1283791670955126,10454.0,3437.0,45.00001609038752,0.0,0.0,0.0
11431,556975,168.42358450393667,10492.679473944072,3550.5440100543115,-21.573776852000808,178.51363484923047,167.67106796205735,949.2813126546316
11432,50,1.5957691216057308,2854.0,3439.5,0.0,2.0,0.0,0.0
11433,175,2.985410660720923,2544.285714285714,3440.4285714285716,-81.65040707825256,4.155374705678736,1.9054711331003737,7.207106781186548
11434,25,1.1283791670955126,2854.0,3442.0,45.00001609038752,0.0,0.0,0.0
11435,25,1.1283791670955126,2923.0,3442.0,45.00001609038752,0.0,0.0,0.0
11436,25,1.1283791670955126,10397.0,3442.0,45.00001609038752,0.0,0.0,0.0
11437,50,1.5957691216057308,8503.0,3444.5,0.0,2.0,0.0,0.0
11438,100,2.256758334191025,10273.25,3445.25,71.5650767661759,3.4641016151377544,1.4142135623730951,3.2071067811865475
11439,50,1.5957691216057308,8505.0,3446.5,0.0,2.0,0.0,0.0
11440,175,2.985410660720923,10265.285714285714,3446.4285714285716,-81.65040707825256,4.155374705678736,1.9054711331003737,7.207106781186548
11441,25,1.1283791670955126,10271.0,3446.0,45.00001609038752,0.0,0.0,0.0
11442,300,3.9088200952233594,10417.083333333334,3447.0833333333335,-72.0066279248021,5.485458865381724,2.649689066157795,9.621320343559642
11443,50,1.5957691216057308,8502.0,3447.5,0.0,2.0,0.0,0.0
11444,2475175,355.04876792575163,8842.211661801692,3764.8805134990457,6.492749260190693,611.0026157349641,213.76906696942288,2067.854039231662
11445,25,1.1283791670955126,2140.0,3448.0,45.00001609038752,0.0,0.0,0.0
11446,125,2.5231325220201604,6503.4,3448.8,-18.43495541459913,3.098386676965933,1.7888543819998317,5.207106781186548
11447,25,1.1283791670955126,8506.0,3448.0,45.00001609038752,0.0,0.0,0.0
11448,25,1.1283791670955126,10273.0,3448.0,45.00001609038752,0.0,0.0,0.0
11449,3944750,448.22368050311815,11679.429957538501,3671.087920654034,-57.33466194682798,554.8868794974326,393.07283884543,1800.7301935711603
11450,25,1.1283791670955126,2139.0,3449.0,45.00001609038752,0.0,0.0,0.0
11451,50,1.5957691216057308,10421.5,3449.0,90.00003218077504,2.0,0.0,0.0
11452,25,1.1283791670955126,796.0,3450.0,45.00001609038752,0.0,0.0,0.0
11453,50,1.5957691216057308,2141.0,3450.5,0.0,2.0,0.0,0.0
11454,75,1.9544100476116797,1309.3333333333333,3451.6666666666665,-45.00001609038752,2.3094010767585034,1.3333333333333333,3.414213562373095
11455,25,1.1283791670955126,6502.0,3451.0,45.00001609038752,0.0,0.0,0.0
11456,25,1.1283791670955126,10395.0,3451.0,45.00001609038752,0.0,0.0,0.0
11457,125,2.5231325220201604,733.6,3452.8,18.43495541459913,3.098386676965933,1.7888543819998317,5.207106781186548
11458,25,1.1283791670955126,1852.0,3452.0,45.00001609038752,0.0,0.0,0.0
11459,475,4.918490759365935,2139.157894736842,3455.5789473684213,2.2271322749822957,8.141878432503578,4.148638406981781,16.86396103067893
11460,800,6.383076486422923,2552.21875,3455.1875,-77.45526005951508,7.943817104779093,5.836749506859028,19.485281374238568
11461,25,1.1283791670955126,11993.0,3453.0,45.00001609038752,0.0,0.0,0.0
11462,25,1.1283791670955126,403.0,3454.0,45.00001609038752,0.0,0.0,0.0
11463,25,1.1283791670955126,1754.0,3455.0,45.00001609038752,0.0,0.0,0.0
11464,100,2.256758334191025,11994.0,3456.5,0.0,4.47213595499958,0.0,2.0
11465,25,1.1283791670955126,1755.0,3456.0,45.00001609038752,0.0,0.0,0.0
11466,100,2.256758334191025,2545.0,3456.5,-58.28254642828171,3.23606797749979,1.2360679774997898,4.414213562373095
11467,25,1.1283791670955126,1690.0,3457.0,45.00001609038752,0.0,0.0,0.0
11468,25,1.1283791670955126,1756.0,3457.0,45.00001609038752,0.0,0.0,0.0
11469,75,1.9544100476116797,1761.0,3459.0,0.0,3.265986323710904,0.0,1.0
11470,300,3.9088200952233594,2512.0,3460.0833333333335,-76.02958409507438,5.537161794942045,2.809874518940257,10.242640687119284
11471,75,1.9544100476116797,1686.6666666666667,3460.6666666666665,45.00001609038752,2.3094010767585034,1.3333333333333333,3.414213562373095
11472,23825,34.833852588144914,2136.492130115425,3476.2696747114373,80.3992977863932,47.66637341702712,28.981719945842283,141.29646455628165
11473,25,1.1283791670955126,2142.0,3460.0,45.00001609038752,0.0,0.0,0.0
11474,550,5.292567428401227,2518.4545454545455,3463.409090909091,25.66745050200258,8.849921553126162,4.7544198739934345,18.692388155425117
11475,125,2.5231325220201604,2522.6,3460.6,-69.00641842630537,4.34169545110285,1.2765894445250698,4.207106781186548
11476,25,1.1283791670955126,2527.0,3460.0,45.00001609038752,0.0,0.0,0.0
11477,25,1.1283791670955126,2143.0,3461.0,45.00001609038752,0.0,0.0,0.0
11478,109900,74.81417672243526,8202.895586897179,3521.720882620564,-5.279143659323244,119.28291294108807,50.54307572021747,331.49242404917493
11479,50,1.5957691216057308,1760.5,3462.0,90.00003218077504,2.0,0.0,0.0
11480,25,1.1283791670955126,2144.0,3462.0,45.00001609038752,0.0,0.0,0.0
11481,200,3.1915382432114616,2509.375,3463.75,31.96767939134969,5.493357569494809,2.1384626753053437,7.414213562373095
11482,75,1.9544100476116797,2514.3333333333335,3462.6666666666665,-45.00001609038752,2.3094010767585034,1.3333333333333333,3.414213562373095
11483,25,1.1283791670955126,2525.0,3462.0,45.00001609038752,0.0,0.0,0.0
11484,25,1.1283791670955126,2145.0,3463.0,45.00001609038752,0.0,0.0,0.0
11485,25,1.1283791670955126,2491.0,3463.0,45.00001609038752,0.0,0.0,0.0
11486,250,3.5682482323055424,2525.4,3464.7,54.56263252002883,5.1864750841708815,2.4290895828014762,8.82842712474619
11487,25,1.1283791670955126,2528.0,3463.0,45.00001609038752,0.0,0.0,0.0
11488,25,1.1283791670955126,1759.0,3464.0,45.00001609038752,0.0,0.0,0.0
11489,125,2.5231325220201604,1762.8,3464.6,71.5650767661759,3.098386676965933,1.7888543819998317,5.207106781186548
11490,550,5.292567428401227,1778.7272727272727,3466.409090909091,-55.53876691715921,6.652719927872899,5.835697657355088,15.82842712474619
11491,25,1.1283791670955126,2146.0,3464.0,45.00001609038752,0.0,0.0,0.0
11492,150,2.763953195770684,2504.5,3465.1666666666665,59.03626457717169,4.320493798938573,1.8856180831641272,6.621320343559642
11493,100,2.256758334191025,2547.0,3464.75,90.00003218077504,2.8284271247461903,1.7320508075688772,4.621320343559642
11494,25,1.1283791670955126,10540.0,3464.0,45.00001609038752,0.0,0.0,0.0
11495,425,4.652426491681278,1760.5294117647059,3467.823529411765,65.4883472567613,8.21034990811195,4.0097435902713885,13.414213562373096
11496,25,1.1283791670955126,2148.0,3465.0,45.00001609038752,0.0,0.0,0.0
11497,75,1.9544100476116797,2514.3333333333335,3465.6666666666665,-45.00001609038752,2.3094010767585034,1.3333333333333333,3.414213562373095
11498,25,1.1283791670955126,10541.0,3465.0,45.00001609038752,0.0,0.0,0.0
11499,25,1.1283791670955126,2508.0,3466.0,45.00001609038752,0.0,0.0,0.0
11500,125,2.5231325220201604,2523.4,3467.2,18.43495541459913,3.098386676965933,1.7888543819998317,5.207106781186548
11501,200,3.1915382432114616,1768.0,3467.5,79.09932353989771,4.976979969245306,1.7971283720789095,8.414213562373096
11502,250,3.5682482323055424,2511.3,3467.9,74.74490802303345,5.215361924162119,2.529822128134703,8.82842712474619
11503,200,3.1915382432114616,2515.75,3469.75,45.00001609038752,4.898979485566356,2.449489742783178,8.414213562373096
11504,50,1.5957691216057308,2518.5,3468.0,90.00003218077504,2.0,0.0,0.0
11505,25,1.1283791670955126,10492.0,3468.0,45.00001609038752,0.0,0.0,0.0
11506,50,1.5957691216057308,1771.5,3469.0,90.00003218077504,2.0,0.0,0.0
11507,150,2.763953195770684,2520.8333333333335,3469.6666666666665,-77.06684915928662,4.363338213437162,1.65500979239906,5.0
11508,25,1.1283791670955126,10545.0,3469.0,45.00001609038752,0.0,0.0,0.0
11509,50,1.5957691216057308,11022.0,3469.5,0.0,2.0,0.0,0.0
11510,25,1.1283791670955126,2154.0,3470.0,45.00001609038752,0.0,0.0,0.0
11511,25,1.1283791670955126,2524.0,3470.0,45.00001609038752,0.0,0.0,0.0
11512,25,1.1283791670955126,10546.0,3470.0,45.00001609038752,0.0,0.0,0.0
11513,25,1.1283791670955126,2155.0,3471.0,45.00001609038752,0.0,0.0,0.0
11514,100,2.256758334191025,2511.5,3472.5,45.00001609038752,2.0,2.0,4.0
11515,2007700,319.767605236352,11108.091709418737,3669.0593838720924,63.55607784892966,433.22124551429397,294.4097893852666,1809.4804102091045
11516,50,1.5957691216057308,1758.5,3473.0,90.00003218077504,2.0,0.0,0.0
11517,50,1.5957691216057308,1761.5,3473.0,90.00003218077504,2.0,0.0,0.0
11518,25,1.1283791670955126,1764.0,3473.0,45.00001609038752,0.0,0.0,0.0
11519,25,1.1283791670955126,2158.0,3473.0,45.00001609038752,0.0,0.0,0.0
11520,100,2.256758334191025,2516.25,3473.25,71.5650767661759,3.4641016151377544,1.4142135623730951,3.2071067811865475
11521,25,1.1283791670955126,1760.0,3474.0,45.00001609038752,0.0,0.0,0.0
11522,25,1.1283791670955126,2159.0,3474.0,45.00001609038752,0.0,0.0,0.0
11523,25,1.1283791670955126,2509.0,3474.0,45.00001609038752,0.0,0.0,0.0
11524,3625575,429.7080619398797,5315.987091702696,3741.675092916296,-33.96481687652403,500.0807983113955,421.75344532300795,4022.5608922057086
11525,150,2.763953195770684,10410.666666666666,3475.6666666666665,45.00001609038752,3.6514837167011076,2.10818510677892,5.414213562373095
11526,475,4.918490759365935,10424.157894736842,3478.4736842105262,6.09136413607846,8.286737267837282,2.8606242412111005,15.035533905932738
11527,25,1.1283791670955126,2160.0,3476.0,45.00001609038752,0.0,0.0,0.0
11528,25,1.1283791670955126,2161.0,3477.0,45.00001609038752,0.0,0.0,0.0
11529,25,1.1283791670955126,2162.0,3479.0,45.00001609038752,0.0,0.0,0.0
11530,11355850,760.4924005953195,6456.685904181545,3885.60996094524,-83.97281643552172,906.5555702092246,682.1599489568795,3519.908042569573
11531,25,1.1283791670955126,10447.0,3479.0,45.00001609038752,0.0,0.0,0.0
11532,100,2.256758334191025,10413.5,3480.5,45.00001609038752,2.0,2.0,4.0
11533,125,2.5231325220201604,10450.6,3480.8,18.43495541459913,3.098386676965933,1.7888543819998317,5.207106781186548
11534,50,1.5957691216057308,11997.5,3480.0,90.00003218077504,2.0,0.0,0.0
11535,1000,7.136496464611085,10447.4,3485.6,-4.863791014817563,8.908802363833358,5.823507572087219,22.14213562373095
11536,25,1.1283791670955126,2163.0,3482.0,45.00001609038752,0.0,0.0,0.0
11537,156225,89.19906902569124,7367.631140982558,3542.385821731477,-28.531510039060116,136.0399286768264,63.16139647543867,411.08430714121175
11538,25,1.1283791670955126,9742.0,3483.0,45.00001609038752,0.0,0.0,0.0
11539,25,1.1283791670955126,1679.0,3484.0,45.00001609038752,0.0,0.0,0.0
11540,150,2.763953195770684,1692.3333333333333,3485.6666666666665,6.264406094502101,4.444176659884297,1.8331407275086025,6.621320343559642
11541,3200,12.766152972845846,2159.1171875,3497.1640625,52.30006784646087,32.51380888570528,11.573756569015613,79.8050865276332
11542,25,1.1283791670955126,2891.0,3488.0,45.00001609038752,0.0,0.0,0.0
11543,75,1.9544100476116797,2134.0,3489.0,90.00003218077504,3.265986323710904,0.0,1.0
11544,50,1.5957691216057308,10444.0,3489.5,0.0,2.0,0.0,0.0
11545,25,1.1283791670955126,2128.0,3490.0,45.00001609038752,0.0,0.0,0.0
11546,25,1.1283791670955126,10443.0,3491.0,45.00001609038752,0.0,0.0,0.0
11547,25,1.1283791670955126,10442.0,3492.0,45.00001609038752,0.0,0.0,0.0
11548,150,2.763953195770684,10444.5,3493.5,-18.43495541459913,3.9999999999999996,1.632993161855452,6.414213562373095
11549,25,1.1283791670955126,11037.0,3492.0,45.00001609038752,0.0,0.0,0.0
11550,100,2.256758334191025,2117.75,3493.75,71.5650767661759,3.4641016151377544,1.4142135623730951,3.2071067811865475
11551,25,1.1283791670955126,2121.0,3493.0,45.00001609038752,0.0,0.0,0.0
11552,50,1.5957691216057308,10441.0,3494.5,0.0,2.0,0.0,0.0
11553,25,1.1283791670955126,10395.0,3495.0,45.00001609038752,0.0,0.0,0.0
11554,25,1.1283791670955126,2116.0,3496.0,45.00001609038752,0.0,0.0,0.0
11555,25,1.1283791670955126,2898.0,3496.0,45.00001609038752,0.0,0.0,0.0
11556,150,2.763953195770684,10394.166666666666,3497.5,30.963767603603344,4.320493798938573,1.8856180831641272,6.621320343559642
11557,25,1.1283791670955126,10440.0,3496.0,45.00001609038752,0.0,0.0,0.0
11558,25,1.1283791670955126,2899.0,3497.0,45.00001609038752,0.0,0.0,0.0
11559,25,1.1283791670955126,10439.0,3497.0,45.00001609038752,0.0,0.0,0.0
11560,25,1.1283791670955126,10438.0,3498.0,45.00001609038752,0.0,0.0,0.0
11561,25,1.1283791670955126,2114.0,3499.0,45.00001609038752,0.0,0.0,0.0
11562,25,1.1283791670955126,2113.0,3500.0,45.00001609038752,0.0,0.0,0.0
11563,25,1.1283791670955126,10396.0,3500.0,45.00001609038752,0.0,0.0,0.0
11564,25,1.1283791670955126,10437.0,3500.0,45.00001609038752,0.0,0.0,0.0
11565,25,1.1283791670955126,2112.0,3501.0,45.00001609038752,0.0,0.0,0.0
11566,25,1.1283791670955126,10436.0,3501.0,45.00001609038752,0.0,0.0,0.0
11567,50,1.5957691216057308,2111.0,3502.5,0.0,2.0,0.0,0.0
11568,25,1.1283791670955126,10435.0,3503.0,45.00001609038752,0.0,0.0,0.0
11569,75,1.9544100476116797,2147.3333333333335,3504.6666666666665,-45.00001609038752,2.3094010767585034,1.3333333333333333,3.414213562373095
11570,25,1.1283791670955126,10434.0,3504.0,45.00001609038752,0.0,0.0,0.0
11571,25,1.1283791670955126,10399.0,3505.0,45.00001609038752,0.0,0.0,0.0
11572,25,1.1283791670955126,10433.0,3505.0,45.00001609038752,0.0,0.0,0.0
11573,25,1.1283791670955126,2146.0,3506.0,45.00001609038752,0.0,0.0,0.0
11574,25,1.1283791670955126,10432.0,3506.0,45.00001609038752,0.0,0.0,0.0
11575,25,1.1283791670955126,11939.0,3506.0,45.00001609038752,0.0,0.0,0.0
11576,25,1.1283791670955126,10431.0,3507.0,45.00001609038752,0.0,0.0,0.0
11577,25,1.1283791670955126,10435.0,3507.0,45.00001609038752,0.0,0.0,0.0
11578,25,1.1283791670955126,10401.0,3508.0,45.00001609038752,0.0,0.0,0.0
11579,25,1.1283791670955126,10430.0,3508.0,45.00001609038752,0.0,0.0,0.0
11580,25,1.1283791670955126,2109.0,3509.0,45.00001609038752,0.0,0.0,0.0
11581,425,4.652426491681278,2171.764705882353,3514.3529411764707,19.92025480782831,12.869052069426019,1.6741337305892656,16.207106781186546
11582,25,1.1283791670955126,10402.0,3509.0,45.00001609038752,0.0,0.0,0.0
11583,25,1.1283791670955126,10429.0,3509.0,45.00001609038752,0.0,0.0,0.0
11584,25,1.1283791670955126,10403.0,3510.0,45.00001609038752,0.0,0.0,0.0
11585,25,1.1283791670955126,10428.0,3510.0,45.00001609038752,0.0,0.0,0.0
11586,25,1.1283791670955126,10405.0,3511.0,45.00001609038752,0.0,0.0,0.0
11587,25,1.1283791670955126,10427.0,3511.0,45.00001609038752,0.0,0.0,0.0
11588,25,1.1283791670955126,11053.0,3511.0,45.00001609038752,0.0,0.0,0.0
11589,775,6.282549314314218,1978.3870967741937,3513.2903225806454,89.31681733499357,11.115460742603052,3.825691902890496,20.86396103067893
11590,25,1.1283791670955126,10426.0,3512.0,45.00001609038752,0.0,0.0,0.0
11591,25,1.1283791670955126,2168.0,3513.0,45.00001609038752,0.0,0.0,0.0
11592,25,1.1283791670955126,8784.0,3513.0,45.00001609038752,0.0,0.0,0.0
11593,25,1.1283791670955126,10408.0,3513.0,45.00001609038752,0.0,0.0,0.0
11594,25,1.1283791670955126,8783.0,3514.0,45.00001609038752,0.0,0.0,0.0
11595,25,1.1283791670955126,10410.0,3514.0,45.00001609038752,0.0,0.0,0.0
11596,25,1.1283791670955126,11055.0,3514.0,45.00001609038752,0.0,0.0,0.0
11597,75,1.9544100476116797,2169.0,3516.0,0.0,3.265986323710904,0.0,1.0
11598,25,1.1283791670955126,10411.0,3515.0,45.00001609038752,0.0,0.0,0.0
11599,25,1.1283791670955126,10414.0,3515.0,45.00001609038752,0.0,0.0,0.0
11600,25,1.1283791670955126,1453.0,3516.0,45.00001609038752,0.0,0.0,0.0
11601,25,1.1283791670955126,1972.0,3516.0,45.00001609038752,0.0,0.0,0.0
11602,50,1.5957691216057308,10412.5,3516.0,90.00003218077504,2.0,0.0,0.0
11603,50,1.5957691216057308,1452.0,3517.5,0.0,2.0,0.0,0.0
11604,50,1.5957691216057308,1981.5,3518.0,90.00003218077504,2.0,0.0,0.0
11605,25,1.1283791670955126,2107.0,3518.0,45.00001609038752,0.0,0.0,0.0
11606,225,3.385137501286538,9408.333333333334,3519.1111111111113,69.28819196246447,6.327463515989654,2.0518574594904866,8.207106781186548
11607,950,6.955796338302048,2171.5526315789475,3525.8947368421054,-10.886824480174266,20.980078077906537,6.410023510664572,34.27817459305203
11608,25,1.1283791670955126,1453.0,3520.0,45.00001609038752,0.0,0.0,0.0
11609,25,1.1283791670955126,9405.0,3520.0,45.00001609038752,0.0,0.0,0.0
11610,25,1.1283791670955126,9404.0,3521.0,45.00001609038752,0.0,0.0,0.0
11611,25,1.1283791670955126,9414.0,3521.0,45.00001609038752,0.0,0.0,0.0
11612,25,1.1283791670955126,10496.0,3521.0,45.00001609038752,0.0,0.0,0.0
11613,25,1.1283791670955126,9403.0,3522.0,45.00001609038752,0.0,0.0,0.0
11614,25,1.1283791670955126,9416.0,3522.0,45.00001609038752,0.0,0.0,0.0
11615,25,1.1283791670955126,9402.0,3523.0,45.00001609038752,0.0,0.0,0.0
11616,50,1.5957691216057308,9417.5,3523.0,90.00003218077504,2.0,0.0,0.0
11617,1375,8.368283871884005,9426.09090909091,3531.418181818182,27.601373822059877,23.19954921504244,4.1005249235404015,40.17766952966369
11618,475,4.918490759365935,1936.2631578947369,3526.157894736842,-39.06452507030247,8.383359055532884,5.088867876509899,15.621320343559644
11619,125,2.5231325220201604,1956.8,3525.0,55.900724731264845,3.335641688875783,2.0575457524521585,5.621320343559642
11620,25,1.1283791670955126,9401.0,3524.0,45.00001609038752,0.0,0.0,0.0
11621,25,1.1283791670955126,9419.0,3524.0,45.00001609038752,0.0,0.0,0.0
11622,1275,8.058239062071396,8145.431372549019,3536.9411764705883,1.4339394530417233,31.904800434237288,11.128132962829861,47.692388155425114
11623,25,1.1283791670955126,9400.0,3525.0,45.00001609038752,0.0,0.0,0.0
11624,250,3.5682482323055424,2173.4,3528.1,-6.021289724439167,6.343898075098332,1.853363756191339,9.0
11625,1025,7.225151993843567,8156.829268292683,3532.1463414634145,16.150139883813825,17.582440535671928,4.622317140085534,32.31370849898476
11626,25,1.1283791670955126,1964.0,3527.0,45.00001609038752,0.0,0.0,0.0
11627,25,1.1283791670955126,9399.0,3527.0,45.00001609038752,0.0,0.0,0.0
11628,125,2.5231325220201604,1957.8,3528.4,-71.5650767661759,3.098386676965933,1.7888543819998317,5.207106781186548
11629,75,1.9544100476116797,1962.3333333333333,3528.3333333333335,45.00001609038752,2.3094010767585034,1.3333333333333333,3.414213562373095
11630,25,1.1283791670955126,2198.0,3529.0,45.00001609038752,0.0,0.0,0.0
11631,150,2.763953195770684,11236.5,3530.0,0.0,3.265986323710904,2.0,6.0
11632,50,1.5957691216057308,1670.0,3530.5,0.0,2.0,0.0,0.0
11633,50,1.5957691216057308,1960.5,3530.0,90.00003218077504,2.0,0.0,0.0
11634,150,2.763953195770684,1964.3333333333333,3530.5,80.53770658936206,4.47213595499958,1.8856180831641267,6.414213562373095
11635,25,1.1283791670955126,2197.0,3530.0,45.00001609038752,0.0,0.0,0.0
11636,25,1.1283791670955126,1975.0,3531.0,45.00001609038752,0.0,0.0,0.0
11637,25,1.1283791670955126,9397.0,3531.0,45.00001609038752,0.0,0.0,0.0
11638,25,1.1283791670955126,9396.0,3532.0,45.00001609038752,0.0,0.0,0.0
11639,25,1.1283791670955126,10445.0,3532.0,45.00001609038752,0.0,0.0,0.0
11640,475,4.918490759365935,1939.8947368421052,3534.5789473684213,46.48513192500979,6.113552215265633,4.307899408848916,15.071067811865474
11641,350,4.222008245644752,1967.9285714285713,3533.285714285714,-86.60804393290054,10.651211095872174,1.6965355296646067,13.207106781186548
11642,25,1.1283791670955126,1935.0,3534.0,45.00001609038752,0.0,0.0,0.0
11643,225,3.385137501286538,2174.5555555555557,3536.8888888888887,11.309936518046795,7.302967433402214,1.4054567378526126,7.0
11644,25,1.1283791670955126,9395.0,3534.0,45.00001609038752,0.0,0.0,0.0
11645,50,1.5957691216057308,8156.0,3535.5,0.0,2.0,0.0,0.0
11646,100,2.256758334191025,1932.0,3536.25,90.00003218077504,2.8284271247461903,1.7320508075688772,4.621320343559642
11647,25,1.1283791670955126,1943.0,3536.0,45.00001609038752,0.0,0.0,0.0
11648,100,2.256758334191025,1979.75,3536.25,-71.5650767661759,3.4641016151377544,1.4142135623730951,3.2071067811865475
11649,25,1.1283791670955126,1987.0,3536.0,45.00001609038752,0.0,0.0,0.0
11650,25,1.1283791670955126,9394.0,3536.0,45.00001609038752,0.0,0.0,0.0
11651,100,2.256758334191025,632.5,3538.0,-31.71748575249332,3.23606797749979,1.2360679774997898,4.414213562373095
11652,25,1.1283791670955126,1988.0,3537.0,45.00001609038752,0.0,0.0,0.0
11653,25,1.1283791670955126,9393.0,3538.0,45.00001609038752,0.0,0.0,0.0
11654,125,2.5231325220201604,2172.0,3541.0,0.0,5.656854249492381,0.0,3.0
11655,325,4.068428945128219,9391.615384615385,3544.3076923076924,0.9823900442271118,10.686907113372884,1.9376566753581972,11.0
11656,3550,13.446189622059965,11236.901408450703,3548.8169014084506,15.223704171045771,17.971940022159053,10.873497072816361,47.798989873223334
11657,75,1.9544100476116797,8151.0,3541.0,90.00003218077504,3.265986323710904,0.0,1.0
11658,150,2.763953195770684,9433.5,3542.5,18.43495541459913,3.9999999999999996,1.632993161855452,6.414213562373095
11659,25,1.1283791670955126,1942.0,3542.0,45.00001609038752,0.0,0.0,0.0
11660,25,1.1283791670955126,8156.0,3542.0,45.00001609038752,0.0,0.0,0.0
11661,3625,13.58748446131949,2170.3379310344826,3556.6758620689657,-13.990927504663462,31.660851853267776,6.7904227860934165,71.66295090390226
11662,25,1.1283791670955126,8155.0,3543.0,45.00001609038752,0.0,0.0,0.0
11663,25,1.1283791670955126,2210.0,3544.0,45.00001609038752,0.0,0.0,0.0
11664,75,1.9544100476116797,8153.666666666667,3544.6666666666665,45.00001609038752,2.3094010767585034,1.3333333333333333,3.414213562373095
11665,25,1.1283791670955126,9431.0,3544.0,45.00001609038752,0.0,0.0,0.0
11666,50,1.5957691216057308,1983.0,3545.5,0.0,2.0,0.0,0.0
11667,7163225,604.0033555481472,8610.041165117667,4048.216096799975,3.2994323843690174,863.3901358418582,454.79541959842174,2737.2764414894973
11668,825,6.4820448144285745,9435.272727272728,3556.7272727272725,16.247275694697212,27.097241679346972,2.05129542735558,30.82842712474619
11669,50,1.5957691216057308,9435.0,3545.5,0.0,2.0,0.0,0.0
11670,25,1.1283791670955126,2211.0,3546.0,45.00001609038752,0.0,0.0,0.0
11671,75,1.9544100476116797,1985.3333333333333,3547.3333333333335,45.00001609038752,2.3094010767585034,1.3333333333333333,3.414213562373095
11672,475,4.918490759365935,9437.736842105263,3553.4210526315787,19.53062313567062,14.645043755902124,1.7469342461261494,18.207106781186546
11673,50,1.5957691216057308,1969.0,3548.5,0.0,2.0,0.0,0.0
11674,25,1.1283791670955126,1974.0,3548.0,45.00001609038752,0.0,0.0,0.0
11675,25,1.1283791670955126,9392.0,3551.0,45.00001609038752,0.0,0.0,0.0
11676,25,1.1283791670955126,2110.0,3552.0,45.00001609038752,0.0,0.0,0.0
11677,75,1.9544100476116797,1992.3333333333333,3553.3333333333335,45.00001609038752,2.3094010767585034,1.3333333333333333,3.414213562373095
11678,6625,18.36868202552426,11248.377358490567,3587.2226415094337,5.003272265022508,76.90729168671652,25.549227471611538,186.71067811865476
11679,25,1.1283791670955126,2111.0,3554.0,45.00001609038752,0.0,0.0,0.0
11680,25,1.1283791670955126,11230.0,3555.0,45.00001609038752,0.0,0.0,0.0
11681,400,4.51351666838205,2115.125,3560.25,25.435968774554862,9.272622836329536,2.1836816927336296,13.828427124746192
11682,50,1.5957691216057308,9236.5,3558.0,90.00003218077504,2.0,0.0,0.0
11683,25,1.1283791670955126,9240.0,3558.0,45.00001609038752,0.0,0.0,0.0
11684,75,1.9544100476116797,11232.333333333334,3558.6666666666665,-45.00001609038752,2.3094010767585034,1.3333333333333333,3.414213562373095
11685,50,1.5957691216057308,11238.5,3558.0,90.00003218077504,2.0,0.0,0.0
11686,75,1.9544100476116797,9233.333333333334,3559.3333333333335,45.00001609038752,2.3094010767585034,1.3333333333333333,3.414213562373095
11687,50,1.5957691216057308,9241.5,3559.0,90.00003218077504,2.0,0.0,0.0
11688,50,1.5957691216057308,9243.0,3560.5,0.0,2.0,0.0,0.0
11689,25,1.1283791670955126,11231.0,3560.0,45.00001609038752,0.0,0.0,0.0
11690,50,1.5957691216057308,3900.0,3561.5,0.0,2.0,0.0,0.0
11691,25,1.1283791670955126,9232.0,3561.0,45.00001609038752,0.0,0.0,0.0
11692,25,1.1283791670955126,11230.0,3561.0,45.00001609038752,0.0,0.0,0.0
11693,2450,11.170383851240114,9229.438775510203,3577.0510204081634,1.0618092894313367,31.65307605749351,7.20696437127322,71.76955262170047
11694,25,1.1283791670955126,9244.0,3562.0,45.00001609038752,0.0,0.0,0.0
11695,450,4.787307364817192,9441.777777777777,3566.6111111111113,16.756829349560537,11.728655228874914,2.0292015345608614,17.207106781186546
11696,25,1.1283791670955126,11229.0,3562.0,45.00001609038752,0.0,0.0,0.0
11697,50,1.5957691216057308,3901.0,3563.5,0.0,2.0,0.0,0.0
11698,25,1.1283791670955126,9444.0,3563.0,45.00001609038752,0.0,0.0,0.0
11699,25,1.1283791670955126,11228.0,3563.0,45.00001609038752,0.0,0.0,0.0
11700,25,1.1283791670955126,9245.0,3564.0,45.00001609038752,0.0,0.0,0.0
11701,25,1.1283791670955126,11227.0,3564.0,45.00001609038752,0.0,0.0,0.0
11702,20575,32.37091511398834,2124.8797083839613,3595.3547995139734,-3.6967946069706707,54.48029174585696,25.88984360225344,202.6812408671319
11703,25,1.1283791670955126,2118.0,3565.0,45.00001609038752,0.0,0.0,0.0
11704,25,1.1283791670955126,11226.0,3565.0,45.00001609038752,0.0,0.0,0.0
11705,25,1.1283791670955126,2119.0,3566.0,45.00001609038752,0.0,0.0,0.0
11706,25,1.1283791670955126,7923.0,3566.0,45.00001609038752,0.0,0.0,0.0
11707,50,1.5957691216057308,9246.0,3566.5,0.0,2.0,0.0,0.0
11708,100,2.256758334191025,11224.5,3567.0,-31.71748575249332,3.23606797749979,1.2360679774997898,4.414213562373095
11709,25,1.1283791670955126,2120.0,3567.0,45.00001609038752,0.0,0.0,0.0
11710,6028625,554.1077061503123,9259.536934209707,3925.4995707976527,-32.78796658027871,639.6455119840987,583.3581760784023,3729.8136341605946
11711,50,1.5957691216057308,9391.0,3567.5,0.0,2.0,0.0,0.0
11712,25,1.1283791670955126,2121.0,3568.0,45.00001609038752,0.0,0.0,0.0
11713,25,1.1283791670955126,7924.0,3568.0,45.00001609038752,0.0,0.0,0.0
11714,25,1.1283791670955126,9392.0,3569.0,45.00001609038752,0.0,0.0,0.0
11715,50,1.5957691216057308,9439.0,3569.5,0.0,2.0,0.0,0.0
11716,25,1.1283791670955126,2123.0,3570.0,45.00001609038752,0.0,0.0,0.0
11717,25,1.1283791670955126,2124.0,3571.0,45.00001609038752,0.0,0.0,0.0
11718,100,2.256758334191025,7924.0,3572.5,0.0,4.47213595499958,0.0,2.0
11719,50,1.5957691216057308,9246.0,3571.5,0.0,2.0,0.0,0.0
11720,950,6.955796338302048,9443.184210526315,3581.9473684210525,15.273383426108747,26.594632543129084,2.0342719282856168,33.621320343559645
11721,25,1.1283791670955126,2125.0,3572.0,45.00001609038752,0.0,0.0,0.0
11722,25,1.1283791670955126,2163.0,3572.0,45.00001609038752,0.0,0.0,0.0
11723,25,1.1283791670955126,2126.0,3573.0,45.00001609038752,0.0,0.0,0.0
11724,25,1.1283791670955126,2162.0,3573.0,45.00001609038752,0.0,0.0,0.0
11725,100,2.256758334191025,2164.5,3574.0,-31.71748575249332,3.23606797749979,1.2360679774997898,4.414213562373095
11726,200,3.1915382432114616,9423.375,3575.0,0.0,4.898979485566356,1.9364916731037085,8.414213562373096
11727,50,1.5957691216057308,9444.0,3573.5,0.0,2.0,0.0,0.0
11728,25,1.1283791670955126,2128.0,3574.0,45.00001609038752,0.0,0.0,0.0
11729,25,1.1283791670955126,2129.0,3575.0,45.00001609038752,0.0,0.0,0.0
11730,300,3.9088200952233594,2162.4166666666665,3577.25,52.15474372623593,9.18359857631414,2.2840912294994777,11.414213562373096
11731,75,1.9544100476116797,11224.0,3576.0,0.0,3.265986323710904,0.0,1.0
11732,25,1.1283791670955126,2131.0,3576.0,45.00001609038752,0.0,0.0,0.0
11733,25,1.1283791670955126,9226.0,3576.0,45.00001609038752,0.0,0.0,0.0
11734,50,1.5957691216057308,9245.0,3576.5,0.0,2.0,0.0,0.0
11735,25,1.1283791670955126,9445.0,3576.0,45.00001609038752,0.0,0.0,0.0
11736,50,1.5957691216057308,1955.5,3577.0,90.00003218077504,2.0,0.0,0.0
11737,25,1.1283791670955126,1975.0,3577.0,45.00001609038752,0.0,0.0,0.0
11738,25,1.1283791670955126,2132.0,3577.0,45.00001609038752,0.0,0.0,0.0
11739,25,1.1283791670955126,2157.0,3577.0,45.00001609038752,0.0,0.0,0.0
11740,25,1.1283791670955126,9218.0,3577.0,45.00001609038752,0.0,0.0,0.0
11741,25,1.1283791670955126,2134.0,3578.0,45.00001609038752,0.0,0.0,0.0
11742,25,1.1283791670955126,9219.0,3578.0,45.00001609038752,0.0,0.0,0.0
11743,425,4.652426491681278,9447.0,3582.0,13.574845702768243,9.3471210541817,2.2060421836674466,14.828427124746192
11744,75,1.9544100476116797,11237.333333333334,3578.6666666666665,-45.00001609038752,2.3094010767585034,1.3333333333333333,3.414213562373095
11745,25,1.1283791670955126,1962.0,3579.0,45.00001609038752,0.0,0.0,0.0
11746,100600,71.57873935753756,2163.76217693837,3627.731361829026,18.65377160279299,89.96034997777129,58.32249297838418,258.45079348883235
11747,25,1.1283791670955126,9220.0,3579.0,45.00001609038752,0.0,0.0,0.0
11748,25,1.1283791670955126,9221.0,3580.0,45.00001609038752,0.0,0.0,0.0
11749,25,1.1283791670955126,9244.0,3580.0,45.00001609038752,0.0,0.0,0.0
11750,25,1.1283791670955126,2166.0,3581.0,45.00001609038752,0.0,0.0,0.0
11751,50,1.5957691216057308,9222.0,3581.5,0.0,2.0,0.0,0.0
11752,25,1.1283791670955126,9243.0,3581.0,45.00001609038752,0.0,0.0,0.0
11753,480250,156.39351538462992,9546.1261322228,3687.760593440916,-46.909971499382884,191.8658929216576,139.5829602739831,817.8498551495554
11754,25,1.1283791670955126,2140.0,3582.0,45.00001609038752,0.0,0.0,0.0
11755,25,1.1283791670955126,9242.0,3582.0,45.00001609038752,0.0,0.0,0.0
11756,25,1.1283791670955126,2141.0,3583.0,45.00001609038752,0.0,0.0,0.0
11757,25,1.1283791670955126,2144.0,3583.0,45.00001609038752,0.0,0.0,0.0
11758,25,1.1283791670955126,9223.0,3583.0,45.00001609038752,0.0,0.0,0.0
11759,50,1.5957691216057308,9227.0,3583.5,0.0,2.0,0.0,0.0
11760,25,1.1283791670955126,9240.0,3583.0,45.00001609038752,0.0,0.0,0.0
11761,50,1.5957691216057308,2142.5,3584.0,90.00003218077504,2.0,0.0,0.0
11762,25,1.1283791670955126,9224.0,3584.0,45.00001609038752,0.0,0.0,0.0
11763,100,2.256758334191025,7322.75,3588.0,0.0,2.8284271247461903,1.7320508075688772,4.621320343559642
11764,25,1.1283791670955126,9587.0,3587.0,45.00001609038752,0.0,0.0,0.0
11765,250,3.5682482323055424,9449.0,3591.1,10.472805030292385,6.404922144484214,2.2840692465631904,9.0
11766,25,1.1283791670955126,9589.0,3590.0,45.00001609038752,0.0,0.0,0.0
11767,50,1.5957691216057308,7322.0,3591.5,0.0,2.0,0.0,0.0
11768,25,1.1283791670955126,9434.0,3591.0,45.00001609038752,0.0,0.0,0.0
11769,50,1.5957691216057308,9590.0,3591.5,0.0,2.0,0.0,0.0
11770,25,1.1283791670955126,11229.0,3592.0,45.00001609038752,0.0,0.0,0.0
11771,25,1.1283791670955126,11230.0,3593.0,45.00001609038752,0.0,0.0,0.0
11772,275,3.742410318509555,7320.0,3599.0,-15.07069816477738,10.293644758366545,1.2950834818329637,9.0
11773,325,4.068428945128219,8192.153846153846,3597.923076923077,17.768845249487274,7.232192545639655,2.251260102227854,12.242640687119284
11774,275,3.742410318509555,9427.09090909091,3597.181818181818,2.79362298100129,5.615082042035464,2.6612823805723305,9.035533905932738
11775,25,1.1283791670955126,11230.0,3595.0,45.00001609038752,0.0,0.0,0.0
11776,25,1.1283791670955126,11229.0,3596.0,45.00001609038752,0.0,0.0,0.0
11777,3837775,442.1043720116773,5913.05008110168,3801.3136583046166,-62.7392397911386,554.5555068834609,356.2305246504283,2078.795164728616
11778,25,1.1283791670955126,9447.0,3597.0,45.00001609038752,0.0,0.0,0.0
11779,425,4.652426491681278,9449.29411764706,3601.294117647059,20.39291803040712,7.343828852885011,3.030241678603325,15.071067811865476
11780,25,1.1283791670955126,11227.0,3598.0,45.00001609038752,0.0,0.0,0.0
11781,25,1.1283791670955126,11226.0,3599.0,45.00001609038752,0.0,0.0,0.0
11782,50,1.5957691216057308,9572.0,3601.5,0.0,2.0,0.0,0.0
11783,25,1.1283791670955126,11224.0,3602.0,45.00001609038752,0.0,0.0,0.0
11784,50,1.5957691216057308,9571.0,3603.5,0.0,2.0,0.0,0.0
11785,25,1.1283791670955126,11223.0,3603.0,45.00001609038752,0.0,0.0,0.0
11786,25,1.1283791670955126,7318.0,3604.0,45.00001609038752,0.0,0.0,0.0
11787,25,1.1283791670955126,11222.0,3604.0,45.00001609038752,0.0,0.0,0.0
11788,25,1.1283791670955126,9399.0,3605.0,45.00001609038752,0.0,0.0,0.0
11789,400,4.51351666838205,9441.5625,3607.4375,-45.00001609038752,6.6332495807108,3.4460121880225554,11.828427124746192
11790,25,1.1283791670955126,9570.0,3605.0,45.00001609038752,0.0,0.0,0.0
11791,50,1.5957691216057308,7317.5,3606.0,90.00003218077504,2.0,0.0,0.0
11792,25,1.1283791670955126,9452.0,3606.0,45.00001609038752,0.0,0.0,0.0
11793,25,1.1283791670955126,9569.0,3606.0,45.00001609038752,0.0,0.0,0.0
11794,25,1.1283791670955126,9450.0,3607.0,45.00001609038752,0.0,0.0,0.0
11795,10625,23.26213245840639,535.7364705882353,3616.621176470588,-81.6254236580613,44.553213305641194,13.629350607525891,113.80508652763321
11796,325,4.068428945128219,9451.76923076923,3610.3846153846152,-6.208725115054982,5.577731984746022,3.1587439438471296,11.035533905932738
11797,250,3.5682482323055424,9571.8,3609.9,39.02792536075947,5.5458250040261445,2.289939960941863,7.65685424949238
11798,25,1.1283791670955126,9606.0,3608.0,45.00001609038752,0.0,0.0,0.0
11799,25,1.1283791670955126,11222.0,3608.0,45.00001609038752,0.0,0.0,0.0
11800,175,2.985410660720923,6073.571428571428,3610.8571428571427,14.678882020035983,5.133805351608395,1.5423153015346889,6.207106781186548
11801,25,1.1283791670955126,9607.0,3609.0,45.00001609038752,0.0,0.0,0.0
11802,25,1.1283791670955126,9608.0,3610.0,45.00001609038752,0.0,0.0,0.0
11803,75,1.9544100476116797,4207.0,3613.0,0.0,3.265986323710904,0.0,1.0
11804,25,1.1283791670955126,7316.0,3613.0,45.00001609038752,0.0,0.0,0.0
11805,200,3.1915382432114616,9453.625,3615.0,0.0,4.898979485566356,1.9364916731037085,8.414213562373096
11806,175,2.985410660720923,9614.285714285714,3614.285714285714,60.12824008146103,4.634736211286691,1.826347935745029,7.414213562373095
11807,25,1.1283791670955126,9229.0,3614.0,45.00001609038752,0.0,0.0,0.0
11808,125,2.5231325220201604,9227.6,3617.6,-20.993613754469656,4.34169545110285,1.27658944452507,4.207106781186548
11809,1450,8.593479713983122,9449.396551724138,3625.862068965517,-23.627260640312546,21.21187596609399,4.509912907347797,42.42031021678297
11810,75,1.9544100476116797,2128.0,3618.0,0.0,3.265986323710904,0.0,1.0
11811,25,1.1283791670955126,6162.0,3617.0,45.00001609038752,0.0,0.0,0.0
11812,200,3.1915382432114616,10583.75,3618.25,7.018124243392092,3.8888437389046198,2.6223833385648136,7.82842712474619
11813,25,1.1283791670955126,9618.0,3618.0,45.00001609038752,0.0,0.0,0.0
11814,25,1.1283791670955126,9617.0,3619.0,45.00001609038752,0.0,0.0,0.0
11815,75,1.9544100476116797,6163.666666666667,3620.6666666666665,45.00001609038752,2.3094010767585034,1.3333333333333333,3.414213562373095
11816,50,1.5957691216057308,2128.0,3621.5,0.0,2.0,0.0,0.0
11817,475375,155.59771830955336,2670.8000525900607,3726.026926110965,9.984717464797942,185.46147286327624,132.43187313536308,552.0731598529185
11818,25,1.1283791670955126,11222.0,3622.0,45.00001609038752,0.0,0.0,0.0
11819,25,1.1283791670955126,9402.0,3623.0,45.00001609038752,0.0,0.0,0.0
11820,75,1.9544100476116797,8188.666666666667,3625.6666666666665,45.00001609038752,2.3094010767585034,1.3333333333333333,3.414213562373095
11821,25,1.1283791670955126,9403.0,3625.0,45.00001609038752,0.0,0.0,0.0
11822,165025,91.67690131541755,5558.188304802303,3678.715649144069,54.1232033374472,103.02250631104965,85.2967007795554,330.19090885900994
11823,25,1.1283791670955126,7313.0,3626.0,45.00001609038752,0.0,0.0,0.0
11824,73525,61.19311645165748,8723.980958857532,3713.0921455287316,8.180043154909,158.9113178465675,24.238572438765996,376.7228714274745
11825,25,1.1283791670955126,9404.0,3626.0,45.00001609038752,0.0,0.0,0.0
11826,25,1.1283791670955126,9405.0,3627.0,45.00001609038752,0.0,0.0,0.0
11827,25,1.1283791670955126,9407.0,3628.0,45.00001609038752,0.0,0.0,0.0
11828,15450,28.05106127486678,11241.511326860842,3646.7168284789645,-10.770574357696026,37.04515259661395,22.25076532746242,107.32590180780451
11829,25,1.1283791670955126,11242.0,3629.0,45.00001609038752,0.0,0.0,0.0
11830,25,1.1283791670955126,9411.0,3630.0,45.00001609038752,0.0,0.0,0.0
11831,25,1.1283791670955126,11240.0,3630.0,45.00001609038752,0.0,0.0,0.0
11832,25,1.1283791670955126,11253.0,3630.0,45.00001609038752,0.0,0.0,0.0
11833,25,1.1283791670955126,11227.0,3631.0,45.00001609038752,0.0,0.0,0.0
11834,125,2.5231325220201604,11229.2,3632.0,-55.900724731264845,3.335641688875783,2.0575457524521585,5.621320343559642
11835,25,1.1283791670955126,11238.0,3631.0,45.00001609038752,0.0,0.0,0.0
11836,25,1.1283791670955126,9414.0,3632.0,45.00001609038752,0.0,0.0,0.0
11837,75,1.9544100476116797,11234.0,3632.0,90.00003218077504,3.265986323710904,0.0,1.0
11838,25,1.1283791670955126,9415.0,3633.0,45.00001609038752,0.0,0.0,0.0
11839,25,1.1283791670955126,9416.0,3634.0,45.00001609038752,0.0,0.0,0.0
11840,25,1.1283791670955126,5576.0,3635.0,45.00001609038752,0.0,0.0,0.0
11841,25,1.1283791670955126,9443.0,3635.0,45.00001609038752,0.0,0.0,0.0
11842,25,1.1283791670955126,5575.0,3636.0,45.00001609038752,0.0,0.0,0.0
11843,25,1.1283791670955126,9419.0,3636.0,45.00001609038752,0.0,0.0,0.0
11844,25,1.1283791670955126,9442.0,3636.0,45.00001609038752,0.0,0.0,0.0
11845,125,2.5231325220201604,5577.0,3638.0,45.00001609038752,2.5298221281347035,2.5298221281347035,5.656854249492381
11846,50,1.5957691216057308,9420.5,3637.0,90.00003218077504,2.0,0.0,0.0
11847,25,1.1283791670955126,9441.0,3637.0,45.00001609038752,0.0,0.0,0.0
11848,25,1.1283791670955126,9423.0,3638.0,45.00001609038752,0.0,0.0,0.0
11849,25,1.1283791670955126,1529.0,3639.0,45.00001609038752,0.0,0.0,0.0
11850,25,1.1283791670955126,7299.0,3639.0,45.00001609038752,0.0,0.0,0.0
11851,25,1.1283791670955126,9438.0,3639.0,45.00001609038752,0.0,0.0,0.0
11852,25,1.1283791670955126,7298.0,3640.0,45.00001609038752,0.0,0.0,0.0
11853,75,1.9544100476116797,9436.666666666666,3640.3333333333335,-45.00001609038752,2.3094010767585034,1.3333333333333333,3.414213562373095
11854,25,1.1283791670955126,7297.0,3641.0,45.00001609038752,0.0,0.0,0.0
11855,75,1.9544100476116797,11256.0,3645.0,0.0,3.265986323710904,0.0,1.0
11856,25,1.1283791670955126,5583.0,3647.0,45.00001609038752,0.0,0.0,0.0
11857,25,1.1283791670955126,5584.0,3648.0,45.00001609038752,0.0,0.0,0.0
11858,100,2.256758334191025,5585.5,3650.0,31.71748575249332,3.23606797749979,1.2360679774997898,4.414213562373095
11859,25,1.1283791670955126,11255.0,3650.0,45.00001609038752,0.0,0.0,0.0
11860,25,1.1283791670955126,5587.0,3652.0,45.00001609038752,0.0,0.0,0.0
11861,25,1.1283791670955126,5588.0,3653.0,45.00001609038752,0.0,0.0,0.0
11862,25,1.1283791670955126,5589.0,3654.0,45.00001609038752,0.0,0.0,0.0
11863,25,1.1283791670955126,11231.0,3659.0,45.00001609038752,0.0,0.0,0.0
11864,75,1.9544100476116797,11232.0,3661.0,0.0,3.265986323710904,0.0,1.0
11865,50325,50.626388411103186,2143.0879284649777,3686.499254843517,-67.70196821955962,62.31626009380014,42.907445030568105,191.09545442950497
11866,1950,9.965574970333758,9635.846153846154,3672.897435897436,4.369961949181209,18.226447177028852,6.207388020578365,40.520815280171306
11867,25,1.1283791670955126,11407.0,3679.0,45.00001609038752,0.0,0.0,0.0
11868,25,1.1283791670955126,5506.0,3682.0,45.00001609038752,0.0,0.0,0.0
11869,25,1.1283791670955126,5505.0,3683.0,45.00001609038752,0.0,0.0,0.0
11870,976075,222.95984289798682,1996.3095049048486,3775.5018313141923,-82.21736585880281,267.2947785936769,195.97511178724722,1229.8925317304247
11871,1750,9.440697438826296,2107.057142857143,3689.3285714285716,73.89916085378925,16.637718809920393,6.41702030047552,38.48528137423857
11872,8143450,644.0050487557861,2048.6259816171278,4148.046693968772,-25.533295181764302,769.6706308490261,585.401734418715,3759.1883092036787
11873,6253275,564.3373818596026,7165.865142665243,4041.443083824076,4.427881117414746,804.3963669332136,408.60550914752514,2313.7007563196375
11874,25,1.1283791670955126,7280.0,3691.0,45.00001609038752,0.0,0.0,0.0
11875,50,1.5957691216057308,7281.0,3693.5,0.0,2.0,0.0,0.0
11876,175,2.985410660720923,7282.571428571428,3697.4285714285716,14.089300092806637,6.553504018576144,1.2082004568003004,5.0
11877,50,1.5957691216057308,7284.0,3701.5,0.0,2.0,0.0,0.0
11878,25,1.1283791670955126,7285.0,3704.0,45.00001609038752,0.0,0.0,0.0
11879,25,1.1283791670955126,11389.0,3707.0,45.00001609038752,0.0,0.0,0.0
11880,6981500,596.2926087607841,11383.150590847239,4026.221893575879,75.73737058033679,698.4938038570574,546.5329788342799,3132.528316892606
11881,25,1.1283791670955126,5602.0,3710.0,45.00001609038752,0.0,0.0,0.0
11882,25,1.1283791670955126,1809.0,3711.0,45.00001609038752,0.0,0.0,0.0
11883,25,1.1283791670955126,1810.0,3712.0,45.00001609038752,0.0,0.0,0.0
11884,25,1.1283791670955126,5518.0,3712.0,45.00001609038752,0.0,0.0,0.0
11885,136550,83.39325148561758,5555.726107652875,3762.769315269132,16.558307237858905,114.83219645748125,62.81680249081047,314.45079348883235
11886,10750,23.398568422792877,1805.1302325581396,3726.5813953488373,36.00175629809104,27.103470916742577,20.774790843076232,80.66904755831213
11887,25,1.1283791670955126,2122.0,3716.0,45.00001609038752,0.0,0.0,0.0
11888,25,1.1283791670955126,1790.0,3720.0,45.00001609038752,0.0,0.0,0.0
11889,100,2.256758334191025,7290.0,3720.75,90.00003218077504,2.8284271247461903,1.7320508075688772,4.621320343559642
11890,25,1.1283791670955126,1789.0,3721.0,45.00001609038752,0.0,0.0,0.0
11891,229600,108.13617331331702,1797.1232578397212,3811.355074041812,-1.367034660246581,170.29993825504897,79.72223105155243,493.5462479183373
11892,6925,18.77997214831907,131.01805054151623,3734.1191335740073,-36.377583914974075,20.493690842002945,18.96206030699548,66.5269119345812
11893,14050,26.749964937194992,4926.921708185054,3746.288256227758,-39.366525814452466,41.33953119960976,20.16074100001471,126.43250352560273
11894,25,1.1283791670955126,5582.0,3728.0,45.00001609038752,0.0,0.0,0.0
11895,794350,201.13655384940617,1691.2629823125826,3862.7796626172344,-10.225684371434307,245.38100225240726,193.01934122742915,2234.1555544218268
11896,25,1.1283791670955126,1795.0,3733.0,45.00001609038752,0.0,0.0,0.0
11897,25,1.1283791670955126,1796.0,3734.0,45.00001609038752,0.0,0.0,0.0
11898,25,1.1283791670955126,1797.0,3735.0,45.00001609038752,0.0,0.0,0.0
11899,11075,23.74963406702674,1818.2799097065463,3749.002257336343,-4.600967419084894,26.600687169098048,21.904540892559083,83.76955262170047
11900,2625,11.562445770562215,1834.3333333333333,3745.2761904761905,25.97554573915262,28.33965175530882,12.268393570123589,67.59188309203678
11901,6656850,582.2633309206503,3293.864853496774,4111.919748079046,42.86289314552565,863.5511117031612,475.34204789346506,3472.7131290972065
11902,75,1.9544100476116797,1838.6666666666667,3737.6666666666665,45.00001609038752,2.3094010767585034,1.3333333333333333,3.414213562373095
11903,50,1.5957691216057308,1846.5,3738.0,90.00003218077504,2.0,0.0,0.0
11904,50,1.5957691216057308,9531.5,3738.0,90.00003218077504,2.0,0.0,0.0
11905,25,1.1283791670955126,1837.0,3739.0,45.00001609038752,0.0,0.0,0.0
11906,725,6.076507779746499,1850.448275862069,3745.7241379310344,-10.862233301389173,16.257098250224715,5.248790382343751,26.242640687119284
11907,3908475,446.1580405913925,4900.881462718836,3970.19886272779,-59.50507010976828,559.4722727848449,390.55984249525983,3047.1891757554554
11908,1900,9.83698151873187,9544.75,3753.1710526315787,21.40795391567058,40.26841087877947,4.464785512712435,61.9350288425444
11909,200,3.1915382432114616,1845.375,3741.125,52.28015650318237,6.529835610733152,1.6915220651239518,7.207106781186548
11910,25,1.1283791670955126,9530.0,3740.0,45.00001609038752,0.0,0.0,0.0
11911,75,1.9544100476116797,1841.3333333333333,3741.3333333333335,45.00001609038752,2.3094010767585034,1.3333333333333333,3.414213562373095
11912,25,1.1283791670955126,1836.0,3742.0,45.00001609038752,0.0,0.0,0.0
11913,25,1.1283791670955126,1840.0,3743.0,45.00001609038752,0.0,0.0,0.0
11914,125,2.5231325220201604,1843.8,3743.6,71.5650767661759,3.098386676965933,1.7888543819998317,5.207106781186548
11915,175,2.985410660720923,9546.57142857143,3745.714285714286,-8.34962510252249,4.155374705678736,1.9054711331003737,7.207106781186548
11916,25,1.1283791670955126,1836.0,3745.0,45.00001609038752,0.0,0.0,0.0
11917,25,1.1283791670955126,1841.0,3745.0,45.00001609038752,0.0,0.0,0.0
11918,25,1.1283791670955126,1847.0,3745.0,45.00001609038752,0.0,0.0,0.0
11919,100,2.256758334191025,9413.5,3745.5,45.00001609038752,2.0,2.0,4.0
11920,25,1.1283791670955126,1842.0,3746.0,45.00001609038752,0.0,0.0,0.0
11921,25,1.1283791670955126,1846.0,3746.0,45.00001609038752,0.0,0.0,0.0
11922,25,1.1283791670955126,1837.0,3747.0,45.00001609038752,0.0,0.0,0.0
11923,75,1.9544100476116797,1844.0,3747.0,90.00003218077504,3.265986323710904,0.0,1.0
11924,200,3.1915382432114616,9415.125,3748.125,45.00001609038752,3.4641016151377544,2.7386127875258306,7.414213562373095
11925,25,1.1283791670955126,1838.0,3748.0,45.00001609038752,0.0,0.0,0.0
11926,25,1.1283791670955126,1876.0,3748.0,45.00001609038752,0.0,0.0,0.0
11927,25,1.1283791670955126,1840.0,3749.0,45.00001609038752,0.0,0.0,0.0
11928,25,1.1283791670955126,11183.0,3751.0,45.00001609038752,0.0,0.0,0.0
11929,25,1.1283791670955126,11187.0,3751.0,45.00001609038752,0.0,0.0,0.0
11930,50,1.5957691216057308,11184.5,3753.0,90.00003218077504,2.0,0.0,0.0
11931,75,1.9544100476116797,1837.0,3755.0,90.00003218077504,3.265986323710904,0.0,1.0
11932,150,2.763953195770684,11185.0,3755.5,-63.43497150498664,5.033222956847166,2.3094010767585034,4.0
11933,50,1.5957691216057308,1833.5,3756.0,90.00003218077504,2.0,0.0,0.0
11934,50,1.5957691216057308,1839.5,3756.0,90.00003218077504,2.0,0.0,0.0
11935,750,6.180387232371033,1842.2333333333333,3761.8333333333335,-23.95203142993298,15.784697110763048,4.403912832082366,28.520815280171306
11936,142250,85.1159973773619,6935.333216168717,3806.439367311072,-5.957771208852612,106.90404262275959,74.450518981984,328.492424049175
11937,25,1.1283791670955126,11188.0,3756.0,45.00001609038752,0.0,0.0,0.0
11938,300,3.9088200952233594,1830.5833333333333,3759.3333333333335,-10.86283966095139,6.271440079741481,2.8484177661741645,11.242640687119284
11939,375,4.370193722368317,1837.8,3760.2,-45.00001609038753,4.822171018673366,3.9999999999999996,11.899494936611665
11940,25,1.1283791670955126,9581.0,3758.0,45.00001609038752,0.0,0.0,0.0
11941,25,1.1283791670955126,9531.0,3759.0,45.00001609038752,0.0,0.0,0.0
11942,25,1.1283791670955126,9532.0,3761.0,45.00001609038752,0.0,0.0,0.0
11943,25,1.1283791670955126,11148.0,3762.0,45.00001609038752,0.0,0.0,0.0
11944,25,1.1283791670955126,4932.0,3763.0,45.00001609038752,0.0,0.0,0.0
11945,25,1.1283791670955126,11183.0,3763.0,45.00001609038752,0.0,0.0,0.0
11946,75,1.9544100476116797,1836.0,3764.0,90.00003218077504,3.265986323710904,0.0,1.0
11947,25,1.1283791670955126,11147.0,3764.0,45.00001609038752,0.0,0.0,0.0
11948,125,2.5231325220201604,11149.8,3764.8,45.00001609038752,4.0,1.3856406460551023,5.414213562373095
11949,25,1.1283791670955126,1691.0,3765.0,45.00001609038752,0.0,0.0,0.0
11950,25,1.1283791670955126,1812.0,3765.0,45.00001609038752,0.0,0.0,0.0
11951,25,1.1283791670955126,29.0,3766.0,45.00001609038752,0.0,0.0,0.0
11952,75,1.9544100476116797,1813.0,3767.0,0.0,3.265986323710904,0.0,1.0
11953,25,1.1283791670955126,11154.0,3766.0,45.00001609038752,0.0,0.0,0.0
11954,25,1.1283791670955126,30.0,3767.0,45.00001609038752,0.0,0.0,0.0
11955,25,1.1283791670955126,33.0,3767.0,45.00001609038752,0.0,0.0,0.0
11956,25,1.1283791670955126,9534.0,3767.0,45.00001609038752,0.0,0.0,0.0
11957,475,4.918490759365935,11158.473684210527,3768.3684210526317,-85.47067792426412,9.7719510812185,2.5566917877009643,16.82842712474619
11958,25,1.1283791670955126,32.0,3768.0,45.00001609038752,0.0,0.0,0.0
11959,625,5.641895835477563,11165.04,3771.16,-23.91940247322083,7.667757211006191,6.4226395938945995,20.071067811865476
11960,41150,45.779387180630515,49.136695018226,3798.681652490887,21.5855663370821,56.06403077181346,38.551065399305344,166.95331880577405
11961,25,1.1283791670955126,9535.0,3769.0,45.00001609038752,0.0,0.0,0.0
11962,19425,31.453253031430968,5299.2329472329475,3863.6229086229087,-43.962980018463796,260.7862137752646,35.797361155335686,480.2152954766495
11963,25,1.1283791670955126,9536.0,3770.0,45.00001609038752,0.0,0.0,0.0
11964,25,1.1283791670955126,9539.0,3772.0,45.00001609038752,0.0,0.0,0.0
11965,50,1.5957691216057308,5593.0,3773.5,0.0,2.0,0.0,0.0
11966,50,1.5957691216057308,9540.0,3773.5,0.0,2.0,0.0,0.0
11967,75,1.9544100476116797,9548.666666666666,3773.6666666666665,45.00001609038752,2.3094010767585034,1.3333333333333333,3.414213562373095
11968,50,1.5957691216057308,11163.0,3775.5,0.0,2.0,0.0,0.0
11969,224975,107.04149972357324,5616.642404711634,3851.1889098788756,7.131043730780169,141.27647616533375,82.76244048151867,437.2914139223983
11970,1966525,316.4716351087608,4545.64572024256,3934.1093680476984,15.972503402796942,352.5038966243796,302.42873934613084,1585.6204537917824
11971,25,1.1283791670955126,3911.0,3783.0,45.00001609038752,0.0,0.0,0.0
11972,25,1.1283791670955126,2118.0,3784.0,45.00001609038752,0.0,0.0,0.0
11973,25,1.1283791670955126,68.0,3785.0,45.00001609038752,0.0,0.0,0.0
11974,25,1.1283791670955126,4605.0,3785.0,45.00001609038752,0.0,0.0,0.0
11975,25,1.1283791670955126,3910.0,3786.0,45.00001609038752,0.0,0.0,0.0
11976,25,1.1283791670955126,70.0,3789.0,45.00001609038752,0.0,0.0,0.0
11977,25,1.1283791670955126,71.0,3791.0,45.00001609038752,0.0,0.0,0.0
11978,25,1.1283791670955126,72.0,3793.0,45.00001609038752,0.0,0.0,0.0
11979,100,2.256758334191025,73.25,3795.0,0.0,2.8284271247461903,1.7320508075688772,4.621320343559642
11980,25,1.1283791670955126,4676.0,3797.0,45.00001609038752,0.0,0.0,0.0
11981,25,1.1283791670955126,11724.0,3797.0,45.00001609038752,0.0,0.0,0.0
11982,25,1.1283791670955126,11723.0,3798.0,45.00001609038752,0.0,0.0,0.0
11983,25,1.1283791670955126,8738.0,3799.0,45.00001609038752,0.0,0.0,0.0
11984,50,1.5957691216057308,11725.0,3799.5,0.0,2.0,0.0,0.0
11985,125,2.5231325220201604,8739.6,3801.4,20.99361375446966,4.34169545110285,1.2765894445250698,4.207106781186548
11986,25,1.1283791670955126,5221.0,3801.0,45.00001609038752,0.0,0.0,0.0
11987,25,1.1283791670955126,11723.0,3801.0,45.00001609038752,0.0,0.0,0.0
11988,2650,11.617374563210365,1867.8396226415093,3814.556603773585,42.52902766003499,35.85724209048578,6.19670598789336,69.39087296526012
11989,25,1.1283791670955126,11722.0,3802.0,45.00001609038752,0.0,0.0,0.0
11990,50,1.5957691216057308,1851.5,3804.0,90.00003218077504,2.0,0.0,0.0
11991,125,2.5231325220201604,8741.0,3806.0,0.0,5.656854249492381,0.0,3.0
11992,25,1.1283791670955126,1845.0,3805.0,45.00001609038752,0.0,0.0,0.0
11993,25,1.1283791670955126,1842.0,3806.0,45.00001609038752,0.0,0.0,0.0
11994,1375,8.368283871884005,2280.309090909091,3814.0363636363636,9.13765976970195,26.152773084382975,9.656414670792362,47.21320343559643
11995,100,2.256758334191025,1724.5,3808.0,31.71748575249332,3.23606797749979,1.2360679774997898,4.414213562373095
11996,25,1.1283791670955126,1840.0,3807.0,45.00001609038752,0.0,0.0,0.0
11997,200,3.1915382432114616,5221.125,3808.625,-11.309936518046797,4.0,3.082207001484488,7.414213562373095
11998,25,1.1283791670955126,1838.0,3808.0,45.00001609038752,0.0,0.0,0.0
11999,800,6.383076486422923,5205.25,3812.25,52.34867835776084,10.076295452737336,6.202279415597534,22.520815280171306
12000,900,6.770275002573076,5226.472222222223,3810.6666666666665,-61.16378369164141,9.170853718988168,5.486831381419587,23.899494936611667
12001,25,1.1283791670955126,1837.0,3809.0,45.00001609038752,0.0,0.0,0.0
12002,25,1.1283791670955126,4888.0,3809.0,45.00001609038752,0.0,0.0,0.0
12003,25,1.1283791670955126,5206.0,3809.0,45.00001609038752,0.0,0.0,0.0
12004,100,2.256758334191025,9430.25,3810.25,18.43495541459913,3.4641016151377544,1.4142135623730951,3.2071067811865475
12005,25,1.1283791670955126,1836.0,3810.0,45.00001609038752,0.0,0.0,0.0
12006,25,1.1283791670955126,2270.0,3810.0,45.00001609038752,0.0,0.0,0.0
12007,25,1.1283791670955126,4887.0,3810.0,45.00001609038752,0.0,0.0,0.0
12008,25,1.1283791670955126,1835.0,3811.0,45.00001609038752,0.0,0.0,0.0
12009,219575,105.74905636178951,2065.8042809973813,3888.803370146875,-40.57747027907034,154.01766655716114,81.18324686213153,532.8010819142764
12010,25,1.1283791670955126,2269.0,3811.0,45.00001609038752,0.0,0.0,0.0
12011,25,1.1283791670955126,5188.0,3811.0,45.00001609038752,0.0,0.0,0.0
12012,25,1.1283791670955126,5201.0,3811.0,45.00001609038752,0.0,0.0,0.0
12013,25,1.1283791670955126,5234.0,3811.0,45.00001609038752,0.0,0.0,0.0
12014,25,1.1283791670955126,5579.0,3811.0,45.00001609038752,0.0,0.0,0.0
12015,25,1.1283791670955126,1667.0,3812.0,45.00001609038752,0.0,0.0,0.0
12016,25,1.1283791670955126,1685.0,3812.0,45.00001609038752,0.0,0.0,0.0
12017,25,1.1283791670955126,1834.0,3812.0,45.00001609038752,0.0,0.0,0.0
12018,50,1.5957691216057308,1888.0,3812.5,0.0,2.0,0.0,0.0
12019,25,1.1283791670955126,2268.0,3812.0,45.00001609038752,0.0,0.0,0.0
12020,50,1.5957691216057308,5189.5,3812.0,90.00003218077504,2.0,0.0,0.0
12021,50,1.5957691216057308,5220.0,3812.5,0.0,2.0,0.0,0.0
12022,225,3.385137501286538,5231.666666666667,3813.4444444444443,43.63686010601882,4.309594144143423,3.2042010682234374,7.414213562373095
12023,25,1.1283791670955126,9429.0,3812.0,45.00001609038752,0.0,0.0,0.0
12024,25,1.1283791670955126,9432.0,3812.0,45.00001609038752,0.0,0.0,0.0
12025,25,1.1283791670955126,1833.0,3813.0,45.00001609038752,0.0,0.0,0.0
12026,25,1.1283791670955126,2267.0,3813.0,45.00001609038752,0.0,0.0,0.0
12027,25,1.1283791670955126,5578.0,3813.0,45.00001609038752,0.0,0.0,0.0
12028,25,1.1283791670955126,9434.0,3813.0,45.00001609038752,0.0,0.0,0.0
12029,50,1.5957691216057308,1684.5,3814.0,90.00003218077504,2.0,0.0,0.0
12030,25,1.1283791670955126,2266.0,3814.0,45.00001609038752,0.0,0.0,0.0
12031,25,1.1283791670955126,5221.0,3814.0,45.00001609038752,0.0,0.0,0.0
12032,5175,16.23454913941803,9451.410628019325,3853.5555555555557,18.769245577546894,84.05922909245119,4.355487725529853,142.91168824543144
12033,100,2.256758334191025,1681.0,3815.75,90.00003218077504,2.8284271247461903,1.7320508075688772,4.621320343559642
12034,25,1.1283791670955126,5200.0,3815.0,45.00001609038752,0.0,0.0,0.0
12035,100,2.256758334191025,5218.0,3815.25,90.00003218077504,2.8284271247461903,1.7320508075688772,4.621320343559642
12036,25,1.1283791670955126,5229.0,3815.0,45.00001609038752,0.0,0.0,0.0
12037,25,1.1283791670955126,5577.0,3815.0,45.00001609038752,0.0,0.0,0.0
12038,25,1.1283791670955126,1831.0,3816.0,45.00001609038752,0.0,0.0,0.0
12039,25,1.1283791670955126,2265.0,3816.0,45.00001609038752,0.0,0.0,0.0
12040,75,1.9544100476116797,2285.0,3817.0,0.0,3.265986323710904,0.0,1.0
12041,50,1.5957691216057308,4888.0,3816.5,0.0,2.0,0.0,0.0
12042,275,3.742410318509555,5223.818181818182,3816.2727272727275,-84.4354355462698,9.198243604151171,1.549380218507389,10.0
12043,75,1.9544100476116797,5230.333333333333,3816.3333333333335,45.00001609038752,2.3094010767585034,1.3333333333333333,3.414213562373095
12044,25,1.1283791670955126,5234.0,3816.0,45.00001609038752,0.0,0.0,0.0
12045,25,1.1283791670955126,1679.0,3817.0,45.00001609038752,0.0,0.0,0.0
12046,125,2.5231325220201604,1683.0,3817.8,-34.0993074495102,3.335641688875783,2.0575457524521585,5.621320343559642
12047,25,1.1283791670955126,5205.0,3817.0,45.00001609038752,0.0,0.0,0.0
12048,2825,11.994835078277376,5222.0353982300885,3821.646017699115,-88.97105776638405,23.670141910248446,9.083701733115422,75.8700576850888
12049,25,1.1283791670955126,5217.0,3817.0,45.00001609038752,0.0,0.0,0.0
12050,775,6.282549314314218,1678.8387096774193,3822.548387096774,37.44863239270954,10.261846090505937,5.917348586527303,25.485281374238568
12051,25,1.1283791670955126,1830.0,3818.0,45.00001609038752,0.0,0.0,0.0
12052,25,1.1283791670955126,2120.0,3818.0,45.00001609038752,0.0,0.0,0.0
12053,125,2.5231325220201604,5235.6,3819.2,-18.43495541459913,3.098386676965933,1.7888543819998317,5.207106781186548
12054,25,1.1283791670955126,1681.0,3819.0,45.00001609038752,0.0,0.0,0.0
12055,25,1.1283791670955126,1674.0,3820.0,45.00001609038752,0.0,0.0,0.0
12056,50,1.5957691216057308,1684.5,3820.0,90.00003218077504,2.0,0.0,0.0
12057,25,1.1283791670955126,1829.0,3820.0,45.00001609038752,0.0,0.0,0.0
12058,50,1.5957691216057308,2121.0,3820.5,0.0,2.0,0.0,0.0
12059,25,1.1283791670955126,67.0,3821.0,45.00001609038752,0.0,0.0,0.0
12060,25,1.1283791670955126,5239.0,3821.0,45.00001609038752,0.0,0.0,0.0
12061,25,1.1283791670955126,1681.0,3822.0,45.00001609038752,0.0,0.0,0.0
12062,25,1.1283791670955126,1727.0,3823.0,45.00001609038752,0.0,0.0,0.0
12063,18325,30.549706811864404,5564.276944065485,3839.356070941337,17.511798620025107,40.38092199801069,23.969111205176848,110.18376618407356
12064,75,1.9544100476116797,5171.333333333333,3824.6666666666665,-45.00001609038752,2.3094010767585034,1.3333333333333333,3.414213562373095
12065,350,4.222008245644752,5188.285714285715,3825.0714285714284,89.02433125355579,7.473328402755979,2.8114879735430316,11.621320343559642
12066,25,1.1283791670955126,5212.0,3824.0,45.00001609038752,0.0,0.0,0.0
12067,25,1.1283791670955126,5230.0,3824.0,45.00001609038752,0.0,0.0,0.0
12068,200,3.1915382432114616,5232.875,3825.125,-45.00001609038752,3.4641016151377544,2.7386127875258306,7.414213562373095
12069,25,1.1283791670955126,1739.0,3825.0,45.00001609038752,0.0,0.0,0.0
12070,50,1.5957691216057308,1878.0,3825.5,0.0,2.0,0.0,0.0
12071,25,1.1283791670955126,5184.0,3826.0,45.00001609038752,0.0,0.0,0.0
12072,1500,8.740387444736633,1880.8166666666666,3843.9,0.8246324561938843,35.62163133595275,3.2662317514772297,55.41421356237309
12073,25,1.1283791670955126,2267.0,3827.0,45.00001609038752,0.0,0.0,0.0
12074,50,1.5957691216057308,2277.5,3827.0,90.00003218077504,2.0,0.0,0.0
12075,25,1.1283791670955126,2268.0,3828.0,45.00001609038752,0.0,0.0,0.0
12076,25,1.1283791670955126,2276.0,3828.0,45.00001609038752,0.0,0.0,0.0
12077,25,1.1283791670955126,2271.0,3829.0,45.00001609038752,0.0,0.0,0.0
12078,25,1.1283791670955126,2275.0,3829.0,45.00001609038752,0.0,0.0,0.0
12079,50,1.5957691216057308,2273.5,3830.0,90.00003218077504,2.0,0.0,0.0
12080,25,1.1283791670955126,8981.0,3830.0,45.00001609038752,0.0,0.0,0.0
12081,75,1.9544100476116797,1649.6666666666667,3831.6666666666665,45.00001609038752,2.3094010767585034,1.3333333333333333,3.414213562373095
12082,125,2.5231325220201604,1877.0,3833.0,0.0,5.656854249492381,0.0,3.0
12083,25,1.1283791670955126,4848.0,3831.0,45.00001609038752,0.0,0.0,0.0
12084,25,1.1283791670955126,1824.0,3832.0,45.00001609038752,0.0,0.0,0.0
12085,25,1.1283791670955126,4845.0,3832.0,45.00001609038752,0.0,0.0,0.0
12086,50,1.5957691216057308,4852.5,3832.0,90.00003218077504,2.0,0.0,0.0
12087,25,1.1283791670955126,5260.0,3832.0,45.00001609038752,0.0,0.0,0.0
12088,50,1.5957691216057308,1884.5,3833.0,90.00003218077504,2.0,0.0,0.0
12089,25,1.1283791670955126,1650.0,3834.0,45.00001609038752,0.0,0.0,0.0
12090,25,1.1283791670955126,5259.0,3834.0,45.00001609038752,0.0,0.0,0.0
12091,25,1.1283791670955126,8980.0,3834.0,45.00001609038752,0.0,0.0,0.0
12092,25,1.1283791670955126,1823.0,3835.0,45.00001609038752,0.0,0.0,0.0
12093,125,2.5231325220201604,5250.6,3836.8,-84.84760710407011,4.093338188813542,1.563516060678838,4.414213562373095
12094,50,1.5957691216057308,5257.5,3836.0,90.00003218077504,2.0,0.0,0.0
12095,100,2.256758334191025,1878.0,3838.5,0.0,4.47213595499958,0.0,2.0
12096,100,2.256758334191025,4890.25,3838.0,0.0,2.8284271247461903,1.7320508075688772,4.621320343559642
12097,25,1.1283791670955126,5238.0,3840.0,45.00001609038752,0.0,0.0,0.0
12098,25,1.1283791670955126,5262.0,3841.0,45.00001609038752,0.0,0.0,0.0
12099,25,1.1283791670955126,9429.0,3841.0,45.00001609038752,0.0,0.0,0.0
12100,50,1.5957691216057308,1878.0,3842.5,0.0,2.0,0.0,0.0
12101,25,1.1283791670955126,5239.0,3842.0,45.00001609038752,0.0,0.0,0.0
12102,25,1.1283791670955126,5263.0,3842.0,45.00001609038752,0.0,0.0,0.0
12103,25,1.1283791670955126,8978.0,3842.0,45.00001609038752,0.0,0.0,0.0
12104,25,1.1283791670955126,9430.0,3843.0,45.00001609038752,0.0,0.0,0.0
12105,75,1.9544100476116797,1651.0,3845.0,0.0,3.265986323710904,0.0,1.0
12106,25,1.1283791670955126,5237.0,3844.0,45.00001609038752,0.0,0.0,0.0
12107,25,1.1283791670955126,5549.0,3844.0,45.00001609038752,0.0,0.0,0.0
12108,25,1.1283791670955126,9161.0,3844.0,45.00001609038752,0.0,0.0,0.0
12109,250,3.5682482323055424,5240.9,3847.8,62.445373081972235,4.879797332506243,2.997928950736651,10.242640687119284
12110,30000,39.08820095223359,5546.195,3864.875,68.32107971079542,60.305578847851486,28.74355742003589,214.33809511662426
12111,25,1.1283791670955126,9160.0,3846.0,45.00001609038752,0.0,0.0,0.0
12112,325,4.068428945128219,5247.615384615385,3848.6153846153848,-89.02099811609064,8.382597178703502,1.9410222817299072,13.621320343559644
12113,225,3.385137501286538,5254.333333333333,3848.8888888888887,79.7220058959307,4.665100583384071,2.874287373408285,8.414213562373096
12114,75,1.9544100476116797,5262.666666666667,3848.3333333333335,-45.00001609038752,2.3094010767585034,1.3333333333333333,3.414213562373095
12115,25,1.1283791670955126,5258.0,3849.0,45.00001609038752,0.0,0.0,0.0
12116,125,2.5231325220201604,1877.0,3852.0,0.0,5.656854249492381,0.0,3.0
12117,50,1.5957691216057308,9495.0,3850.5,0.0,2.0,0.0,0.0
12118,25,1.1283791670955126,5238.0,3852.0,45.00001609038752,0.0,0.0,0.0
12119,25,1.1283791670955126,5261.0,3852.0,45.00001609038752,0.0,0.0,0.0
12120,50,1.5957691216057308,5251.5,3853.0,90.00003218077504,2.0,0.0,0.0
12121,3325,13.013103375051497,9858.293233082706,3861.248120300752,25.0210984626313,15.513078678923222,13.023639263196882,48.8700576850888
12122,25,1.1283791670955126,5251.0,3855.0,45.00001609038752,0.0,0.0,0.0
12123,25,1.1283791670955126,5283.0,3855.0,45.00001609038752,0.0,0.0,0.0
12124,2650,11.617374563210365,1875.188679245283,3870.745283018868,-14.023755235387634,29.712561354640975,5.263739314753402,63.8700576850888
12125,25,1.1283791670955126,5563.0,3858.0,45.00001609038752,0.0,0.0,0.0
12126,25,1.1283791670955126,5564.0,3859.0,45.00001609038752,0.0,0.0,0.0
12127,25,1.1283791670955126,1882.0,3860.0,45.00001609038752,0.0,0.0,0.0
12128,25,1.1283791670955126,5259.0,3860.0,45.00001609038752,0.0,0.0,0.0
12129,25,1.1283791670955126,5565.0,3860.0,45.00001609038752,0.0,0.0,0.0
12130,18125,30.38253889873249,9932.806896551725,3877.9324137931035,46.27505777408981,47.233379792588316,20.12530196414317,114.85281374238569
12131,25,1.1283791670955126,1881.0,3861.0,45.00001609038752,0.0,0.0,0.0
12132,25,1.1283791670955126,6139.0,3861.0,45.00001609038752,0.0,0.0,0.0
12133,50,1.5957691216057308,1840.0,3862.5,0.0,2.0,0.0,0.0
12134,25,1.1283791670955126,4932.0,3862.0,45.00001609038752,0.0,0.0,0.0
12135,25,1.1283791670955126,6138.0,3862.0,45.00001609038752,0.0,0.0,0.0
12136,625,5.641895835477563,1845.16,3865.52,-26.629728511772694,8.516454035881608,4.253705520451066,18.449747468305834
12137,7247950,607.5648626529754,5496.853610331197,4171.669182320518,-76.010717317936,684.368372524217,551.2432622905442,2909.5262248515533
12138,25,1.1283791670955126,867.0,3865.0,45.00001609038752,0.0,0.0,0.0
12139,25,1.1283791670955126,1582.0,3865.0,45.00001609038752,0.0,0.0,0.0
12140,28200,37.89741688375691,882.6214539007092,3894.8377659574467,35.84779984098448,53.12743967042901,28.059882861554406,151.95331880577405
12141,25,1.1283791670955126,4927.0,3869.0,45.00001609038752,0.0,0.0,0.0
12142,25,1.1283791670955126,5276.0,3869.0,45.00001609038752,0.0,0.0,0.0
12143,50,1.5957691216057308,8752.0,3870.5,0.0,2.0,0.0,0.0
12144,50,1.5957691216057308,5575.0,3871.5,0.0,2.0,0.0,0.0
12145,25,1.1283791670955126,9147.0,3871.0,45.00001609038752,0.0,0.0,0.0
12146,25,1.1283791670955126,4925.0,3872.0,45.00001609038752,0.0,0.0,0.0
12147,25,1.1283791670955126,9146.0,3872.0,45.00001609038752,0.0,0.0,0.0
12148,100,2.256758334191025,11739.5,3872.5,45.00001609038752,2.0,2.0,4.0
12149,25,1.1283791670955126,5576.0,3873.0,45.00001609038752,0.0,0.0,0.0
12150,25,1.1283791670955126,9434.0,3873.0,45.00001609038752,0.0,0.0,0.0
12151,75,1.9544100476116797,863.0,3875.0,0.0,3.265986323710904,0.0,1.0
12152,25,1.1283791670955126,9435.0,3874.0,45.00001609038752,0.0,0.0,0.0
12153,25,1.1283791670955126,4901.0,3875.0,45.00001609038752,0.0,0.0,0.0
12154,25,1.1283791670955126,9436.0,3875.0,45.00001609038752,0.0,0.0,0.0
12155,50,1.5957691216057308,11746.0,3875.5,0.0,2.0,0.0,0.0
12156,50,1.5957691216057308,10810.0,3876.5,0.0,2.0,0.0,0.0
12157,50,1.5957691216057308,8752.0,3877.5,0.0,2.0,0.0,0.0
12158,50,1.5957691216057308,10811.0,3879.5,0.0,2.0,0.0,0.0
12159,25,1.1283791670955126,9449.0,3880.0,45.00001609038752,0.0,0.0,0.0
12160,50,1.5957691216057308,9463.0,3881.5,0.0,2.0,0.0,0.0
12161,25,1.1283791670955126,10810.0,3881.0,45.00001609038752,0.0,0.0,0.0
12162,25,1.1283791670955126,9439.0,3882.0,45.00001609038752,0.0,0.0,0.0
12163,550,5.292567428401227,1872.1818181818182,3889.0454545454545,-19.51214954532022,15.416851241024185,1.9850774601699679,17.414213562373096
12164,75,1.9544100476116797,9464.0,3884.0,0.0,3.265986323710904,0.0,1.0
12165,425,4.652426491681278,10810.941176470587,3890.1176470588234,0.9249522508748426,18.90816131120747,0.8904237836436045,16.414213562373096
12166,75,1.9544100476116797,10846.333333333334,3884.6666666666665,-45.00001609038752,2.3094010767585034,1.3333333333333333,3.414213562373095
12167,250,3.5682482323055424,863.6,3888.2,4.065052630594627,5.0050940849486345,2.6361018949980273,9.035533905932738
12168,825,6.4820448144285745,9464.60606060606,3892.0,15.601436830006856,11.415118452731502,4.24263332853903,23.071067811865476
12169,25,1.1283791670955126,11719.0,3887.0,45.00001609038752,0.0,0.0,0.0
12170,25,1.1283791670955126,8755.0,3888.0,45.00001609038752,0.0,0.0,0.0
12171,25,1.1283791670955126,1869.0,3889.0,45.00001609038752,0.0,0.0,0.0
12172,67100,58.45831795449795,9969.115126676603,3919.124068554396,-36.38816859980555,60.69089240370397,59.07066542571748,242.7878425849301
12173,100,2.256758334191025,1817.75,3892.0,0.0,2.8284271247461903,1.7320508075688772,4.621320343559642
12174,50,1.5957691216057308,864.0,3893.5,0.0,2.0,0.0,0.0
12175,25,1.1283791670955126,10004.0,3894.0,45.00001609038752,0.0,0.0,0.0
12176,25,1.1283791670955126,10006.0,3894.0,45.00001609038752,0.0,0.0,0.0
12177,75,1.9544100476116797,10009.0,3894.0,90.00003218077504,3.265986323710904,0.0,1.0
12178,25,1.1283791670955126,10002.0,3895.0,45.00001609038752,0.0,0.0,0.0
12179,125,2.5231325220201604,10012.2,3895.8,-45.00001609038752,4.0,1.3856406460551023,5.414213562373095
12180,4400,14.96964127403822,5172.9375,3918.3125,31.192790384455925,45.329529635950976,12.597605013428195,108.76955262170048
12181,225,3.385137501286538,10000.111111111111,3897.1111111111113,11.9812487713528,4.0171906061502325,2.8906758369544234,8.414213562373096
12182,25,1.1283791670955126,193.0,3897.0,45.00001609038752,0.0,0.0,0.0
12183,175,2.985410660720923,1867.7142857142858,3898.4285714285716,-30.963767603603337,4.0,2.2131333406899523,7.65685424949238
12184,50,1.5957691216057308,1872.0,3897.5,0.0,2.0,0.0,0.0
12185,50,1.5957691216057308,9468.0,3897.5,0.0,2.0,0.0,0.0
12186,25,1.1283791670955126,10014.0,3898.0,45.00001609038752,0.0,0.0,0.0
12187,1025,7.225151993843567,168.1951219512195,3901.829268292683,-82.82007721108232,10.253685791521562,5.5463489952534175,25.692388155425114
12188,25,1.1283791670955126,2928.0,3899.0,45.00001609038752,0.0,0.0,0.0
12189,100,2.256758334191025,9466.0,3900.5,0.0,4.47213595499958,0.0,2.0
12190,25,1.1283791670955126,10012.0,3899.0,45.00001609038752,0.0,0.0,0.0
12191,275,3.742410318509555,1870.1818181818182,3902.4545454545455,-11.51752636284589,6.575724181753043,2.5967908194324094,10.621320343559642
12192,50,1.5957691216057308,9469.0,3900.5,0.0,2.0,0.0,0.0
12193,50,1.5957691216057308,10001.0,3900.5,0.0,2.0,0.0,0.0
12194,25,1.1283791670955126,10859.0,3901.0,45.00001609038752,0.0,0.0,0.0
12195,75,1.9544100476116797,1867.0,3903.0,0.0,3.265986323710904,0.0,1.0
12196,75,1.9544100476116797,9467.0,3904.0,0.0,3.265986323710904,0.0,1.0
12197,200,3.1915382432114616,9470.625,3905.875,11.309936518046797,7.745966692414834,1.224744871391589,6.0
12198,25,1.1283791670955126,1595.0,3904.0,45.00001609038752,0.0,0.0,0.0
12199,25,1.1283791670955126,8965.0,3904.0,45.00001609038752,0.0,0.0,0.0
12200,125,2.5231325220201604,10014.2,3904.8,-45.00001609038752,4.0,1.3856406460551023,5.414213562373095
12201,75,1.9544100476116797,1596.0,3906.0,0.0,3.265986323710904,0.0,1.0
12202,50,1.5957691216057308,1866.0,3905.5,0.0,2.0,0.0,0.0
12203,225,3.385137501286538,10854.0,3907.0,31.71748575249332,5.28447687855656,2.0184905548456555,9.65685424949238
12204,500,5.046265044040321,1820.95,3911.15,-6.5984048264593635,9.961382741201634,3.0283417712157616,17.035533905932738
12205,100,2.256758334191025,9468.0,3907.5,0.0,4.47213595499958,0.0,2.0
12206,50,1.5957691216057308,10000.0,3906.5,0.0,2.0,0.0,0.0
12207,1522775,278.4857158084836,10702.667038794307,4229.261791794585,4.502224373044742,454.8013445694221,193.89449131632307,2267.8580438450185
12208,50,1.5957691216057308,1783.5,3907.0,90.00003218077504,2.0,0.0,0.0
12209,50,1.5957691216057308,1868.0,3907.5,0.0,2.0,0.0,0.0
12210,50,1.5957691216057308,1779.0,3908.5,0.0,2.0,0.0,0.0
12211,50,1.5957691216057308,1786.5,3908.0,90.00003218077504,2.0,0.0,0.0
12212,25,1.1283791670955126,8964.0,3908.0,45.00001609038752,0.0,0.0,0.0
12213,50,1.5957691216057308,9995.5,3908.0,90.00003218077504,2.0,0.0,0.0
12214,200,3.1915382432114616,10014.625,3910.125,-2.746163260492947,5.459849621244983,1.9209482328764156,8.414213562373096
12215,25,1.1283791670955126,1788.0,3909.0,45.00001609038752,0.0,0.0,0.0
12216,1075,7.399277020331919,1866.2093023255813,3913.9767441860463,-19.12022545977565,12.811602791165088,4.992064005985231,29.899494936611667
12217,125,2.5231325220201604,9997.4,3909.8,-18.43495541459913,3.098386676965933,1.7888543819998317,5.207106781186548
12218,119325,77.95622070765701,884.2424051958935,3978.5920804525454,4.724429111371135,145.31318538554274,43.13349327617989,334.16652224137044
12219,25,1.1283791670955126,1597.0,3910.0,45.00001609038752,0.0,0.0,0.0
12220,750,6.180387232371033,1776.1666666666667,3916.9,-4.600112500722887,18.044712640248694,2.952496336955886,26.035533905932738
12221,100,2.256758334191025,9455.5,3910.5,45.00001609038752,2.0,2.0,4.0
12222,4525,15.180789096653193,9476.966850828729,3946.0828729281766,11.852375855068122,88.70953110901519,4.300188575187965,150.90559159102156
12223,50,1.5957691216057308,1789.0,3911.5,0.0,2.0,0.0,0.0
12224,800,6.383076486422923,10005.375,3916.34375,57.113469772822384,14.986995809458454,5.634654524216612,27.692388155425117
12225,100,2.256758334191025,10833.0,3912.5,0.0,4.47213595499958,0.0,2.0
12226,25,1.1283791670955126,10866.0,3912.0,45.00001609038752,0.0,0.0,0.0
12227,25,1.1283791670955126,9998.0,3913.0,45.00001609038752,0.0,0.0,0.0
12228,75,1.9544100476116797,10013.666666666666,3914.6666666666665,45.00001609038752,2.3094010767585034,1.3333333333333333,3.414213562373095
12229,175,2.985410660720923,1790.7142857142858,3917.1428571428573,24.542817165616285,5.411970601382009,1.8340216558881306,6.414213562373096
12230,25,1.1283791670955126,10832.0,3915.0,45.00001609038752,0.0,0.0,0.0
12231,25,1.1283791670955126,10012.0,3916.0,45.00001609038752,0.0,0.0,0.0
12232,102775,72.34837778697083,1822.353198735101,3961.6837752371684,29.3448912396147,89.88881403851097,60.67177162488562,286.03657992645924
12233,150,2.763953195770684,1600.5,3921.0,17.608802780371004,5.404236119112784,1.208676398190789,4.0
12234,50,1.5957691216057308,5176.0,3919.5,0.0,2.0,0.0,0.0
12235,25,1.1283791670955126,9475.0,3919.0,45.00001609038752,0.0,0.0,0.0
12236,25,1.1283791670955126,1790.0,3920.0,45.00001609038752,0.0,0.0,0.0
12237,4025,14.317526556719258,3847.2795031055903,3928.9627329192544,25.493786654363337,22.318481600859908,9.551015733563807,54.04163056034261
12238,300,3.9088200952233594,1866.0,3924.0,-14.089300092806635,9.364098842461186,1.7263601985923325,11.0
12239,100,2.256758334191025,1863.0,3923.5,0.0,4.47213595499958,0.0,2.0
12240,25,1.1283791670955126,10006.0,3922.0,45.00001609038752,0.0,0.0,0.0
12241,50,1.5957691216057308,1602.0,3924.5,0.0,2.0,0.0,0.0
12242,25,1.1283791670955126,1791.0,3924.0,45.00001609038752,0.0,0.0,0.0
12243,50,1.5957691216057308,8764.0,3925.5,0.0,2.0,0.0,0.0
12244,50,1.5957691216057308,1603.0,3926.5,0.0,2.0,0.0,0.0
12245,125,2.5231325220201604,1773.4,3927.6,20.993613754469656,4.34169545110285,1.27658944452507,4.207106781186548
12246,200,3.1915382432114616,3838.25,3928.125,18.35710805186483,4.85541285240798,2.274855167405477,7.449747468305832
12247,50,1.5957691216057308,1777.0,3927.5,0.0,2.0,0.0,0.0
12248,1300,8.136857890256438,1860.0384615384614,3936.596153846154,-26.21581252810434,23.277699936182756,4.554812709336351,43.7634559672906
12249,25,1.1283791670955126,1828.0,3928.0,45.00001609038752,0.0,0.0,0.0
12250,50,1.5957691216057308,1604.0,3929.5,0.0,2.0,0.0,0.0
12251,50,1.5957691216057308,1792.0,3929.5,0.0,2.0,0.0,0.0
12252,25,1.1283791670955126,1829.0,3929.0,45.00001609038752,0.0,0.0,0.0
12253,25,1.1283791670955126,1830.0,3930.0,45.00001609038752,0.0,0.0,0.0
12254,50,1.5957691216057308,1605.0,3931.5,0.0,2.0,0.0,0.0
12255,25,1.1283791670955126,1831.0,3931.0,45.00001609038752,0.0,0.0,0.0
12256,25,1.1283791670955126,2288.0,3931.0,45.00001609038752,0.0,0.0,0.0
12257,25,1.1283791670955126,3840.0,3931.0,45.00001609038752,0.0,0.0,0.0
12258,25,1.1283791670955126,3855.0,3931.0,45.00001609038752,0.0,0.0,0.0
12259,25,1.1283791670955126,9450.0,3931.0,45.00001609038752,0.0,0.0,0.0
12260,150,2.763953195770684,1772.5,3933.0,0.0,3.265986323710904,2.0,6.0
12261,25,1.1283791670955126,1832.0,3932.0,45.00001609038752,0.0,0.0,0.0
12262,25,1.1283791670955126,9451.0,3932.0,45.00001609038752,0.0,0.0,0.0
12263,25,1.1283791670955126,1778.0,3933.0,45.00001609038752,0.0,0.0,0.0
12264,150,2.763953195770684,3838.1666666666665,3933.6666666666665,26.565060675788384,3.0550504633038935,2.666666666666667,6.414213562373095
12265,25,1.1283791670955126,9452.0,3933.0,45.00001609038752,0.0,0.0,0.0
12266,25,1.1283791670955126,3856.0,3934.0,45.00001609038752,0.0,0.0,0.0
12267,25,1.1283791670955126,9453.0,3934.0,45.00001609038752,0.0,0.0,0.0
12268,250,3.5682482323055424,1774.5,3938.6,-2.386771230485251,8.987401157475425,1.9663724048636848,9.207106781186548
12269,575,5.4115163798060095,1779.5217391304348,3940.695652173913,26.416146883630788,11.616073278309795,3.4025341391913333,19.863961030678926
12270,25,1.1283791670955126,1834.0,3935.0,45.00001609038752,0.0,0.0,0.0
12271,500,5.046265044040321,3839.25,3937.3,-69.47809611983699,10.081206058851112,3.8896380807195454,19.071067811865476
12272,50,1.5957691216057308,5193.5,3935.0,90.00003218077504,2.0,0.0,0.0
12273,25,1.1283791670955126,9454.0,3935.0,45.00001609038752,0.0,0.0,0.0
12274,975,7.046725639945928,9466.692307692309,3946.230769230769,4.032327934914378,18.07678202321494,5.462366406074086,28.86396103067893
12275,25,1.1283791670955126,11720.0,3935.0,45.00001609038752,0.0,0.0,0.0
12276,25,1.1283791670955126,1835.0,3936.0,45.00001609038752,0.0,0.0,0.0
12277,50,1.5957691216057308,3857.0,3936.5,0.0,2.0,0.0,0.0
12278,25,1.1283791670955126,5198.0,3936.0,45.00001609038752,0.0,0.0,0.0
12279,450,4.787307364817192,10867.888888888889,3937.0555555555557,84.56008092184373,11.817937327419546,2.5992518946042096,18.621320343559645
12280,50,1.5957691216057308,5200.5,3937.0,90.00003218077504,2.0,0.0,0.0
12281,50,1.5957691216057308,1792.0,3938.5,0.0,2.0,0.0,0.0
12282,25,1.1283791670955126,1838.0,3938.0,45.00001609038752,0.0,0.0,0.0
12283,125,2.5231325220201604,5207.0,3938.0,90.00003218077504,5.656854249492381,0.0,3.0
12284,25,1.1283791670955126,3844.0,3939.0,45.00001609038752,0.0,0.0,0.0
12285,150,2.763953195770684,3856.5,3940.1666666666665,-59.03626457717169,4.320493798938573,1.8856180831641272,6.621320343559642
12286,25,1.1283791670955126,10855.0,3939.0,45.00001609038752,0.0,0.0,0.0
12287,50,1.5957691216057308,1791.0,3940.5,0.0,2.0,0.0,0.0
12288,25,1.1283791670955126,1841.0,3940.0,45.00001609038752,0.0,0.0,0.0
12289,25,1.1283791670955126,3847.0,3940.0,45.00001609038752,0.0,0.0,0.0
12290,25,1.1283791670955126,1843.0,3941.0,45.00001609038752,0.0,0.0,0.0
12291,25,1.1283791670955126,3835.0,3941.0,45.00001609038752,0.0,0.0,0.0
12292,50,1.5957691216057308,3848.5,3941.0,90.00003218077504,2.0,0.0,0.0
12293,25,1.1283791670955126,3859.0,3941.0,45.00001609038752,0.0,0.0,0.0
12294,900,6.770275002573076,3867.1666666666665,3945.5833333333335,37.446409937345614,15.42648936911424,5.509696822688037,22.449747468305834
12295,50,1.5957691216057308,1790.0,3942.5,0.0,2.0,0.0,0.0
12296,25,1.1283791670955126,1846.0,3942.0,45.00001609038752,0.0,0.0,0.0
12297,25,1.1283791670955126,3834.0,3942.0,45.00001609038752,0.0,0.0,0.0
12298,100,2.256758334191025,3851.5,3942.0,90.00003218077504,4.47213595499958,0.0,2.0
12299,25,1.1283791670955126,3833.0,3943.0,45.00001609038752,0.0,0.0,0.0
12300,25,1.1283791670955126,1788.0,3944.0,45.00001609038752,0.0,0.0,0.0
12301,50,1.5957691216057308,1786.5,3945.0,90.00003218077504,2.0,0.0,0.0
12302,25,1.1283791670955126,3832.0,3945.0,45.00001609038752,0.0,0.0,0.0
12303,25,1.1283791670955126,1781.0,3946.0,45.00001609038752,0.0,0.0,0.0
12304,75,1.9544100476116797,8957.0,3947.0,0.0,3.265986323710904,0.0,1.0
12305,889350,212.82439607434264,1688.503626243886,4110.557317141733,0.999959025103981,393.4665912281675,146.64152683752255,1096.6538956566621
12306,25,1.1283791670955126,3831.0,3947.0,45.00001609038752,0.0,0.0,0.0
12307,50,1.5957691216057308,3872.0,3947.5,0.0,2.0,0.0,0.0
12308,50,1.5957691216057308,1737.5,3949.0,90.00003218077504,2.0,0.0,0.0
12309,25,1.1283791670955126,1855.0,3949.0,45.00001609038752,0.0,0.0,0.0
12310,25,1.1283791670955126,3830.0,3949.0,45.00001609038752,0.0,0.0,0.0
12311,25,1.1283791670955126,3873.0,3949.0,45.00001609038752,0.0,0.0,0.0
12312,25,1.1283791670955126,8374.0,3949.0,45.00001609038752,0.0,0.0,0.0
12313,100,2.256758334191025,3872.75,3952.0,0.0,2.8284271247461903,1.7320508075688772,4.621320343559642
12314,174575,94.29226766223009,8371.708864384935,4059.2034942002006,0.10536927779148429,183.73766792566633,55.35650023736579,545.5046173579947
12315,25,1.1283791670955126,8956.0,3952.0,45.00001609038752,0.0,0.0,0.0
12316,25,1.1283791670955126,8773.0,3953.0,45.00001609038752,0.0,0.0,0.0
12317,675,5.863230142835039,3875.0,3962.222222222222,6.776884472036013,17.957203150000506,1.9646482341459721,26.0
12318,225,3.385137501286538,8775.111111111111,3956.5555555555557,22.127978310724952,6.753561505713558,1.6083960497158527,9.414213562373096
12319,25,1.1283791670955126,9459.0,3954.0,45.00001609038752,0.0,0.0,0.0
12320,1875,9.772050238058398,9473.133333333333,3961.56,18.90598362175243,19.03060664874626,5.5329888971739365,43.248737341529164
12321,100,2.256758334191025,3871.0,3956.5,0.0,4.47213595499958,0.0,2.0
12322,25,1.1283791670955126,9463.0,3959.0,45.00001609038752,0.0,0.0,0.0
12323,50,1.5957691216057308,8777.0,3960.5,0.0,2.0,0.0,0.0
12324,1475,8.667244841319219,3872.7457627118642,3975.406779661017,-4.064197192158543,25.402668796786752,5.980675551465007,46.14213562373095
12325,50,1.5957691216057308,8778.0,3962.5,0.0,2.0,0.0,0.0
12326,50,1.5957691216057308,10886.0,3963.5,0.0,2.0,0.0,0.0
12327,150,2.763953195770684,10896.0,3964.1666666666665,-53.13012135157677,3.8297084310253524,1.8856180831641272,6.207106781186548
12328,25,1.1283791670955126,1619.0,3964.0,45.00001609038752,0.0,0.0,0.0
12329,25,1.1283791670955126,8779.0,3965.0,45.00001609038752,0.0,0.0,0.0
12330,50,1.5957691216057308,10884.5,3965.0,90.00003218077504,2.0,0.0,0.0
12331,50,1.5957691216057308,8780.0,3966.5,0.0,2.0,0.0,0.0
12332,25,1.1283791670955126,10914.0,3966.0,45.00001609038752,0.0,0.0,0.0
12333,25,1.1283791670955126,1621.0,3968.0,45.00001609038752,0.0,0.0,0.0
12334,25,1.1283791670955126,8781.0,3968.0,45.00001609038752,0.0,0.0,0.0
12335,25,1.1283791670955126,1622.0,3969.0,45.00001609038752,0.0,0.0,0.0
12336,25,1.1283791670955126,8782.0,3970.0,45.00001609038752,0.0,0.0,0.0
12337,175,2.985410660720923,30.285714285714285,3971.714285714286,79.17781074078081,6.7800199340221585,1.3056795479815275,6.207106781186548
12338,50,1.5957691216057308,3877.0,3971.5,0.0,2.0,0.0,0.0
12339,25,1.1283791670955126,27.0,3972.0,45.00001609038752,0.0,0.0,0.0
12340,750,6.180387232371033,3855.5,3975.3,-17.60292347411889,9.720072052778917,4.421183773092102,20.44974746830583
12341,25,1.1283791670955126,8783.0,3972.0,45.00001609038752,0.0,0.0,0.0
12342,25,1.1283791670955126,26.0,3973.0,45.00001609038752,0.0,0.0,0.0
12343,50,1.5957691216057308,36.5,3973.0,90.00003218077504,2.0,0.0,0.0
12344,25,1.1283791670955126,25.0,3974.0,45.00001609038752,0.0,0.0,0.0
12345,1575,8.95623198216277,45.07936507936508,3983.6031746031745,15.962993945321314,25.646512628689674,4.8812456191760285,45.55634918610404
12346,25,1.1283791670955126,8784.0,3974.0,45.00001609038752,0.0,0.0,0.0
12347,25,1.1283791670955126,24.0,3975.0,45.00001609038752,0.0,0.0,0.0
12348,1567550,282.5502892123527,5079.216946827853,4193.14245159644,-24.5718960420959,362.21352551212914,253.59483085288477,2088.8073580374357
12349,25,1.1283791670955126,8785.0,3975.0,45.00001609038752,0.0,0.0,0.0
12350,25,1.1283791670955126,23.0,3976.0,45.00001609038752,0.0,0.0,0.0
12351,1113025,238.08800425715316,6925.916938074167,4152.827205139148,19.448448951486604,336.48737935139246,188.7930816408856,1361.9474016201134
12352,25,1.1283791670955126,8786.0,3977.0,45.00001609038752,0.0,0.0,0.0
12353,25,1.1283791670955126,22.0,3978.0,45.00001609038752,0.0,0.0,0.0
12354,25,1.1283791670955126,8787.0,3979.0,45.00001609038752,0.0,0.0,0.0
12355,1800,9.574614729634384,34.81944444444444,3987.2083333333335,10.892883353145345,15.598566052423807,6.139292300231172,35.55634918610404
12356,25,1.1283791670955126,9468.0,3980.0,45.00001609038752,0.0,0.0,0.0
12357,25,1.1283791670955126,21.0,3981.0,45.00001609038752,0.0,0.0,0.0
12358,175,2.985410660720923,3874.5714285714284,3982.8571428571427,14.678882020035983,5.133805351608395,1.5423153015346889,6.207106781186548
12359,25,1.1283791670955126,8788.0,3981.0,45.00001609038752,0.0,0.0,0.0
12360,25,1.1283791670955126,8789.0,3982.0,45.00001609038752,0.0,0.0,0.0
12361,175,2.985410660720923,3856.0,3984.0,45.00001609038752,3.7032803990902057,2.138089935299395,6.82842712474619
12362,25,1.1283791670955126,8790.0,3984.0,45.00001609038752,0.0,0.0,0.0
12363,25,1.1283791670955126,5213.0,3985.0,45.00001609038752,0.0,0.0,0.0
12364,25,1.1283791670955126,9471.0,3985.0,45.00001609038752,0.0,0.0,0.0
12365,25,1.1283791670955126,8791.0,3986.0,45.00001609038752,0.0,0.0,0.0
12366,75,1.9544100476116797,3875.6666666666665,3987.3333333333335,-45.00001609038752,2.3094010767585034,1.3333333333333333,3.414213562373095
12367,529725,164.2518575645139,5893.164660908962,4071.2200670159045,23.54839437668069,210.93002915400848,136.17517216397417,627.144227664784
12368,25,1.1283791670955126,8792.0,3987.0,45.00001609038752,0.0,0.0,0.0
12369,5125,16.15593100600236,3852.058536585366,3995.531707317073,74.47933425127675,19.61318874739378,17.641780091347574,89.76955262170048
12370,675,5.863230142835039,3876.5555555555557,3992.0,37.661816897786366,9.466419890041102,4.583031574847758,21.485281374238568
12371,25,1.1283791670955126,9474.0,3988.0,45.00001609038752,0.0,0.0,0.0
12372,150,2.763953195770684,9480.166666666666,3989.5,-30.963767603603344,4.320493798938573,1.8856180831641272,6.621320343559642
12373,25,1.1283791670955126,8793.0,3989.0,45.00001609038752,0.0,0.0,0.0
12374,25,1.1283791670955126,9478.0,3989.0,45.00001609038752,0.0,0.0,0.0
12375,25,1.1283791670955126,21.0,3990.0,45.00001609038752,0.0,0.0,0.0
12376,25,1.1283791670955126,8794.0,3990.0,45.00001609038752,0.0,0.0,0.0
12377,25,1.1283791670955126,8795.0,3992.0,45.00001609038752,0.0,0.0,0.0
12378,50,1.5957691216057308,8796.0,3993.5,0.0,2.0,0.0,0.0
12379,25,1.1283791670955126,10871.0,3993.0,45.00001609038752,0.0,0.0,0.0
12380,25,1.1283791670955126,10914.0,3993.0,45.00001609038752,0.0,0.0,0.0
12381,150,2.763953195770684,48.5,3996.5,-18.43495541459913,3.9999999999999996,1.632993161855452,6.414213562373095
12382,25,1.1283791670955126,1798.0,3995.0,45.00001609038752,0.0,0.0,0.0
12383,25,1.1283791670955126,8797.0,3995.0,45.00001609038752,0.0,0.0,0.0
12384,25,1.1283791670955126,3831.0,3996.0,45.00001609038752,0.0,0.0,0.0
12385,50,1.5957691216057308,3880.0,3996.5,0.0,2.0,0.0,0.0
12386,25,1.1283791670955126,8798.0,3996.0,45.00001609038752,0.0,0.0,0.0
12387,300,3.9088200952233594,44.583333333333336,4000.0,-26.488818939620813,6.427376622851947,2.81265923464584,7.621320343559642
12388,125,2.5231325220201604,3878.4,3999.2,18.43495541459913,3.098386676965933,1.7888543819998317,5.207106781186548
12389,25,1.1283791670955126,8799.0,3998.0,45.00001609038752,0.0,0.0,0.0
12390,50,1.5957691216057308,10914.5,3998.0,90.00003218077504,2.0,0.0,0.0
12391,25,1.1283791670955126,4425.0,3999.0,45.00001609038752,0.0,0.0,0.0
12392,25,1.1283791670955126,8800.0,3999.0,45.00001609038752,0.0,0.0,0.0
12393,75,1.9544100476116797,3880.6666666666665,4000.6666666666665,45.00001609038752,2.3094010767585034,1.3333333333333333,3.414213562373095
12394,50,1.5957691216057308,10871.0,4000.5,0.0,2.0,0.0,0.0
12395,25,1.1283791670955126,24.0,4001.0,45.00001609038752,0.0,0.0,0.0
12396,25,1.1283791670955126,8801.0,4001.0,45.00001609038752,0.0,0.0,0.0
12397,150,2.763953195770684,10893.5,4001.3333333333335,90.00003218077504,3.8297084310253524,1.8856180831641272,6.414213562373095
12398,25,1.1283791670955126,25.0,4002.0,45.00001609038752,0.0,0.0,0.0
12399,100,2.256758334191025,3879.0,4003.5,0.0,4.47213595499958,0.0,2.0
12400,25,1.1283791670955126,8802.0,4002.0,45.00001609038752,0.0,0.0,0.0
12401,25,1.1283791670955126,42.0,4003.0,45.00001609038752,0.0,0.0,0.0
12402,25,1.1283791670955126,8925.0,4003.0,45.00001609038752,0.0,0.0,0.0
12403,25,1.1283791670955126,27.0,4004.0,45.00001609038752,0.0,0.0,0.0
12404,25,1.1283791670955126,40.0,4004.0,45.00001609038752,0.0,0.0,0.0
12405,50,1.5957691216057308,3882.0,4004.5,0.0,2.0,0.0,0.0
12406,25,1.1283791670955126,8803.0,4004.0,45.00001609038752,0.0,0.0,0.0
12407,25,1.1283791670955126,29.0,4005.0,45.00001609038752,0.0,0.0,0.0
12408,25,1.1283791670955126,3835.0,4005.0,45.00001609038752,0.0,0.0,0.0
12409,25,1.1283791670955126,8804.0,4005.0,45.00001609038752,0.0,0.0,0.0
12410,50,1.5957691216057308,30.5,4006.0,90.00003218077504,2.0,0.0,0.0
12411,100,2.256758334191025,8805.5,4007.0,31.71748575249332,3.23606797749979,1.2360679774997898,4.414213562373095
12412,1000,7.136496464611085,3879.95,4016.1,-10.147412434922881,18.60470328294404,3.803290122198312,31.692388155425114
12413,75,1.9544100476116797,3883.0,4008.0,0.0,3.265986323710904,0.0,1.0
12414,25,1.1283791670955126,3836.0,4008.0,45.00001609038752,0.0,0.0,0.0
12415,25,1.1283791670955126,3837.0,4009.0,45.00001609038752,0.0,0.0,0.0
12416,25,1.1283791670955126,8807.0,4009.0,45.00001609038752,0.0,0.0,0.0
12417,25,1.1283791670955126,8920.0,4009.0,45.00001609038752,0.0,0.0,0.0
12418,50,1.5957691216057308,8808.0,4010.5,0.0,2.0,0.0,0.0
12419,25,1.1283791670955126,8919.0,4010.0,45.00001609038752,0.0,0.0,0.0
12420,25,1.1283791670955126,3839.0,4011.0,45.00001609038752,0.0,0.0,0.0
12421,25,1.1283791670955126,8809.0,4012.0,45.00001609038752,0.0,0.0,0.0
12422,50,1.5957691216057308,8810.0,4013.5,0.0,2.0,0.0,0.0
12423,25,1.1283791670955126,3842.0,4014.0,45.00001609038752,0.0,0.0,0.0
12424,750,6.180387232371033,3846.3333333333335,4017.366666666667,24.697018058705627,9.525103122605225,4.473274894472054,22.071067811865476
12425,25,1.1283791670955126,5199.0,4015.0,45.00001609038752,0.0,0.0,0.0
12426,25,1.1283791670955126,6886.0,4015.0,45.00001609038752,0.0,0.0,0.0
12427,25,1.1283791670955126,8811.0,4015.0,45.00001609038752,0.0,0.0,0.0
12428,25,1.1283791670955126,5955.0,4016.0,45.00001609038752,0.0,0.0,0.0
12429,25,1.1283791670955126,8812.0,4016.0,45.00001609038752,0.0,0.0,0.0
12430,350,4.222008245644752,8815.642857142857,4020.5,37.97107315415625,10.377504638486704,1.6846393451077077,14.414213562373096
12431,25,1.1283791670955126,3851.0,4022.0,45.00001609038752,0.0,0.0,0.0
12432,25,1.1283791670955126,3853.0,4023.0,45.00001609038752,0.0,0.0,0.0
12433,25,1.1283791670955126,3855.0,4024.0,45.00001609038752,0.0,0.0,0.0
12434,25,1.1283791670955126,3876.0,4025.0,45.00001609038752,0.0,0.0,0.0
12435,100,2.256758334191025,8819.5,4026.0,31.71748575249332,3.23606797749979,1.2360679774997898,4.414213562373095
12436,300,3.9088200952233594,3874.5833333333335,4027.4166666666665,-68.10946197105999,4.573371480370415,3.678140528443545,9.449747468305832
12437,25,1.1283791670955126,3861.0,4027.0,45.00001609038752,0.0,0.0,0.0
12438,225,3.385137501286538,3862.3333333333335,4029.777777777778,-31.372347030151587,5.966868935501128,2.504599432330084,9.621320343559644
12439,25,1.1283791670955126,8821.0,4028.0,45.00001609038752,0.0,0.0,0.0
12440,25,1.1283791670955126,4436.0,4029.0,45.00001609038752,0.0,0.0,0.0
12441,25,1.1283791670955126,8822.0,4029.0,45.00001609038752,0.0,0.0,0.0
12442,2000,10.092530088080641,3869.0125,4034.8875,68.4416282586151,10.778311908253887,9.778700957100208,33.3492424049175
12443,700,5.970821321441846,3876.964285714286,4036.035714285714,6.377879815497735,9.577746709297227,4.368420138122981,20.242640687119284
12444,25,1.1283791670955126,4437.0,4031.0,45.00001609038752,0.0,0.0,0.0
12445,25,1.1283791670955126,1883.0,4032.0,45.00001609038752,0.0,0.0,0.0
12446,50,1.5957691216057308,2001.5,4032.0,90.00003218077504,2.0,0.0,0.0
12447,25,1.1283791670955126,8824.0,4032.0,45.00001609038752,0.0,0.0,0.0
12448,25,1.1283791670955126,8825.0,4033.0,45.00001609038752,0.0,0.0,0.0
12449,25,1.1283791670955126,8826.0,4034.0,45.00001609038752,0.0,0.0,0.0
12450,75,1.9544100476116797,10799.0,4035.0,0.0,3.265986323710904,0.0,1.0
12451,175,2.985410660720923,8828.0,4036.285714285714,33.40071668607108,4.796702691401646,1.7646790841090736,7.207106781186548
12452,25,1.1283791670955126,8361.0,4036.0,45.00001609038752,0.0,0.0,0.0
12453,50,1.5957691216057308,1879.5,4038.0,90.00003218077504,2.0,0.0,0.0
12454,50,1.5957691216057308,6941.5,4038.0,90.00003218077504,2.0,0.0,0.0
12455,25,1.1283791670955126,6944.0,4038.0,45.00001609038752,0.0,0.0,0.0
12456,25,1.1283791670955126,8830.0,4039.0,45.00001609038752,0.0,0.0,0.0
12457,25,1.1283791670955126,6864.0,4040.0,45.00001609038752,0.0,0.0,0.0
12458,25,1.1283791670955126,6946.0,4040.0,45.00001609038752,0.0,0.0,0.0
12459,25,1.1283791670955126,8831.0,4041.0,45.00001609038752,0.0,0.0,0.0
12460,25,1.1283791670955126,8832.0,4042.0,45.00001609038752,0.0,0.0,0.0
12461,25,1.1283791670955126,8833.0,4043.0,45.00001609038752,0.0,0.0,0.0
12462,21825,33.33973788969849,5971.522336769759,4068.904925544101,-5.350256881470341,49.077417146787,27.504392926715443,172.4386001800126
12463,25,1.1283791670955126,6946.0,4044.0,45.00001609038752,0.0,0.0,0.0
12464,25,1.1283791670955126,8834.0,4044.0,45.00001609038752,0.0,0.0,0.0
12465,25,1.1283791670955126,4444.0,4046.0,45.00001609038752,0.0,0.0,0.0
12466,25,1.1283791670955126,8835.0,4046.0,45.00001609038752,0.0,0.0,0.0
12467,25,1.1283791670955126,8836.0,4047.0,45.00001609038752,0.0,0.0,0.0
12468,25,1.1283791670955126,4445.0,4048.0,45.00001609038752,0.0,0.0,0.0
12469,25,1.1283791670955126,8837.0,4048.0,45.00001609038752,0.0,0.0,0.0
12470,25,1.1283791670955126,6947.0,4051.0,45.00001609038752,0.0,0.0,0.0
12471,25,1.1283791670955126,8839.0,4051.0,45.00001609038752,0.0,0.0,0.0
12472,68900,59.23721959452611,5999.384978229318,4096.410014513788,-4.8965757442428375,75.20182287063642,49.50925245863093,223.3380951166243
12473,25,1.1283791670955126,6946.0,4052.0,45.00001609038752,0.0,0.0,0.0
12474,25,1.1283791670955126,8840.0,4052.0,45.00001609038752,0.0,0.0,0.0
12475,25,1.1283791670955126,8841.0,4053.0,45.00001609038752,0.0,0.0,0.0
12476,25,1.1283791670955126,6947.0,4054.0,45.00001609038752,0.0,0.0,0.0
12477,25,1.1283791670955126,8842.0,4054.0,45.00001609038752,0.0,0.0,0.0
12478,25,1.1283791670955126,5996.0,4055.0,45.00001609038752,0.0,0.0,0.0
12479,25,1.1283791670955126,5995.0,4056.0,45.00001609038752,0.0,0.0,0.0
12480,25,1.1283791670955126,8843.0,4056.0,45.00001609038752,0.0,0.0,0.0
12481,50,1.5957691216057308,10802.0,4056.5,0.0,2.0,0.0,0.0
12482,200,3.1915382432114616,5992.0,4058.375,-52.2283963750238,6.033090789065154,1.8307964198395186,8.621320343559642
12483,25,1.1283791670955126,8844.0,4057.0,45.00001609038752,0.0,0.0,0.0
12484,25,1.1283791670955126,8845.0,4058.0,45.00001609038752,0.0,0.0,0.0
12485,25,1.1283791670955126,4600.0,4060.0,45.00001609038752,0.0,0.0,0.0
12486,25,1.1283791670955126,10803.0,4060.0,45.00001609038752,0.0,0.0,0.0
12487,1639375,288.9510047499546,4630.070651925276,4286.373389248952,-6.878787785323869,412.487270920874,208.6133198853276,1525.6803743153546
12488,25,1.1283791670955126,8848.0,4062.0,45.00001609038752,0.0,0.0,0.0
12489,1525,8.812923024107548,40.81967213114754,4071.8196721311474,33.71068098107765,23.174283743373444,5.236429051731039,38.21320343559643
12490,175,2.985410660720923,6946.571428571428,4064.285714285714,-67.50002413558127,5.017933500090775,2.204803781563647,7.414213562373095
12491,25,1.1283791670955126,8849.0,4063.0,45.00001609038752,0.0,0.0,0.0
12492,100,2.256758334191025,9527.0,4064.5,0.0,4.47213595499958,0.0,2.0
12493,175,2.985410660720923,4585.714285714285,4064.4285714285716,81.65040707825256,4.155374705678736,1.9054711331003737,7.207106781186548
12494,25,1.1283791670955126,8850.0,4064.0,45.00001609038752,0.0,0.0,0.0
12495,50,1.5957691216057308,23.5,4065.0,90.00003218077504,2.0,0.0,0.0
12496,25,1.1283791670955126,4617.0,4065.0,45.00001609038752,0.0,0.0,0.0
12497,25,1.1283791670955126,8851.0,4065.0,45.00001609038752,0.0,0.0,0.0
12498,25,1.1283791670955126,21.0,4066.0,45.00001609038752,0.0,0.0,0.0
12499,25,1.1283791670955126,6939.0,4066.0,45.00001609038752,0.0,0.0,0.0
12500,25,1.1283791670955126,8852.0,4066.0,45.00001609038752,0.0,0.0,0.0
12501,25,1.1283791670955126,20.0,4067.0,45.00001609038752,0.0,0.0,0.0
12502,50,1.5957691216057308,8853.0,4067.5,0.0,2.0,0.0,0.0
12503,25,1.1283791670955126,19.0,4068.0,45.00001609038752,0.0,0.0,0.0
12504,425,4.652426491681278,4612.529411764706,4069.529411764706,-45.00001609038753,5.224377249688121,4.280801270273,13.071067811865476
12505,25,1.1283791670955126,4649.0,4068.0,45.00001609038752,0.0,0.0,0.0
12506,50,1.5957691216057308,6928.0,4068.5,0.0,2.0,0.0,0.0
12507,25,1.1283791670955126,17.0,4069.0,45.00001609038752,0.0,0.0,0.0
12508,75,1.9544100476116797,4587.333333333333,4069.3333333333335,45.00001609038752,2.3094010767585034,1.3333333333333333,3.414213562373095
12509,25,1.1283791670955126,8854.0,4069.0,45.00001609038752,0.0,0.0,0.0
12510,25,1.1283791670955126,16.0,4070.0,45.00001609038752,0.0,0.0,0.0
12511,25,1.1283791670955126,4616.0,4070.0,45.00001609038752,0.0,0.0,0.0
12512,25,1.1283791670955126,6838.0,4070.0,45.00001609038752,0.0,0.0,0.0
12513,25,1.1283791670955126,8855.0,4070.0,45.00001609038752,0.0,0.0,0.0
12514,25,1.1283791670955126,10803.0,4070.0,45.00001609038752,0.0,0.0,0.0
12515,25,1.1283791670955126,15.0,4071.0,45.00001609038752,0.0,0.0,0.0
12516,25,1.1283791670955126,4588.0,4071.0,45.00001609038752,0.0,0.0,0.0
12517,25,1.1283791670955126,6837.0,4071.0,45.00001609038752,0.0,0.0,0.0
12518,25,1.1283791670955126,8856.0,4071.0,45.00001609038752,0.0,0.0,0.0
12519,25,1.1283791670955126,6836.0,4072.0,45.00001609038752,0.0,0.0,0.0
12520,25,1.1283791670955126,8857.0,4072.0,45.00001609038752,0.0,0.0,0.0
12521,25,1.1283791670955126,14.0,4073.0,45.00001609038752,0.0,0.0,0.0
12522,25,1.1283791670955126,4590.0,4073.0,45.00001609038752,0.0,0.0,0.0
12523,25,1.1283791670955126,6835.0,4073.0,45.00001609038752,0.0,0.0,0.0
12524,75,1.9544100476116797,8858.666666666666,4073.3333333333335,-45.00001609038752,2.3094010767585034,1.3333333333333333,3.414213562373095
12525,50,1.5957691216057308,4588.5,4074.0,90.00003218077504,2.0,0.0,0.0
12526,25,1.1283791670955126,10803.0,4074.0,45.00001609038752,0.0,0.0,0.0
12527,25,1.1283791670955126,13.0,4075.0,45.00001609038752,0.0,0.0,0.0
12528,25,1.1283791670955126,4457.0,4075.0,45.00001609038752,0.0,0.0,0.0
12529,25,1.1283791670955126,8860.0,4075.0,45.00001609038752,0.0,0.0,0.0
12530,25,1.1283791670955126,8861.0,4076.0,45.00001609038752,0.0,0.0,0.0
12531,25,1.1283791670955126,12.0,4077.0,45.00001609038752,0.0,0.0,0.0
12532,25,1.1283791670955126,3114.0,4077.0,45.00001609038752,0.0,0.0,0.0
12533,100,2.256758334191025,4590.5,4077.5,45.00001609038752,2.0,2.0,4.0
12534,25,1.1283791670955126,6832.0,4077.0,45.00001609038752,0.0,0.0,0.0
12535,25,1.1283791670955126,3107.0,4078.0,45.00001609038752,0.0,0.0,0.0
12536,25,1.1283791670955126,6831.0,4078.0,45.00001609038752,0.0,0.0,0.0
12537,1875,9.772050238058398,3101.0533333333333,4084.7733333333335,-58.168324299624786,12.224393530853435,8.93774657919656,40.66295090390226
12538,475,4.918490759365935,3110.5789473684213,4080.7368421052633,58.32300953696756,6.606057964988815,3.946301377505247,15.071067811865476
12539,25,1.1283791670955126,6830.0,4079.0,45.00001609038752,0.0,0.0,0.0
12540,350,4.222008245644752,32.42857142857143,4083.0714285714284,-20.72414073279727,4.762642876551309,3.7811142097495236,11.65685424949238
12541,50,1.5957691216057308,46.0,4081.5,0.0,2.0,0.0,0.0
12542,200,3.1915382432114616,5015.0,4081.5,79.09932353989771,4.976979969245306,1.7971283720789095,8.414213562373096
12543,50,1.5957691216057308,11.0,4082.5,0.0,2.0,0.0,0.0
12544,50,1.5957691216057308,44.0,4083.5,0.0,2.0,0.0,0.0
12545,25,1.1283791670955126,3110.0,4084.0,45.00001609038752,0.0,0.0,0.0
12546,250,3.5682482323055424,45.8,4086.3,4.0178567919085,5.082069497580875,3.4774372203906254,8.621320343559642
12547,793750,201.06057680545288,3073.1820787401575,4234.479086614173,2.0536163650469144,325.5745079706024,136.0993914988126,1226.6194077712557
12548,25,1.1283791670955126,12.0,4087.0,45.00001609038752,0.0,0.0,0.0
12549,400,4.51351666838205,42.5,4091.625,-34.721989805543195,8.593428511180857,3.450070495399181,14.242640687119286
12550,75,1.9544100476116797,3119.6666666666665,4088.6666666666665,45.00001609038752,2.3094010767585034,1.3333333333333333,3.414213562373095
12551,25,1.1283791670955126,5020.0,4088.0,45.00001609038752,0.0,0.0,0.0
12552,25,1.1283791670955126,13.0,4089.0,45.00001609038752,0.0,0.0,0.0
12553,25,1.1283791670955126,14.0,4090.0,45.00001609038752,0.0,0.0,0.0
12554,25,1.1283791670955126,9519.0,4091.0,45.00001609038752,0.0,0.0,0.0
12555,25,1.1283791670955126,15.0,4092.0,45.00001609038752,0.0,0.0,0.0
12556,225,3.385137501286538,5009.777777777777,4093.0,90.00003218077504,4.532461789860253,2.6666666666666665,7.449747468305833
12557,25,1.1283791670955126,5013.0,4092.0,45.00001609038752,0.0,0.0,0.0
12558,25,1.1283791670955126,4468.0,4093.0,45.00001609038752,0.0,0.0,0.0
12559,25,1.1283791670955126,5014.0,4093.0,45.00001609038752,0.0,0.0,0.0
12560,25,1.1283791670955126,9518.0,4093.0,45.00001609038752,0.0,0.0,0.0
12561,25,1.1283791670955126,18.0,4094.0,45.00001609038752,0.0,0.0,0.0
12562,50,1.5957691216057308,21.5,4096.0,90.00003218077504,2.0,0.0,0.0
12563,100,2.256758334191025,38.0,4096.25,90.00003218077504,2.8284271247461903,1.7320508075688772,4.621320343559642
12564,50,1.5957691216057308,5013.5,4096.0,90.00003218077504,2.0,0.0,0.0
12565,250,3.5682482323055424,4606.3,4099.0,13.354509834667477,5.789587707837038,2.2451445773629537,10.207106781186548
12566,25,1.1283791670955126,5961.0,4097.0,45.00001609038752,0.0,0.0,0.0
12567,150,2.763953195770684,9955.5,4099.0,17.608802780371004,5.404236119112784,1.208676398190789,4.0
12568,16200,28.723844188903154,21.810185185185187,4120.382716049383,-20.266595904910623,50.88772176055246,17.625423588546138,130.08326112068522
12569,75,1.9544100476116797,4585.0,4100.0,0.0,3.265986323710904,0.0,1.0
12570,4800,15.635280380893438,5964.588541666667,4111.546875,4.044977081163426,23.144327379953985,11.314276520620655,61.66295090390226
12571,25,1.1283791670955126,9513.0,4100.0,45.00001609038752,0.0,0.0,0.0
12572,25,1.1283791670955126,4588.0,4102.0,45.00001609038752,0.0,0.0,0.0
12573,25,1.1283791670955126,4587.0,4103.0,45.00001609038752,0.0,0.0,0.0
12574,530450,164.36421952539027,4872.507682156659,4220.371147139222,-4.262594654934712,217.2667033185253,131.04598463646616,633.1503243191939
12575,25,1.1283791670955126,11736.0,4104.0,45.00001609038752,0.0,0.0,0.0
12576,250,3.5682482323055424,916.3,4109.0,0.0,6.928203230275509,1.8330302779823366,8.0
12577,25,1.1283791670955126,4585.0,4106.0,45.00001609038752,0.0,0.0,0.0
12578,25,1.1283791670955126,4584.0,4107.0,45.00001609038752,0.0,0.0,0.0
12579,25,1.1283791670955126,4478.0,4109.0,45.00001609038752,0.0,0.0,0.0
12580,367900,136.88313680042057,4513.101997825496,4222.4608589290565,-1.972248072503264,273.0345752010392,72.9467995536978,903.1564209736038
12581,100,2.256758334191025,4479.25,4111.0,0.0,2.8284271247461903,1.7320508075688772,4.621320343559642
12582,75,1.9544100476116797,4864.666666666667,4110.666666666667,45.00001609038752,2.3094010767585034,1.3333333333333333,3.414213562373095
12583,25,1.1283791670955126,11777.0,4110.0,45.00001609038752,0.0,0.0,0.0
12584,25,1.1283791670955126,4863.0,4112.0,45.00001609038752,0.0,0.0,0.0
12585,25,1.1283791670955126,9493.0,4117.0,45.00001609038752,0.0,0.0,0.0
12586,200,3.1915382432114616,4478.0,4122.5,0.0,9.16515138991168,0.0,6.0
12587,50,1.5957691216057308,9489.0,4120.5,0.0,2.0,0.0,0.0
12588,25,1.1283791670955126,9488.0,4122.0,45.00001609038752,0.0,0.0,0.0
12589,50,1.5957691216057308,5959.0,4123.5,0.0,2.0,0.0,0.0
12590,147875,86.78255531561909,5991.639222316146,4167.735756551141,58.992412791333265,91.64240518531189,84.71674740352557,309.6639969244288
12591,25,1.1283791670955126,9487.0,4123.0,45.00001609038752,0.0,0.0,0.0
12592,25,1.1283791670955126,9486.0,4124.0,45.00001609038752,0.0,0.0,0.0
12593,25,1.1283791670955126,9485.0,4125.0,45.00001609038752,0.0,0.0,0.0
12594,25,1.1283791670955126,9484.0,4126.0,45.00001609038752,0.0,0.0,0.0
12595,25,1.1283791670955126,9483.0,4127.0,45.00001609038752,0.0,0.0,0.0
12596,100,2.256758334191025,8369.0,4128.5,58.28254642828171,3.23606797749979,1.2360679774997898,4.414213562373095
12597,25,1.1283791670955126,9482.0,4128.0,45.00001609038752,0.0,0.0,0.0
12598,125,2.5231325220201604,8354.2,4129.8,79.09932353989771,4.743365517193277,1.3492529674978502,4.207106781186548
12599,150,2.763953195770684,8365.0,4129.5,72.39122940040403,5.404236119112784,1.208676398190789,4.0
12600,350,4.222008245644752,8866.0,4131.5,0.0,5.18238775634773,4.27617987059879,13.242640687119286
12601,25,1.1283791670955126,9481.0,4129.0,45.00001609038752,0.0,0.0,0.0
12602,25,1.1283791670955126,11710.0,4129.0,45.00001609038752,0.0,0.0,0.0
12603,2350,10.940041919714261,8382.425531914894,4138.510638297872,47.10161895937236,27.061171340556196,6.065802200324831,53.56244584051393
12604,25,1.1283791670955126,9480.0,4130.0,45.00001609038752,0.0,0.0,0.0
12605,25,1.1283791670955126,4844.0,4131.0,45.00001609038752,0.0,0.0,0.0
12606,100,2.256758334191025,8351.5,4132.0,-31.71748575249332,3.23606797749979,1.2360679774997898,4.414213562373095
12607,25,1.1283791670955126,8368.0,4131.0,45.00001609038752,0.0,0.0,0.0
12608,25,1.1283791670955126,9479.0,4131.0,45.00001609038752,0.0,0.0,0.0
12609,25,1.1283791670955126,9478.0,4132.0,45.00001609038752,0.0,0.0,0.0
12610,139050,84.15318382460033,3168.052678892485,4180.144192736426,-28.62632293868893,145.54848242839824,80.2422173022154,440.41020894901635
12611,25,1.1283791670955126,9477.0,4133.0,45.00001609038752,0.0,0.0,0.0
12612,25,1.1283791670955126,4551.0,4134.0,45.00001609038752,0.0,0.0,0.0
12613,25,1.1283791670955126,8350.0,4134.0,45.00001609038752,0.0,0.0,0.0
12614,25,1.1283791670955126,9476.0,4134.0,45.00001609038752,0.0,0.0,0.0
12615,25,1.1283791670955126,8349.0,4135.0,45.00001609038752,0.0,0.0,0.0
12616,25,1.1283791670955126,8348.0,4136.0,45.00001609038752,0.0,0.0,0.0
12617,25,1.1283791670955126,10785.0,4136.0,45.00001609038752,0.0,0.0,0.0
12618,50,1.5957691216057308,8364.5,4137.0,90.00003218077504,2.0,0.0,0.0
12619,50,1.5957691216057308,8367.5,4137.0,90.00003218077504,2.0,0.0,0.0
12620,25,1.1283791670955126,8347.0,4138.0,45.00001609038752,0.0,0.0,0.0
12621,25,1.1283791670955126,4838.0,4140.0,45.00001609038752,0.0,0.0,0.0
12622,25,1.1283791670955126,8346.0,4141.0,45.00001609038752,0.0,0.0,0.0
12623,25,1.1283791670955126,25.0,4143.0,45.00001609038752,0.0,0.0,0.0
12624,75,1.9544100476116797,6790.666666666667,4143.333333333333,-45.00001609038752,2.3094010767585034,1.3333333333333333,3.414213562373095
12625,25,1.1283791670955126,9468.0,4143.0,45.00001609038752,0.0,0.0,0.0
12626,125,2.5231325220201604,279.2,4144.4,71.5650767661759,3.098386676965933,1.7888543819998317,5.207106781186548
12627,75,1.9544100476116797,8392.666666666666,4144.333333333333,-45.00001609038752,2.3094010767585034,1.3333333333333333,3.414213562373095
12628,1400,8.444016491289505,9467.357142857143,4152.035714285715,11.57622352934543,22.642654514199805,9.139731196622005,45.72792206135786
12629,25,1.1283791670955126,10786.0,4144.0,45.00001609038752,0.0,0.0,0.0
12630,25,1.1283791670955126,6792.0,4145.0,45.00001609038752,0.0,0.0,0.0
12631,25,1.1283791670955126,6793.0,4146.0,45.00001609038752,0.0,0.0,0.0
12632,1525,8.812923024107548,8359.72131147541,4154.180327868852,-9.683789333889624,16.23412417813052,4.978815710628992,35.72792206135786
12633,25,1.1283791670955126,10786.0,4146.0,45.00001609038752,0.0,0.0,0.0
12634,25,1.1283791670955126,6794.0,4147.0,45.00001609038752,0.0,0.0,0.0
12635,25,1.1283791670955126,8344.0,4147.0,45.00001609038752,0.0,0.0,0.0
12636,275,3.742410318509555,8392.272727272728,4150.0,24.264266763957593,8.537727832768757,1.7343672909296617,11.414213562373096
12637,25,1.1283791670955126,9457.0,4147.0,45.00001609038752,0.0,0.0,0.0
12638,25,1.1283791670955126,6795.0,4148.0,45.00001609038752,0.0,0.0,0.0
12639,25,1.1283791670955126,9455.0,4148.0,45.00001609038752,0.0,0.0,0.0
12640,350,4.222008245644752,10786.5,4153.0,7.235149637062272,11.403124237432849,1.4031242374328488,12.0
12641,25,1.1283791670955126,6796.0,4149.0,45.00001609038752,0.0,0.0,0.0
12642,25,1.1283791670955126,6797.0,4150.0,45.00001609038752,0.0,0.0,0.0
12643,1275,8.058239062071396,8377.392156862745,4155.823529411765,40.477048346696456,16.029683809800783,4.358019706926674,33.45584412271572
12644,125,2.5231325220201604,8389.6,4151.4,20.99361375446966,4.34169545110285,1.2765894445250698,4.207106781186548
12645,300,3.9088200952233594,4477.25,4155.25,2.075643375386274,9.261500668311184,1.7003740875284352,10.0
12646,25,1.1283791670955126,9452.0,4151.0,45.00001609038752,0.0,0.0,0.0
12647,25,1.1283791670955126,9451.0,4153.0,45.00001609038752,0.0,0.0,0.0
12648,675,5.863230142835039,8371.74074074074,4157.666666666667,22.940044425004444,11.664493439898484,3.5763211405443758,22.31370849898476
12649,2850,12.047792665040703,8393.771929824561,4171.561403508772,2.8289189187286947,43.28878993538787,7.268920580378781,82.66295090390226
12650,450,4.787307364817192,8398.555555555555,4159.611111111111,1.7617671597771574,9.53900228416643,2.725286867301744,13.828427124746192
12651,25,1.1283791670955126,8401.0,4155.0,45.00001609038752,0.0,0.0,0.0
12652,125,2.5231325220201604,9967.0,4159.0,0.0,5.656854249492381,0.0,3.0
12653,25,1.1283791670955126,10773.0,4158.0,45.00001609038752,0.0,0.0,0.0
12654,25,1.1283791670955126,9451.0,4159.0,45.00001609038752,0.0,0.0,0.0
12655,25,1.1283791670955126,36.0,4160.0,45.00001609038752,0.0,0.0,0.0
12656,25,1.1283791670955126,9452.0,4160.0,45.00001609038752,0.0,0.0,0.0
12657,25,1.1283791670955126,10773.0,4160.0,45.00001609038752,0.0,0.0,0.0
12658,25,1.1283791670955126,37.0,4161.0,45.00001609038752,0.0,0.0,0.0
12659,25,1.1283791670955126,9453.0,4161.0,45.00001609038752,0.0,0.0,0.0
12660,400,4.51351666838205,10786.875,4166.75,2.076239279673963,17.06987572354372,1.1701892081081513,15.0
12661,25,1.1283791670955126,38.0,4162.0,45.00001609038752,0.0,0.0,0.0
12662,25,1.1283791670955126,308.0,4162.0,45.00001609038752,0.0,0.0,0.0
12663,50,1.5957691216057308,8341.0,4162.5,0.0,2.0,0.0,0.0
12664,25,1.1283791670955126,9454.0,4162.0,45.00001609038752,0.0,0.0,0.0
12665,25,1.1283791670955126,6811.0,4163.0,45.00001609038752,0.0,0.0,0.0
12666,25,1.1283791670955126,9457.0,4163.0,45.00001609038752,0.0,0.0,0.0
12667,25,1.1283791670955126,6812.0,4164.0,45.00001609038752,0.0,0.0,0.0
12668,50,1.5957691216057308,9455.5,4164.0,90.00003218077504,2.0,0.0,0.0
12669,25,1.1283791670955126,6813.0,4165.0,45.00001609038752,0.0,0.0,0.0
12670,175,2.985410660720923,8359.285714285714,4166.0,0.0,3.0237157840738176,2.799416848895061,6.82842712474619
12671,150,2.763953195770684,10802.5,4166.0,0.0,3.265986323710904,2.0,6.0
12672,125,2.5231325220201604,8396.6,4167.6,-20.993613754469656,4.34169545110285,1.27658944452507,4.207106781186548
12673,25,1.1283791670955126,8400.0,4166.0,45.00001609038752,0.0,0.0,0.0
12674,25,1.1283791670955126,5864.0,4167.0,45.00001609038752,0.0,0.0,0.0
12675,213025,104.15984908153584,5905.544302311935,4214.834291749795,84.76917768581842,127.86024597016913,87.88126811821395,385.6639969244288
12676,25,1.1283791670955126,8376.0,4168.0,45.00001609038752,0.0,0.0,0.0
12677,25,1.1283791670955126,8399.0,4169.0,45.00001609038752,0.0,0.0,0.0
12678,25,1.1283791670955126,10803.0,4169.0,45.00001609038752,0.0,0.0,0.0
12679,175,2.985410660720923,8359.42857142857,4171.714285714285,8.349625102522488,4.155374705678736,1.9054711331003737,7.207106781186548
12680,25,1.1283791670955126,8398.0,4170.0,45.00001609038752,0.0,0.0,0.0
12681,75,1.9544100476116797,8396.0,4173.0,0.0,3.265986323710904,0.0,1.0
12682,25,1.1283791670955126,5946.0,4174.0,45.00001609038752,0.0,0.0,0.0
12683,25,1.1283791670955126,6823.0,4174.0,45.00001609038752,0.0,0.0,0.0
12684,25,1.1283791670955126,5947.0,4175.0,45.00001609038752,0.0,0.0,0.0
12685,25,1.1283791670955126,6824.0,4175.0,45.00001609038752,0.0,0.0,0.0
12686,675,5.863230142835039,10787.925925925925,4185.666666666667,1.3694366924345414,27.462838355252124,1.361200252072464,26.414213562373092
12687,25,1.1283791670955126,6825.0,4176.0,45.00001609038752,0.0,0.0,0.0
12688,50,1.5957691216057308,8395.0,4176.5,0.0,2.0,0.0,0.0
12689,175,2.985410660720923,6285.857142857143,4178.285714285715,22.50000804519376,4.375345285424217,2.089630999709931,7.414213562373096
12690,25,1.1283791670955126,6826.0,4177.0,45.00001609038752,0.0,0.0,0.0
12691,25,1.1283791670955126,3132.0,4178.0,45.00001609038752,0.0,0.0,0.0
12692,25,1.1283791670955126,6827.0,4178.0,45.00001609038752,0.0,0.0,0.0
12693,25,1.1283791670955126,6828.0,4179.0,45.00001609038752,0.0,0.0,0.0
12694,75,1.9544100476116797,8395.0,4180.0,0.0,3.265986323710904,0.0,1.0
12695,450,4.787307364817192,4929.888888888889,4183.833333333333,6.365363571301984,8.817498629772468,2.798564779943624,14.278174593052023
12696,25,1.1283791670955126,6829.0,4180.0,45.00001609038752,0.0,0.0,0.0
12697,25,1.1283791670955126,6285.0,4181.0,45.00001609038752,0.0,0.0,0.0
12698,25,1.1283791670955126,6830.0,4181.0,45.00001609038752,0.0,0.0,0.0
12699,25,1.1283791670955126,6831.0,4182.0,45.00001609038752,0.0,0.0,0.0
12700,25,1.1283791670955126,6832.0,4183.0,45.00001609038752,0.0,0.0,0.0
12701,775,6.282549314314218,8365.935483870968,4189.1612903225805,5.546379220158725,14.034493631188267,2.7300886318161894,24.414213562373096
12702,250,3.5682482323055424,3180.0,4184.7,90.00003218077504,6.928203230275509,1.8330302779823366,8.0
12703,50,1.5957691216057308,3186.5,4184.0,90.00003218077504,2.0,0.0,0.0
12704,25,1.1283791670955126,6833.0,4184.0,45.00001609038752,0.0,0.0,0.0
12705,50,1.5957691216057308,8342.0,4184.5,0.0,2.0,0.0,0.0
12706,50,1.5957691216057308,3172.5,4185.0,90.00003218077504,2.0,0.0,0.0
12707,300,3.9088200952233594,3189.75,4186.333333333333,-90.00003218077504,4.654746681256314,3.3993463423951895,10.65685424949238
12708,25,1.1283791670955126,6835.0,4185.0,45.00001609038752,0.0,0.0,0.0
12709,25,1.1283791670955126,3170.0,4186.0,45.00001609038752,0.0,0.0,0.0
12710,75,1.9544100476116797,6836.666666666667,4186.333333333333,-45.00001609038752,2.3094010767585034,1.3333333333333333,3.414213562373095
12711,25,1.1283791670955126,3051.0,4187.0,45.00001609038752,0.0,0.0,0.0
12712,25,1.1283791670955126,3169.0,4187.0,45.00001609038752,0.0,0.0,0.0
12713,25,1.1283791670955126,3050.0,4188.0,45.00001609038752,0.0,0.0,0.0
12714,25,1.1283791670955126,3168.0,4188.0,45.00001609038752,0.0,0.0,0.0
12715,75,1.9544100476116797,3193.6666666666665,4188.333333333333,-45.00001609038752,2.3094010767585034,1.3333333333333333,3.414213562373095
12716,25,1.1283791670955126,6838.0,4188.0,45.00001609038752,0.0,0.0,0.0
12717,25,1.1283791670955126,3167.0,4189.0,45.00001609038752,0.0,0.0,0.0
12718,25,1.1283791670955126,3191.0,4189.0,45.00001609038752,0.0,0.0,0.0
12719,175,2.985410660720923,8395.857142857143,4191.428571428572,1.455419433489528,6.365114666577763,1.3907892986190968,5.207106781186548
12720,25,1.1283791670955126,3166.0,4190.0,45.00001609038752,0.0,0.0,0.0
12721,50,1.5957691216057308,3192.0,4190.5,0.0,2.0,0.0,0.0
12722,50,1.5957691216057308,3195.0,4190.5,0.0,2.0,0.0,0.0
12723,25,1.1283791670955126,3165.0,4191.0,45.00001609038752,0.0,0.0,0.0
12724,25,1.1283791670955126,11586.0,4191.0,45.00001609038752,0.0,0.0,0.0
12725,25,1.1283791670955126,11712.0,4191.0,45.00001609038752,0.0,0.0,0.0
12726,25,1.1283791670955126,3164.0,4192.0,45.00001609038752,0.0,0.0,0.0
12727,525,5.170882945826411,3194.7619047619046,4195.523809523809,-1.1390278150747637,8.429677817159128,4.256720594646866,16.86396103067893
12728,50,1.5957691216057308,5180.5,4192.0,90.00003218077504,2.0,0.0,0.0
12729,775,6.282549314314218,8392.741935483871,4202.870967741936,0.886480750101453,25.21420350705295,1.7064570358554911,29.0
12730,25,1.1283791670955126,3163.0,4193.0,45.00001609038752,0.0,0.0,0.0
12731,25,1.1283791670955126,5179.0,4193.0,45.00001609038752,0.0,0.0,0.0
12732,25,1.1283791670955126,3162.0,4194.0,45.00001609038752,0.0,0.0,0.0
12733,150,2.763953195770684,5182.0,4196.5,0.0,6.831300510639732,0.0,4.0
12734,200,3.1915382432114616,3159.5,4197.0,-42.14471850068596,6.488432109704299,1.378495106178553,8.414213562373096
12735,325,4.068428945128219,5179.0,4199.384615384615,20.792483795412387,9.193389285912595,3.216441941511045,11.207106781186548
12736,25,1.1283791670955126,11714.0,4195.0,45.00001609038752,0.0,0.0,0.0
12737,25,1.1283791670955126,6845.0,4196.0,45.00001609038752,0.0,0.0,0.0
12738,1025,7.225151993843567,8396.780487804877,4206.243902439024,3.7030698802703306,23.73453118844749,2.2573406191620853,41.207106781186546
12739,25,1.1283791670955126,9442.0,4196.0,45.00001609038752,0.0,0.0,0.0
12740,50,1.5957691216057308,11715.0,4196.5,0.0,2.0,0.0,0.0
12741,25,1.1283791670955126,6846.0,4197.0,45.00001609038752,0.0,0.0,0.0
12742,25,1.1283791670955126,6847.0,4198.0,45.00001609038752,0.0,0.0,0.0
12743,1325,8.214724333230155,3198.0754716981132,4215.264150943396,-1.9688043676207228,37.6510449758956,3.2129955687758875,53.62132034355964
12744,25,1.1283791670955126,6848.0,4199.0,45.00001609038752,0.0,0.0,0.0
12745,75,1.9544100476116797,10788.333333333334,4199.333333333333,45.00001609038752,2.3094010767585034,1.3333333333333333,3.414213562373095
12746,13950,26.654599339742866,302.5448028673835,4220.905017921147,35.08860515252397,51.86838751815797,22.93647155973652,212.82337649086287
12747,25,1.1283791670955126,3157.0,4200.0,45.00001609038752,0.0,0.0,0.0
12748,100,2.256758334191025,4477.25,4201.0,0.0,2.8284271247461903,1.7320508075688772,4.621320343559642
12749,25,1.1283791670955126,9439.0,4201.0,45.00001609038752,0.0,0.0,0.0
12750,75,1.9544100476116797,11720.0,4202.0,0.0,3.265986323710904,0.0,1.0
12751,25,1.1283791670955126,302.0,4202.0,45.00001609038752,0.0,0.0,0.0
12752,200,3.1915382432114616,8356.875,4202.875,45.00001609038752,3.4641016151377544,2.7386127875258306,7.414213562373095
12753,50,1.5957691216057308,10789.0,4202.5,0.0,2.0,0.0,0.0
12754,25,1.1283791670955126,303.0,4203.0,45.00001609038752,0.0,0.0,0.0
12755,150,2.763953195770684,3195.0,4205.5,0.0,6.831300510639732,0.0,4.0
12756,50,1.5957691216057308,7326.0,4203.5,0.0,2.0,0.0,0.0
12757,25,1.1283791670955126,9438.0,4203.0,45.00001609038752,0.0,0.0,0.0
12758,25,1.1283791670955126,304.0,4204.0,45.00001609038752,0.0,0.0,0.0
12759,650,5.753627391751592,4479.807692307692,4207.923076923077,1.883727093553622,9.670416760312188,5.079040179928558,15.86396103067893
12760,44300,47.49926813405348,5998.183408577878,4234.262415349887,5.709385428473923,59.102256824046655,42.36678686773678,184.12489168102786
12761,75,1.9544100476116797,11596.666666666666,4204.666666666667,45.00001609038752,2.3094010767585034,1.3333333333333333,3.414213562373095
12762,50,1.5957691216057308,11717.0,4204.5,0.0,2.0,0.0,0.0
12763,25,1.1283791670955126,11721.0,4204.0,45.00001609038752,0.0,0.0,0.0
12764,25,1.1283791670955126,285.0,4205.0,45.00001609038752,0.0,0.0,0.0
12765,225,3.385137501286538,10789.0,4209.0,0.0,10.327955589886445,0.0,7.0
12766,25,1.1283791670955126,11143.0,4205.0,45.00001609038752,0.0,0.0,0.0
12767,50,1.5957691216057308,11599.0,4205.5,0.0,2.0,0.0,0.0
12768,25,1.1283791670955126,305.0,4206.0,45.00001609038752,0.0,0.0,0.0
12769,25,1.1283791670955126,3155.0,4206.0,45.00001609038752,0.0,0.0,0.0
12770,25,1.1283791670955126,9436.0,4206.0,45.00001609038752,0.0,0.0,0.0
12771,25,1.1283791670955126,306.0,4207.0,45.00001609038752,0.0,0.0,0.0
12772,25,1.1283791670955126,11601.0,4207.0,45.00001609038752,0.0,0.0,0.0
12773,50,1.5957691216057308,4476.5,4208.0,90.00003218077504,2.0,0.0,0.0
12774,25,1.1283791670955126,11849.0,4208.0,45.00001609038752,0.0,0.0,0.0
12775,425,4.652426491681278,3173.0588235294117,4210.941176470588,-61.097888813764534,5.766052958266418,3.9475414006007217,13.449747468305832
12776,25,1.1283791670955126,3196.0,4209.0,45.00001609038752,0.0,0.0,0.0
12777,125,2.5231325220201604,10614.8,4211.6,71.5650767661759,3.098386676965933,1.7888543819998317,5.207106781186548
12778,25,1.1283791670955126,11852.0,4212.0,45.00001609038752,0.0,0.0,0.0
12779,300,3.9088200952233594,3045.75,4215.25,-26.847761038506267,6.777486270839187,2.3235776685791363,11.242640687119286
12780,3850,14.002817212590296,3178.8506493506493,4222.62987012987,-22.745253927770044,17.092454914646854,12.203914160282645,50.384776310850235
12781,25,1.1283791670955126,3196.0,4213.0,45.00001609038752,0.0,0.0,0.0
12782,75,1.9544100476116797,4477.0,4215.0,0.0,3.265986323710904,0.0,1.0
12783,25,1.1283791670955126,10614.0,4214.0,45.00001609038752,0.0,0.0,0.0
12784,50,1.5957691216057308,10613.0,4215.5,0.0,2.0,0.0,0.0
12785,500,5.046265044040321,8396.25,4220.9,5.5549101545817186,11.980141227761012,2.552688026943539,20.65685424949238
12786,25,1.1283791670955126,5971.0,4217.0,45.00001609038752,0.0,0.0,0.0
12787,50,1.5957691216057308,301.5,4218.0,90.00003218077504,2.0,0.0,0.0
12788,25,1.1283791670955126,5972.0,4218.0,45.00001609038752,0.0,0.0,0.0
12789,25,1.1283791670955126,9427.0,4219.0,45.00001609038752,0.0,0.0,0.0
12790,125,2.5231325220201604,3195.0,4222.0,0.0,5.656854249492381,0.0,3.0
12791,25,1.1283791670955126,9426.0,4220.0,45.00001609038752,0.0,0.0,0.0
12792,25,1.1283791670955126,3427.0,4221.0,45.00001609038752,0.0,0.0,0.0
12793,25,1.1283791670955126,8345.0,4221.0,45.00001609038752,0.0,0.0,0.0
12794,900,6.770275002573076,8392.805555555555,4229.166666666667,0.8333026923159349,16.070936961100887,2.945437569576385,28.035533905932738
12795,25,1.1283791670955126,316.0,4222.0,45.00001609038752,0.0,0.0,0.0
12796,25,1.1283791670955126,317.0,4223.0,45.00001609038752,0.0,0.0,0.0
12797,300,3.9088200952233594,5267.083333333333,4225.416666666667,22.830364570705004,10.436274110498584,3.6781282107862174,10.0
12798,25,1.1283791670955126,8346.0,4223.0,45.00001609038752,0.0,0.0,0.0
12799,100,2.256758334191025,5263.0,4225.5,0.0,4.47213595499958,0.0,2.0
12800,25,1.1283791670955126,8347.0,4224.0,45.00001609038752,0.0,0.0,0.0
12801,75,1.9544100476116797,3194.0,4227.0,0.0,3.265986323710904,0.0,1.0
12802,25,1.1283791670955126,8348.0,4226.0,45.00001609038752,0.0,0.0,0.0
12803,25,1.1283791670955126,303.0,4227.0,45.00001609038752,0.0,0.0,0.0
12804,25,1.1283791670955126,321.0,4228.0,45.00001609038752,0.0,0.0,0.0
12805,50,1.5957691216057308,322.0,4230.5,0.0,2.0,0.0,0.0
12806,1075,7.399277020331919,3191.186046511628,4236.627906976744,-38.007811248079065,14.663707846596823,4.981090141056718,29.935028842544405
12807,25,1.1283791670955126,8351.0,4230.0,45.00001609038752,0.0,0.0,0.0
12808,25,1.1283791670955126,11718.0,4231.0,45.00001609038752,0.0,0.0,0.0
12809,725,6.076507779746499,309.3448275862069,4233.689655172414,70.69406622172843,7.8466052036257645,5.101151822633117,19.242640687119284
12810,25,1.1283791670955126,8352.0,4232.0,45.00001609038752,0.0,0.0,0.0
12811,3750,13.81976597885342,8375.26,4246.166666666667,11.84468473315047,27.994290699666585,7.6920073525348265,63.21320343559643
12812,25,1.1283791670955126,11717.0,4232.0,45.00001609038752,0.0,0.0,0.0
12813,50,1.5957691216057308,10614.5,4233.0,90.00003218077504,2.0,0.0,0.0
12814,3875,14.048207338801282,11712.258064516129,4240.8387096774195,20.01793681096889,21.63069720506856,9.818950747490298,56.384776310850235
12815,50,1.5957691216057308,323.0,4234.5,0.0,2.0,0.0,0.0
12816,25,1.1283791670955126,3155.0,4234.0,45.00001609038752,0.0,0.0,0.0
12817,350,4.222008245644752,5269.0,4240.5,0.0,16.1245154965971,0.0,12.0
12818,25,1.1283791670955126,9414.0,4234.0,45.00001609038752,0.0,0.0,0.0
12819,25,1.1283791670955126,9413.0,4235.0,45.00001609038752,0.0,0.0,0.0
12820,25,1.1283791670955126,3156.0,4236.0,45.00001609038752,0.0,0.0,0.0
12821,25,1.1283791670955126,9412.0,4236.0,45.00001609038752,0.0,0.0,0.0
12822,50,1.5957691216057308,8394.0,4237.5,0.0,2.0,0.0,0.0
12823,25,1.1283791670955126,9411.0,4237.0,45.00001609038752,0.0,0.0,0.0
12824,25,1.1283791670955126,8355.0,4238.0,45.00001609038752,0.0,0.0,0.0
12825,25,1.1283791670955126,9410.0,4238.0,45.00001609038752,0.0,0.0,0.0
12826,500,5.046265044040321,300.55,4241.25,80.08596175020608,18.447832221386246,2.0585155650573417,19.621320343559642
12827,25,1.1283791670955126,311.0,4239.0,45.00001609038752,0.0,0.0,0.0
12828,25,1.1283791670955126,324.0,4239.0,45.00001609038752,0.0,0.0,0.0
12829,25,1.1283791670955126,3158.0,4239.0,45.00001609038752,0.0,0.0,0.0
12830,475,4.918490759365935,8358.21052631579,4243.578947368421,18.631086881666075,11.376669253935134,2.265160805168275,17.82842712474619
12831,200,3.1915382432114616,8391.25,4241.0,-7.465711258538651,6.984716318104124,1.4878635540969356,7.0
12832,550,5.292567428401227,8394.545454545454,4245.090909090909,-1.608204924483634,13.69850064808276,1.9550330878636044,21.207106781186546
12833,25,1.1283791670955126,312.0,4240.0,45.00001609038752,0.0,0.0,0.0
12834,50,1.5957691216057308,309.5,4241.0,90.00003218077504,2.0,0.0,0.0
12835,2625,11.562445770562215,321.7809523809524,4249.571428571428,42.1404857570119,29.0971771904902,10.191041070173812,63.31980515339464
12836,25,1.1283791670955126,3159.0,4241.0,45.00001609038752,0.0,0.0,0.0
12837,150,2.763953195770684,3193.1666666666665,4243.0,0.0,5.163977794943222,1.4907119849998602,4.207106781186548
12838,25,1.1283791670955126,293.0,4242.0,45.00001609038752,0.0,0.0,0.0
12839,25,1.1283791670955126,3160.0,4242.0,45.00001609038752,0.0,0.0,0.0
12840,25,1.1283791670955126,9406.0,4242.0,45.00001609038752,0.0,0.0,0.0
12841,25,1.1283791670955126,291.0,4243.0,45.00001609038752,0.0,0.0,0.0
12842,25,1.1283791670955126,3184.0,4243.0,45.00001609038752,0.0,0.0,0.0
12843,25,1.1283791670955126,289.0,4244.0,45.00001609038752,0.0,0.0,0.0
12844,25,1.1283791670955126,310.0,4244.0,45.00001609038752,0.0,0.0,0.0
12845,25,1.1283791670955126,3183.0,4244.0,45.00001609038752,0.0,0.0,0.0
12846,25,1.1283791670955126,288.0,4245.0,45.00001609038752,0.0,0.0,0.0
12847,25,1.1283791670955126,3132.0,4245.0,45.00001609038752,0.0,0.0,0.0
12848,25,1.1283791670955126,3163.0,4245.0,45.00001609038752,0.0,0.0,0.0
12849,25,1.1283791670955126,3181.0,4245.0,45.00001609038752,0.0,0.0,0.0
12850,25,1.1283791670955126,4798.0,4245.0,45.00001609038752,0.0,0.0,0.0
12851,50,1.5957691216057308,286.5,4246.0,90.00003218077504,2.0,0.0,0.0
12852,25,1.1283791670955126,3133.0,4246.0,45.00001609038752,0.0,0.0,0.0
12853,25,1.1283791670955126,3179.0,4246.0,45.00001609038752,0.0,0.0,0.0
12854,575,5.4115163798060095,8389.869565217392,4250.739130434783,-3.9276636679100476,8.620775964985508,3.930852063230398,17.899494936611667
12855,25,1.1283791670955126,285.0,4247.0,45.00001609038752,0.0,0.0,0.0
12856,100,2.256758334191025,3175.0,4247.25,90.00003218077504,2.8284271247461903,1.7320508075688772,4.621320343559642
12857,25,1.1283791670955126,3192.0,4247.0,45.00001609038752,0.0,0.0,0.0
12858,75,1.9544100476116797,4797.0,4248.0,0.0,3.265986323710904,0.0,1.0
12859,25,1.1283791670955126,284.0,4248.0,45.00001609038752,0.0,0.0,0.0
12860,25,1.1283791670955126,3194.0,4248.0,45.00001609038752,0.0,0.0,0.0
12861,25,1.1283791670955126,8361.0,4248.0,45.00001609038752,0.0,0.0,0.0
12862,25,1.1283791670955126,283.0,4249.0,45.00001609038752,0.0,0.0,0.0
12863,25,1.1283791670955126,8362.0,4249.0,45.00001609038752,0.0,0.0,0.0
12864,25,1.1283791670955126,4796.0,4250.0,45.00001609038752,0.0,0.0,0.0
12865,4625,15.347615963921077,8374.243243243243,4261.0756756756755,81.77534587457036,33.44937796715103,11.982566059045652,87.94112549695427
12866,50,1.5957691216057308,8363.0,4250.5,0.0,2.0,0.0,0.0
12867,470775,154.84306205609553,2341.53358823217,4358.690722744411,-55.215728953872585,181.93384136032176,149.04953920691668,964.6021638285528
12868,25,1.1283791670955126,2355.0,4251.0,45.00001609038752,0.0,0.0,0.0
12869,50,1.5957691216057308,11583.0,4251.5,0.0,2.0,0.0,0.0
12870,25,1.1283791670955126,281.0,4252.0,45.00001609038752,0.0,0.0,0.0
12871,25,1.1283791670955126,330.0,4252.0,45.00001609038752,0.0,0.0,0.0
12872,25,1.1283791670955126,2356.0,4252.0,45.00001609038752,0.0,0.0,0.0
12873,25,1.1283791670955126,8364.0,4252.0,45.00001609038752,0.0,0.0,0.0
12874,25,1.1283791670955126,280.0,4253.0,45.00001609038752,0.0,0.0,0.0
12875,25,1.1283791670955126,2357.0,4253.0,45.00001609038752,0.0,0.0,0.0
12876,150,2.763953195770684,5270.0,4255.5,0.0,6.831300510639732,0.0,4.0
12877,25,1.1283791670955126,8365.0,4253.0,45.00001609038752,0.0,0.0,0.0
12878,25,1.1283791670955126,8387.0,4253.0,45.00001609038752,0.0,0.0,0.0
12879,25,1.1283791670955126,8393.0,4253.0,45.00001609038752,0.0,0.0,0.0
12880,50,1.5957691216057308,11582.0,4253.5,0.0,2.0,0.0,0.0
12881,25,1.1283791670955126,279.0,4254.0,45.00001609038752,0.0,0.0,0.0
12882,600,5.527906391541368,331.25,4260.416666666667,16.901401517836025,14.958511359703342,2.1130925497593145,24.207106781186546
12883,25,1.1283791670955126,2358.0,4254.0,45.00001609038752,0.0,0.0,0.0
12884,25,1.1283791670955126,8366.0,4254.0,45.00001609038752,0.0,0.0,0.0
12885,25,1.1283791670955126,8386.0,4254.0,45.00001609038752,0.0,0.0,0.0
12886,25,1.1283791670955126,8394.0,4254.0,45.00001609038752,0.0,0.0,0.0
12887,1175,7.735777827895049,8398.234042553191,4260.574468085107,14.848636894707845,12.970432260725117,5.465031944894228,29.520815280171306
12888,25,1.1283791670955126,278.0,4255.0,45.00001609038752,0.0,0.0,0.0
12889,25,1.1283791670955126,2359.0,4255.0,45.00001609038752,0.0,0.0,0.0
12890,25,1.1283791670955126,6026.0,4255.0,45.00001609038752,0.0,0.0,0.0
12891,25,1.1283791670955126,8367.0,4255.0,45.00001609038752,0.0,0.0,0.0
12892,25,1.1283791670955126,8385.0,4255.0,45.00001609038752,0.0,0.0,0.0
12893,50,1.5957691216057308,8388.0,4255.5,0.0,2.0,0.0,0.0
12894,50,1.5957691216057308,8392.0,4255.5,0.0,2.0,0.0,0.0
12895,50,1.5957691216057308,11581.0,4255.5,0.0,2.0,0.0,0.0
12896,25,1.1283791670955126,2360.0,4256.0,45.00001609038752,0.0,0.0,0.0
12897,50,1.5957691216057308,8383.5,4256.0,90.00003218077504,2.0,0.0,0.0
12898,25,1.1283791670955126,2361.0,4257.0,45.00001609038752,0.0,0.0,0.0
12899,25,1.1283791670955126,8387.0,4257.0,45.00001609038752,0.0,0.0,0.0
12900,50,1.5957691216057308,11580.0,4257.5,0.0,2.0,0.0,0.0
12901,25,1.1283791670955126,276.0,4258.0,45.00001609038752,0.0,0.0,0.0
12902,25,1.1283791670955126,2362.0,4258.0,45.00001609038752,0.0,0.0,0.0
12903,100,2.256758334191025,2363.5,4260.0,31.71748575249332,3.23606797749979,1.2360679774997898,4.414213562373095
12904,2200,10.585134856802455,10617.09090909091,4267.954545454545,0.3045708693478445,26.250267930342503,5.172827498480272,50.69238815542512
12905,25,1.1283791670955126,11579.0,4259.0,45.00001609038752,0.0,0.0,0.0
12906,25,1.1283791670955126,275.0,4260.0,45.00001609038752,0.0,0.0,0.0
12907,75,1.9544100476116797,4791.666666666667,4260.666666666667,45.00001609038752,2.3094010767585034,1.3333333333333333,3.414213562373095
12908,25,1.1283791670955126,4758.0,4261.0,45.00001609038752,0.0,0.0,0.0
12909,25,1.1283791670955126,11723.0,4261.0,45.00001609038752,0.0,0.0,0.0
12910,25,1.1283791670955126,2365.0,4262.0,45.00001609038752,0.0,0.0,0.0
12911,50,1.5957691216057308,5258.5,4262.0,90.00003218077504,2.0,0.0,0.0
12912,3200,12.766152972845846,5263.8359375,4278.2265625,8.250383337166436,36.08114014522149,4.989927123304141,70.7634559672906
12913,9225,21.675455981530703,6042.821138211382,4282.512195121952,44.297191359371624,69.2635813985245,13.1686491864533,152.68124086713192
12914,25,1.1283791670955126,2366.0,4263.0,45.00001609038752,0.0,0.0,0.0
12915,1325,8.214724333230155,5271.88679245283,4277.981132075472,-1.1126134294661245,37.7828978385745,3.2760411780964014,46.65685424949238
12916,25,1.1283791670955126,2367.0,4264.0,45.00001609038752,0.0,0.0,0.0
12917,25,1.1283791670955126,5257.0,4264.0,45.00001609038752,0.0,0.0,0.0
12918,25,1.1283791670955126,11724.0,4264.0,45.00001609038752,0.0,0.0,0.0
12919,106425,73.62187678901964,8386.538877143528,4311.900634249471,-0.10282261535989354,100.90795950621919,54.645027412702035,289.9594154601839
12920,25,1.1283791670955126,233.0,4266.0,45.00001609038752,0.0,0.0,0.0
12921,175,2.985410660720923,6008.0,4266.0,90.00003218077504,8.0,0.0,5.0
12922,475,4.918490759365935,10612.263157894737,4273.421052631579,2.6410716333606667,15.443653455757941,1.612947977912812,18.207106781186546
12923,25,1.1283791670955126,11356.0,4266.0,45.00001609038752,0.0,0.0,0.0
12924,4325,14.841510746523857,11731.763005780347,4282.878612716763,22.176998100767975,52.54698999098885,11.017206847896833,112.08326112068525
12925,25,1.1283791670955126,272.0,4267.0,45.00001609038752,0.0,0.0,0.0
12926,175,2.985410660720923,302.0,4268.285714285715,-33.40071668607108,4.796702691401646,1.7646790841090736,7.207106781186548
12927,25,1.1283791670955126,2369.0,4267.0,45.00001609038752,0.0,0.0,0.0
12928,75,1.9544100476116797,6003.0,4267.0,90.00003218077504,3.265986323710904,0.0,1.0
12929,25,1.1283791670955126,8402.0,4267.0,45.00001609038752,0.0,0.0,0.0
12930,25,1.1283791670955126,11355.0,4267.0,45.00001609038752,0.0,0.0,0.0
12931,100,2.256758334191025,330.0,4269.5,0.0,4.47213595499958,0.0,2.0
12932,625,5.641895835477563,334.32,4276.92,5.618856872915775,20.076747973552568,2.1870964328197773,24.207106781186546
12933,25,1.1283791670955126,843.0,4268.0,45.00001609038752,0.0,0.0,0.0
12934,25,1.1283791670955126,845.0,4268.0,45.00001609038752,0.0,0.0,0.0
12935,25,1.1283791670955126,2370.0,4268.0,45.00001609038752,0.0,0.0,0.0
12936,250,3.5682482323055424,5993.1,4269.9,-62.29616661862392,4.803795664390683,3.4356290857397953,9.65685424949238
12937,75,1.9544100476116797,6000.0,4268.0,90.00003218077504,3.265986323710904,0.0,1.0
12938,25,1.1283791670955126,11354.0,4268.0,45.00001609038752,0.0,0.0,0.0
12939,25,1.1283791670955126,4794.0,4269.0,45.00001609038752,0.0,0.0,0.0
12940,50,1.5957691216057308,5997.5,4269.0,90.00003218077504,2.0,0.0,0.0
12941,150,2.763953195770684,9374.833333333334,4270.666666666667,7.465711258538651,6.011486661777879,1.2805490592103137,5.207106781186548
12942,25,1.1283791670955126,11353.0,4269.0,45.00001609038752,0.0,0.0,0.0
12943,25,1.1283791670955126,271.0,4270.0,45.00001609038752,0.0,0.0,0.0
12944,25,1.1283791670955126,2371.0,4270.0,45.00001609038752,0.0,0.0,0.0
12945,25,1.1283791670955126,11352.0,4270.0,45.00001609038752,0.0,0.0,0.0
12946,25,1.1283791670955126,2372.0,4271.0,45.00001609038752,0.0,0.0,0.0
12947,275,3.742410318509555,4796.636363636364,4274.363636363636,25.4949319291659,9.475721913664202,1.4068721534760542,10.207106781186548
12948,250,3.5682482323055424,5141.0,4272.3,76.64552234610757,5.789587707837038,2.2451445773629537,10.207106781186548
12949,25,1.1283791670955126,11351.0,4271.0,45.00001609038752,0.0,0.0,0.0
12950,175,2.985410660720923,331.0,4275.0,0.0,8.0,0.0,5.0
12951,25,1.1283791670955126,2373.0,4272.0,45.00001609038752,0.0,0.0,0.0
12952,50,1.5957691216057308,5145.0,4272.5,0.0,2.0,0.0,0.0
12953,25,1.1283791670955126,5990.0,4272.0,45.00001609038752,0.0,0.0,0.0
12954,25,1.1283791670955126,304.0,4273.0,45.00001609038752,0.0,0.0,0.0
12955,75,1.9544100476116797,1737.0,4274.0,0.0,3.265986323710904,0.0,1.0
12956,50,1.5957691216057308,5988.5,4273.0,90.00003218077504,2.0,0.0,0.0
12957,75,1.9544100476116797,6075.666666666667,4273.333333333333,-45.00001609038752,2.3094010767585034,1.3333333333333333,3.414213562373095
12958,75,1.9544100476116797,11729.666666666666,4273.333333333333,-45.00001609038752,2.3094010767585034,1.3333333333333333,3.414213562373095
12959,25,1.1283791670955126,5987.0,4274.0,45.00001609038752,0.0,0.0,0.0
12960,1650,9.166995688475081,6026.0,4280.015151515152,35.6166342076953,17.282013390375383,6.910324341486887,40.2842712474619
12961,25,1.1283791670955126,2375.0,4275.0,45.00001609038752,0.0,0.0,0.0
12962,50,1.5957691216057308,5985.5,4275.0,90.00003218077504,2.0,0.0,0.0
12963,100,2.256758334191025,6075.5,4276.0,31.71748575249332,3.23606797749979,1.2360679774997898,4.414213562373095
12964,150,2.763953195770684,11734.666666666666,4276.166666666667,12.93318302148842,4.363338213437162,1.65500979239906,5.0
12965,75,1.9544100476116797,5983.333333333333,4276.333333333333,45.00001609038752,2.3094010767585034,1.3333333333333333,3.414213562373095
12966,50,1.5957691216057308,6017.5,4276.0,90.00003218077504,2.0,0.0,0.0
12967,50,1.5957691216057308,6082.0,4276.5,0.0,2.0,0.0,0.0
12968,25,1.1283791670955126,5256.0,4277.0,45.00001609038752,0.0,0.0,0.0
12969,125,2.5231325220201604,303.4,4278.8,-18.43495541459913,3.098386676965933,1.7888543819998317,5.207106781186548
12970,25,1.1283791670955126,5982.0,4278.0,45.00001609038752,0.0,0.0,0.0
12971,25,1.1283791670955126,11343.0,4278.0,45.00001609038752,0.0,0.0,0.0
12972,25,1.1283791670955126,11722.0,4278.0,45.00001609038752,0.0,0.0,0.0
12973,500,5.046265044040321,275.35,4283.75,-1.801993198313952,9.543678473227308,2.8910553781720734,14.621320343559642
12974,25,1.1283791670955126,2378.0,4279.0,45.00001609038752,0.0,0.0,0.0
12975,25,1.1283791670955126,5981.0,4279.0,45.00001609038752,0.0,0.0,0.0
12976,25,1.1283791670955126,11342.0,4279.0,45.00001609038752,0.0,0.0,0.0
12977,500,5.046265044040321,11715.85,4282.85,-39.57316823763254,11.983989633342885,2.7683916753108293,15.65685424949238
12978,25,1.1283791670955126,11721.0,4279.0,45.00001609038752,0.0,0.0,0.0
12979,75,1.9544100476116797,332.0,4281.0,0.0,3.265986323710904,0.0,1.0
12980,25,1.1283791670955126,4799.0,4280.0,45.00001609038752,0.0,0.0,0.0
12981,50,1.5957691216057308,5980.0,4280.5,0.0,2.0,0.0,0.0
12982,25,1.1283791670955126,11341.0,4280.0,45.00001609038752,0.0,0.0,0.0
12983,50,1.5957691216057308,11736.0,4280.5,0.0,2.0,0.0,0.0
12984,25,1.1283791670955126,242.0,4281.0,45.00001609038752,0.0,0.0,0.0
12985,800,6.383076486422923,280.59375,4286.0625,0.8561844558997246,10.486110598542398,3.9797436494247713,21.035533905932738
12986,25,1.1283791670955126,5990.0,4281.0,45.00001609038752,0.0,0.0,0.0
12987,1150,7.653039857325812,10614.804347826086,4286.347826086957,1.1981491111468825,10.85144084285763,5.691544574988778,25.692388155425117
12988,25,1.1283791670955126,243.0,4282.0,45.00001609038752,0.0,0.0,0.0
12989,25,1.1283791670955126,2380.0,4282.0,45.00001609038752,0.0,0.0,0.0
12990,25,1.1283791670955126,5979.0,4282.0,45.00001609038752,0.0,0.0,0.0
12991,25,1.1283791670955126,244.0,4283.0,45.00001609038752,0.0,0.0,0.0
12992,25,1.1283791670955126,2381.0,4283.0,45.00001609038752,0.0,0.0,0.0
12993,25,1.1283791670955126,5978.0,4283.0,45.00001609038752,0.0,0.0,0.0
12994,25,1.1283791670955126,245.0,4284.0,45.00001609038752,0.0,0.0,0.0
12995,300,3.9088200952233594,2384.25,4286.75,39.505688577566595,8.60084844382479,2.0063414580665735,10.207106781186548
12996,25,1.1283791670955126,5255.0,4284.0,45.00001609038752,0.0,0.0,0.0
12997,50,1.5957691216057308,5977.0,4284.5,0.0,2.0,0.0,0.0
12998,25,1.1283791670955126,246.0,4285.0,45.00001609038752,0.0,0.0,0.0
12999,175,2.985410660720923,303.42857142857144,4286.285714285715,-8.34962510252249,4.155374705678736,1.9054711331003737,7.207106781186548
13000,200,3.1915382432114616,331.25,4287.75,-8.34962510252249,8.020032389381706,1.295793375993391,7.207106781186548
13001,275,3.742410318509555,5995.363636363636,4286.454545454545,-18.43495541459913,4.0,3.4688698233343476,9.65685424949238
13002,150,2.763953195770684,6034.333333333333,4286.5,0.0,3.8297084310253524,1.8856180831641272,6.414213562373095
13003,25,1.1283791670955126,5976.0,4286.0,45.00001609038752,0.0,0.0,0.0
13004,50,1.5957691216057308,5975.0,4287.5,0.0,2.0,0.0,0.0
13005,25,1.1283791670955126,11335.0,4287.0,45.00001609038752,0.0,0.0,0.0
13006,200,3.1915382432114616,271.625,4290.125,38.37975376562618,5.643419787454211,2.377354223200713,7.414213562373095
13007,25,1.1283791670955126,8416.0,4288.0,45.00001609038752,0.0,0.0,0.0
13008,25,1.1283791670955126,11334.0,4288.0,45.00001609038752,0.0,0.0,0.0
13009,25,1.1283791670955126,11712.0,4288.0,45.00001609038752,0.0,0.0,0.0
13010,25,1.1283791670955126,5974.0,4289.0,45.00001609038752,0.0,0.0,0.0
13011,25,1.1283791670955126,11711.0,4289.0,45.00001609038752,0.0,0.0,0.0
13012,25,1.1283791670955126,5973.0,4290.0,45.00001609038752,0.0,0.0,0.0
13013,775,6.282549314314218,6041.774193548387,4293.741935483871,42.06966841571269,10.879869005247958,4.97788458323033,22.106601717798213
13014,25,1.1283791670955126,11710.0,4290.0,45.00001609038752,0.0,0.0,0.0
13015,25,1.1283791670955126,269.0,4291.0,45.00001609038752,0.0,0.0,0.0
13016,25,1.1283791670955126,2387.0,4291.0,45.00001609038752,0.0,0.0,0.0
13017,25,1.1283791670955126,5972.0,4291.0,45.00001609038752,0.0,0.0,0.0
13018,12475,25.206081266687335,8426.308617234468,4324.454909819639,21.645578572341666,63.49386704418499,14.670955431908853,165.0893577750951
13019,25,1.1283791670955126,268.0,4292.0,45.00001609038752,0.0,0.0,0.0
13020,1400,8.444016491289505,325.39285714285717,4302.785714285715,-34.01307918708569,21.581614558684706,4.616876183463184,35.62741699796952
13021,50,1.5957691216057308,5971.0,4292.5,0.0,2.0,0.0,0.0
13022,25,1.1283791670955126,2388.0,4293.0,45.00001609038752,0.0,0.0,0.0
13023,200,3.1915382432114616,6037.375,4294.25,17.296150528236417,3.9722133299273006,2.6403638502198645,8.242640687119284
13024,22550,33.88896677904354,286.35033259423506,4319.79822616408,49.711583413862726,47.9435317794404,26.58175634686771,140.8111831820431
13025,25,1.1283791670955126,2389.0,4294.0,45.00001609038752,0.0,0.0,0.0
13026,25,1.1283791670955126,5970.0,4294.0,45.00001609038752,0.0,0.0,0.0
13027,25,1.1283791670955126,6059.0,4294.0,45.00001609038752,0.0,0.0,0.0
13028,25,1.1283791670955126,11329.0,4294.0,45.00001609038752,0.0,0.0,0.0
13029,25,1.1283791670955126,11708.0,4294.0,45.00001609038752,0.0,0.0,0.0
13030,25,1.1283791670955126,275.0,4295.0,45.00001609038752,0.0,0.0,0.0
13031,25,1.1283791670955126,2390.0,4295.0,45.00001609038752,0.0,0.0,0.0
13032,25,1.1283791670955126,4933.0,4295.0,45.00001609038752,0.0,0.0,0.0
13033,25,1.1283791670955126,4985.0,4295.0,45.00001609038752,0.0,0.0,0.0
13034,25,1.1283791670955126,5255.0,4295.0,45.00001609038752,0.0,0.0,0.0
13035,25,1.1283791670955126,5969.0,4295.0,45.00001609038752,0.0,0.0,0.0
13036,25,1.1283791670955126,276.0,4296.0,45.00001609038752,0.0,0.0,0.0
13037,50,1.5957691216057308,2391.0,4296.5,0.0,2.0,0.0,0.0
13038,25,1.1283791670955126,5968.0,4296.0,45.00001609038752,0.0,0.0,0.0
13039,250,3.5682482323055424,6058.5,4298.2,30.158440694012224,7.622665683780061,1.6896650180795725,10.207106781186548
13040,75,1.9544100476116797,6946.666666666667,4296.333333333333,-45.00001609038752,2.3094010767585034,1.3333333333333333,3.414213562373095
13041,25,1.1283791670955126,277.0,4297.0,45.00001609038752,0.0,0.0,0.0
13042,25,1.1283791670955126,5967.0,4297.0,45.00001609038752,0.0,0.0,0.0
13043,25,1.1283791670955126,6061.0,4297.0,45.00001609038752,0.0,0.0,0.0
13044,25,1.1283791670955126,278.0,4298.0,45.00001609038752,0.0,0.0,0.0
13045,25,1.1283791670955126,2392.0,4298.0,45.00001609038752,0.0,0.0,0.0
13046,1875,9.772050238058398,5267.2,4308.133333333333,-20.164119316875077,28.847209417715856,6.755298984205033,55.76345596729059
13047,25,1.1283791670955126,5966.0,4298.0,45.00001609038752,0.0,0.0,0.0
13048,25,1.1283791670955126,6948.0,4298.0,45.00001609038752,0.0,0.0,0.0
13049,25,1.1283791670955126,11326.0,4298.0,45.00001609038752,0.0,0.0,0.0
13050,25,1.1283791670955126,11882.0,4298.0,45.00001609038752,0.0,0.0,0.0
13051,25,1.1283791670955126,279.0,4299.0,45.00001609038752,0.0,0.0,0.0
13052,50,1.5957691216057308,2393.0,4299.5,0.0,2.0,0.0,0.0
13053,25,1.1283791670955126,5965.0,4299.0,45.00001609038752,0.0,0.0,0.0
13054,100,2.256758334191025,6027.5,4299.5,45.00001609038752,2.0,2.0,4.0
13055,25,1.1283791670955126,6949.0,4299.0,45.00001609038752,0.0,0.0,0.0
13056,25,1.1283791670955126,11325.0,4299.0,45.00001609038752,0.0,0.0,0.0
13057,75,1.9544100476116797,11883.333333333334,4299.666666666667,-45.00001609038752,2.3094010767585034,1.3333333333333333,3.414213562373095
13058,25,1.1283791670955126,280.0,4300.0,45.00001609038752,0.0,0.0,0.0
13059,25,1.1283791670955126,5964.0,4300.0,45.00001609038752,0.0,0.0,0.0
13060,875,6.6755811781245455,6035.285714285715,4302.828571428571,57.78324689404722,8.380874766725448,5.834531212616423,22.106601717798213
13061,50,1.5957691216057308,8889.0,4300.5,0.0,2.0,0.0,0.0
13062,25,1.1283791670955126,281.0,4301.0,45.00001609038752,0.0,0.0,0.0
13063,25,1.1283791670955126,2394.0,4301.0,45.00001609038752,0.0,0.0,0.0
13064,50,1.5957691216057308,3628.0,4301.5,0.0,2.0,0.0,0.0
13065,50,1.5957691216057308,5962.5,4301.0,90.00003218077504,2.0,0.0,0.0
13066,250,3.5682482323055424,11709.0,4304.5,25.014545735194734,8.619279025708183,1.8187988005788338,9.207106781186548
13067,25,1.1283791670955126,282.0,4302.0,45.00001609038752,0.0,0.0,0.0
13068,25,1.1283791670955126,3458.0,4302.0,45.00001609038752,0.0,0.0,0.0
13069,25,1.1283791670955126,5961.0,4302.0,45.00001609038752,0.0,0.0,0.0
13070,25,1.1283791670955126,11323.0,4302.0,45.00001609038752,0.0,0.0,0.0
13071,25,1.1283791670955126,283.0,4303.0,45.00001609038752,0.0,0.0,0.0
13072,25,1.1283791670955126,2395.0,4303.0,45.00001609038752,0.0,0.0,0.0
13073,300,3.9088200952233594,5255.416666666667,4306.416666666667,-12.091810443701473,7.540855308555088,2.0607310175148177,11.207106781186548
13074,25,1.1283791670955126,5960.0,4303.0,45.00001609038752,0.0,0.0,0.0
13075,25,1.1283791670955126,284.0,4304.0,45.00001609038752,0.0,0.0,0.0
13076,434850,148.81776991046272,3543.6220535816947,4370.96090605956,75.80278166552804,237.80372767554837,102.7989919609912,691.9493141924172
13077,125,2.5231325220201604,5957.4,4304.4,-69.00641842630537,4.34169545110285,1.2765894445250698,4.207106781186548
13078,225,3.385137501286538,6044.444444444444,4304.666666666667,-83.95265147994313,4.277662731533559,2.643019518000728,7.621320343559642
13079,50,1.5957691216057308,11769.0,4304.5,0.0,2.0,0.0,0.0
13080,25,1.1283791670955126,285.0,4305.0,45.00001609038752,0.0,0.0,0.0
13081,122450,78.97042034909543,3438.7880767660267,4415.83952633728,6.981571029040749,170.74780140916863,46.99558770936976,426.38582233137674
13082,325,4.068428945128219,6032.2307692307695,4307.153846153846,35.345676170898145,5.991437068225642,2.9000645105211054,9.82842712474619
13083,25,1.1283791670955126,2397.0,4306.0,45.00001609038752,0.0,0.0,0.0
13084,50,1.5957691216057308,3627.0,4306.5,0.0,2.0,0.0,0.0
13085,25,1.1283791670955126,5955.0,4306.0,45.00001609038752,0.0,0.0,0.0
13086,1150,7.653039857325812,6066.630434782609,4317.739130434783,15.269892324395336,28.644236828972222,2.808161020917401,45.828427124746185
13087,25,1.1283791670955126,288.0,4307.0,45.00001609038752,0.0,0.0,0.0
13088,25,1.1283791670955126,2398.0,4307.0,45.00001609038752,0.0,0.0,0.0
13089,25,1.1283791670955126,5954.0,4307.0,45.00001609038752,0.0,0.0,0.0
13090,25,1.1283791670955126,290.0,4308.0,45.00001609038752,0.0,0.0,0.0
13091,75,1.9544100476116797,6045.666666666667,4308.333333333333,-45.00001609038752,2.3094010767585034,1.3333333333333333,3.414213562373095
13092,50,1.5957691216057308,11733.0,4308.5,0.0,2.0,0.0,0.0
13093,825,6.4820448144285745,11732.454545454546,4315.606060606061,-26.078259144676338,17.878488285882856,3.1758480859727025,24.44974746830583
13094,25,1.1283791670955126,2399.0,4309.0,45.00001609038752,0.0,0.0,0.0
13095,50,1.5957691216057308,3626.0,4309.5,0.0,2.0,0.0,0.0
13096,25,1.1283791670955126,5953.0,4309.0,45.00001609038752,0.0,0.0,0.0
13097,75,1.9544100476116797,6049.333333333333,4309.333333333333,45.00001609038752,2.3094010767585034,1.3333333333333333,3.414213562373095
13098,25,1.1283791670955126,295.0,4310.0,45.00001609038752,0.0,0.0,0.0
13099,25,1.1283791670955126,317.0,4310.0,45.00001609038752,0.0,0.0,0.0
13100,50,1.5957691216057308,2400.0,4310.5,0.0,2.0,0.0,0.0
13101,25,1.1283791670955126,5253.0,4310.0,45.00001609038752,0.0,0.0,0.0
13102,100,2.256758334191025,5951.5,4311.0,-31.71748575249332,3.23606797749979,1.2360679774997898,4.414213562373095
13103,25,1.1283791670955126,11714.0,4310.0,45.00001609038752,0.0,0.0,0.0
13104,25,1.1283791670955126,11732.0,4310.0,45.00001609038752,0.0,0.0,0.0
13105,25,1.1283791670955126,315.0,4311.0,45.00001609038752,0.0,0.0,0.0
13106,25,1.1283791670955126,4987.0,4311.0,45.00001609038752,0.0,0.0,0.0
13107,200,3.1915382432114616,6052.125,4311.875,-45.00001609038752,3.4641016151377544,2.7386127875258306,7.414213562373095
13108,25,1.1283791670955126,6959.0,4311.0,45.00001609038752,0.0,0.0,0.0
13109,25,1.1283791670955126,11715.0,4311.0,45.00001609038752,0.0,0.0,0.0
13110,25,1.1283791670955126,11731.0,4311.0,45.00001609038752,0.0,0.0,0.0
13111,25,1.1283791670955126,82.0,4312.0,45.00001609038752,0.0,0.0,0.0
13112,25,1.1283791670955126,2401.0,4312.0,45.00001609038752,0.0,0.0,0.0
13113,25,1.1283791670955126,6960.0,4312.0,45.00001609038752,0.0,0.0,0.0
13114,25,1.1283791670955126,11310.0,4312.0,45.00001609038752,0.0,0.0,0.0
13115,25,1.1283791670955126,11730.0,4312.0,45.00001609038752,0.0,0.0,0.0
13116,25,1.1283791670955126,304.0,4313.0,45.00001609038752,0.0,0.0,0.0
13117,25,1.1283791670955126,5252.0,4313.0,45.00001609038752,0.0,0.0,0.0
13118,25,1.1283791670955126,6077.0,4313.0,45.00001609038752,0.0,0.0,0.0
13119,25,1.1283791670955126,6961.0,4313.0,45.00001609038752,0.0,0.0,0.0
13120,50,1.5957691216057308,7027.0,4313.5,0.0,2.0,0.0,0.0
13121,25,1.1283791670955126,11309.0,4313.0,45.00001609038752,0.0,0.0,0.0
13122,475,4.918490759365935,11724.894736842105,4313.789473684211,87.11508862028315,9.448819551809017,3.545451253340969,12.449747468305832
13123,100,2.256758334191025,306.0,4314.5,58.28254642828171,3.23606797749979,1.2360679774997898,4.414213562373095
13124,25,1.1283791670955126,308.0,4314.0,45.00001609038752,0.0,0.0,0.0
13125,25,1.1283791670955126,2402.0,4314.0,45.00001609038752,0.0,0.0,0.0
13126,1875,9.772050238058398,5259.346666666666,4328.066666666667,4.595768456399472,28.18604622587295,4.373348366038444,55.485281374238575
13127,25,1.1283791670955126,6962.0,4314.0,45.00001609038752,0.0,0.0,0.0
13128,25,1.1283791670955126,11308.0,4314.0,45.00001609038752,0.0,0.0,0.0
13129,25,1.1283791670955126,11738.0,4314.0,45.00001609038752,0.0,0.0,0.0
13130,25,1.1283791670955126,5951.0,4315.0,45.00001609038752,0.0,0.0,0.0
13131,150,2.763953195770684,6062.5,4316.5,18.43495541459913,3.9999999999999996,1.632993161855452,6.414213562373095
13132,25,1.1283791670955126,7028.0,4315.0,45.00001609038752,0.0,0.0,0.0
13133,25,1.1283791670955126,11307.0,4315.0,45.00001609038752,0.0,0.0,0.0
13134,150,2.763953195770684,11736.0,4316.5,-39.69018655370586,4.8496611975202075,1.3468925727763872,6.414213562373095
13135,25,1.1283791670955126,2403.0,4316.0,45.00001609038752,0.0,0.0,0.0
13136,25,1.1283791670955126,6963.0,4316.0,45.00001609038752,0.0,0.0,0.0
13137,75,1.9544100476116797,7306.0,4317.0,0.0,3.265986323710904,0.0,1.0
13138,25,1.1283791670955126,11306.0,4316.0,45.00001609038752,0.0,0.0,0.0
13139,25,1.1283791670955126,11727.0,4316.0,45.00001609038752,0.0,0.0,0.0
13140,50,1.5957691216057308,11740.0,4316.5,0.0,2.0,0.0,0.0
13141,25,1.1283791670955126,2404.0,4317.0,45.00001609038752,0.0,0.0,0.0
13142,25,1.1283791670955126,5950.0,4317.0,45.00001609038752,0.0,0.0,0.0
13143,500,5.046265044040321,6035.95,4320.25,-21.35192234456505,7.666593813742613,3.4904640515386367,16.071067811865476
13144,25,1.1283791670955126,6964.0,4317.0,45.00001609038752,0.0,0.0,0.0
13145,25,1.1283791670955126,11305.0,4317.0,45.00001609038752,0.0,0.0,0.0
13146,1425,8.51907589177983,11885.894736842105,4327.2807017543855,-10.327562083551038,28.280300393982074,10.186711189058155,48.10660171779821
13147,50,1.5957691216057308,2405.0,4318.5,0.0,2.0,0.0,0.0
13148,25,1.1283791670955126,6051.0,4318.0,45.00001609038752,0.0,0.0,0.0
13149,25,1.1283791670955126,6965.0,4318.0,45.00001609038752,0.0,0.0,0.0
13150,25,1.1283791670955126,7030.0,4318.0,45.00001609038752,0.0,0.0,0.0
13151,25,1.1283791670955126,8879.0,4318.0,45.00001609038752,0.0,0.0,0.0
13152,25,1.1283791670955126,11304.0,4318.0,45.00001609038752,0.0,0.0,0.0
13153,50,1.5957691216057308,11896.5,4318.0,90.00003218077504,2.0,0.0,0.0
13154,400,4.51351666838205,4535.75,4324.0,-8.98457308263875,14.026519585908815,1.5022477512435752,15.0
13155,25,1.1283791670955126,5033.0,4319.0,45.00001609038752,0.0,0.0,0.0
13156,350,4.222008245644752,5982.785714285715,4321.857142857143,7.206594550580864,7.590879645175119,2.541688192034437,11.863961030678928
13157,275,3.742410318509555,6048.545454545455,4320.181818181818,-78.4007327764586,6.098221895981044,2.6413971612719886,10.485281374238571
13158,50,1.5957691216057308,6065.0,4319.5,0.0,2.0,0.0,0.0
13159,25,1.1283791670955126,6966.0,4319.0,45.00001609038752,0.0,0.0,0.0
13160,25,1.1283791670955126,11303.0,4319.0,45.00001609038752,0.0,0.0,0.0
13161,25,1.1283791670955126,11734.0,4319.0,45.00001609038752,0.0,0.0,0.0
13162,25,1.1283791670955126,2406.0,4320.0,45.00001609038752,0.0,0.0,0.0
13163,25,1.1283791670955126,5987.0,4320.0,45.00001609038752,0.0,0.0,0.0
13164,50,1.5957691216057308,11897.0,4320.5,0.0,2.0,0.0,0.0
13165,25,1.1283791670955126,6967.0,4321.0,45.00001609038752,0.0,0.0,0.0
13166,50,1.5957691216057308,322.0,4322.5,0.0,2.0,0.0,0.0
13167,25,1.1283791670955126,2407.0,4322.0,45.00001609038752,0.0,0.0,0.0
13168,75,1.9544100476116797,6066.0,4323.0,0.0,3.265986323710904,0.0,1.0
13169,25,1.1283791670955126,6968.0,4322.0,45.00001609038752,0.0,0.0,0.0
13170,50,1.5957691216057308,11891.0,4322.5,0.0,2.0,0.0,0.0
13171,25,1.1283791670955126,5109.0,4324.0,45.00001609038752,0.0,0.0,0.0
13172,150,2.763953195770684,5111.166666666667,4324.833333333333,-45.000016090387525,3.1269438398822857,2.309401076758503,6.242640687119286
13173,25,1.1283791670955126,6015.0,4324.0,45.00001609038752,0.0,0.0,0.0
13174,200,3.1915382432114616,10088.5,4324.0,90.00003218077504,9.16515138991168,0.0,6.0
13175,50,1.5957691216057308,3620.0,4325.5,0.0,2.0,0.0,0.0
13176,25,1.1283791670955126,6970.0,4325.0,45.00001609038752,0.0,0.0,0.0
13177,50,1.5957691216057308,10083.5,4325.0,90.00003218077504,2.0,0.0,0.0
13178,25,1.1283791670955126,10095.0,4325.0,45.00001609038752,0.0,0.0,0.0
13179,25,1.1283791670955126,5107.0,4326.0,45.00001609038752,0.0,0.0,0.0
13180,25,1.1283791670955126,5984.0,4326.0,45.00001609038752,0.0,0.0,0.0
13181,100,2.256758334191025,6042.5,4326.5,45.00001609038752,2.0,2.0,4.0
13182,5125,16.15593100600236,6068.834146341464,4362.078048780488,5.07447015489376,71.20716735250386,8.780620356053815,132.49747468305833
13183,25,1.1283791670955126,10082.0,4326.0,45.00001609038752,0.0,0.0,0.0
13184,25,1.1283791670955126,10097.0,4326.0,45.00001609038752,0.0,0.0,0.0
13185,25,1.1283791670955126,11297.0,4326.0,45.00001609038752,0.0,0.0,0.0
13186,25,1.1283791670955126,869.0,4327.0,45.00001609038752,0.0,0.0,0.0
13187,25,1.1283791670955126,2410.0,4327.0,45.00001609038752,0.0,0.0,0.0
13188,25,1.1283791670955126,6971.0,4327.0,45.00001609038752,0.0,0.0,0.0
13189,50,1.5957691216057308,7035.0,4327.5,0.0,2.0,0.0,0.0
13190,150,2.763953195770684,10078.833333333334,4328.333333333333,23.423813508510666,3.9702144414365588,2.4525853841989638,5.414213562373095
13191,25,1.1283791670955126,10081.0,4327.0,45.00001609038752,0.0,0.0,0.0
13192,50,1.5957691216057308,10098.0,4327.5,0.0,2.0,0.0,0.0
13193,25,1.1283791670955126,11296.0,4327.0,45.00001609038752,0.0,0.0,0.0
13194,25,1.1283791670955126,11897.0,4327.0,45.00001609038752,0.0,0.0,0.0
13195,25,1.1283791670955126,3697.0,4328.0,45.00001609038752,0.0,0.0,0.0
13196,275,3.742410318509555,3701.181818181818,4329.363636363636,86.85469566943831,6.348234071015667,2.5514391105742162,10.242640687119286
13197,25,1.1283791670955126,2411.0,4329.0,45.00001609038752,0.0,0.0,0.0
13198,50,1.5957691216057308,5252.0,4329.5,0.0,2.0,0.0,0.0
13199,25,1.1283791670955126,7036.0,4329.0,45.00001609038752,0.0,0.0,0.0
13200,2825,11.994835078277376,8414.893805309735,4343.654867256637,-2.0930613954427995,29.732761958382817,6.1457602354281935,65.89949493661166
13201,50,1.5957691216057308,10099.0,4329.5,0.0,2.0,0.0,0.0
13202,25,1.1283791670955126,5111.0,4330.0,45.00001609038752,0.0,0.0,0.0
13203,25,1.1283791670955126,5953.0,4330.0,45.00001609038752,0.0,0.0,0.0
13204,50,1.5957691216057308,6071.0,4330.5,0.0,2.0,0.0,0.0
13205,25,1.1283791670955126,7037.0,4330.0,45.00001609038752,0.0,0.0,0.0
13206,25,1.1283791670955126,3521.0,4331.0,45.00001609038752,0.0,0.0,0.0
13207,300,3.9088200952233594,10101.083333333334,4334.083333333333,25.553056060496075,6.496968430427175,2.869467835414275,10.449747468305834
13208,25,1.1283791670955126,11293.0,4331.0,45.00001609038752,0.0,0.0,0.0
13209,25,1.1283791670955126,2413.0,4332.0,45.00001609038752,0.0,0.0,0.0
13210,25,1.1283791670955126,5955.0,4332.0,45.00001609038752,0.0,0.0,0.0
13211,100,2.256758334191025,6070.0,4332.5,58.28254642828171,3.23606797749979,1.2360679774997898,4.414213562373095
13212,25,1.1283791670955126,7038.0,4332.0,45.00001609038752,0.0,0.0,0.0
13213,750,6.180387232371033,10078.9,4340.766666666666,12.741484233877268,20.15425574159693,2.962239759235607,28.621320343559642
13214,50,1.5957691216057308,11896.0,4332.5,0.0,2.0,0.0,0.0
13215,50,1.5957691216057308,5036.5,4333.0,90.00003218077504,2.0,0.0,0.0
13216,25,1.1283791670955126,5956.0,4333.0,45.00001609038752,0.0,0.0,0.0
13217,100,2.256758334191025,6038.5,4333.5,45.00001609038752,2.0,2.0,4.0
13218,100,2.256758334191025,6067.75,4334.0,0.0,2.8284271247461903,1.7320508075688772,4.621320343559642
13219,50,1.5957691216057308,7297.0,4333.5,0.0,2.0,0.0,0.0
13220,6875,18.712051592547777,8427.098181818183,4349.090909090909,21.20555071926463,26.35240290934593,15.1851253255095,81.07716446627535
13221,25,1.1283791670955126,10074.0,4333.0,45.00001609038752,0.0,0.0,0.0
13222,25,1.1283791670955126,2414.0,4334.0,45.00001609038752,0.0,0.0,0.0
13223,25,1.1283791670955126,5957.0,4334.0,45.00001609038752,0.0,0.0,0.0
13224,175,2.985410660720923,6071.428571428572,4335.571428571428,-17.76884524948727,3.685706545597305,2.822514422975452,6.621320343559642
13225,25,1.1283791670955126,7039.0,4334.0,45.00001609038752,0.0,0.0,0.0
13226,50,1.5957691216057308,7303.0,4334.5,0.0,2.0,0.0,0.0
13227,25,1.1283791670955126,5252.0,4335.0,45.00001609038752,0.0,0.0,0.0
13228,25,1.1283791670955126,5958.0,4335.0,45.00001609038752,0.0,0.0,0.0
13229,175,2.985410660720923,6044.142857142857,4336.142857142857,-14.872445966322964,4.0456382356289255,2.415966245432733,6.035533905932738
13230,25,1.1283791670955126,11249.0,4335.0,45.00001609038752,0.0,0.0,0.0
13231,25,1.1283791670955126,3703.0,4336.0,45.00001609038752,0.0,0.0,0.0
13232,25,1.1283791670955126,5960.0,4336.0,45.00001609038752,0.0,0.0,0.0
13233,25,1.1283791670955126,8418.0,4336.0,45.00001609038752,0.0,0.0,0.0
13234,550,5.292567428401227,10074.863636363636,4342.0,13.1658230802196,16.6113923935602,1.9401345535846892,22.414213562373096
13235,300,3.9088200952233594,11252.75,4337.833333333333,52.28983722596454,7.211780490786875,2.558471752484553,12.656854249492381
13236,50,1.5957691216057308,11894.5,4336.0,90.00003218077504,2.0,0.0,0.0
13237,25,1.1283791670955126,5961.0,4337.0,45.00001609038752,0.0,0.0,0.0
13238,75,1.9544100476116797,11892.0,4337.0,90.00003218077504,3.265986323710904,0.0,1.0
13239,25,1.1283791670955126,5962.0,4338.0,45.00001609038752,0.0,0.0,0.0
13240,25,1.1283791670955126,7042.0,4338.0,45.00001609038752,0.0,0.0,0.0
13241,25,1.1283791670955126,5963.0,4339.0,45.00001609038752,0.0,0.0,0.0
13242,75,1.9544100476116797,6041.333333333333,4339.666666666667,-45.00001609038752,2.3094010767585034,1.3333333333333333,3.414213562373095
13243,225,3.385137501286538,6070.222222222223,4340.333333333333,7.627562078870795,3.7817431280582214,3.1300454222715657,7.621320343559642
13244,25,1.1283791670955126,7043.0,4339.0,45.00001609038752,0.0,0.0,0.0
13245,25,1.1283791670955126,11287.0,4339.0,45.00001609038752,0.0,0.0,0.0
13246,50,1.5957691216057308,1768.0,4340.5,0.0,2.0,0.0,0.0
13247,25,1.1283791670955126,7044.0,4340.0,45.00001609038752,0.0,0.0,0.0
13248,25,1.1283791670955126,11735.0,4340.0,45.00001609038752,0.0,0.0,0.0
13249,25,1.1283791670955126,3714.0,4341.0,45.00001609038752,0.0,0.0,0.0
13250,50,1.5957691216057308,5188.0,4341.5,0.0,2.0,0.0,0.0
13251,25,1.1283791670955126,7045.0,4341.0,45.00001609038752,0.0,0.0,0.0
13252,25,1.1283791670955126,10102.0,4341.0,45.00001609038752,0.0,0.0,0.0
13253,50,1.5957691216057308,5262.0,4342.5,0.0,2.0,0.0,0.0
13254,25,1.1283791670955126,7046.0,4342.0,45.00001609038752,0.0,0.0,0.0
13255,25,1.1283791670955126,5189.0,4343.0,45.00001609038752,0.0,0.0,0.0
13256,75,1.9544100476116797,6070.0,4344.0,0.0,3.265986323710904,0.0,1.0
13257,50,1.5957691216057308,10101.0,4343.5,0.0,2.0,0.0,0.0
13258,25,1.1283791670955126,5190.0,4344.0,45.00001609038752,0.0,0.0,0.0
13259,25,1.1283791670955126,5964.0,4344.0,45.00001609038752,0.0,0.0,0.0
13260,125,2.5231325220201604,6073.4,4344.8,-18.43495541459913,3.098386676965933,1.7888543819998317,5.207106781186548
13261,25,1.1283791670955126,7047.0,4344.0,45.00001609038752,0.0,0.0,0.0
13262,25,1.1283791670955126,11284.0,4344.0,45.00001609038752,0.0,0.0,0.0
13263,25,1.1283791670955126,5191.0,4345.0,45.00001609038752,0.0,0.0,0.0
13264,25,1.1283791670955126,5965.0,4345.0,45.00001609038752,0.0,0.0,0.0
13265,25,1.1283791670955126,7048.0,4345.0,45.00001609038752,0.0,0.0,0.0
13266,25,1.1283791670955126,10100.0,4345.0,45.00001609038752,0.0,0.0,0.0
13267,25,1.1283791670955126,11283.0,4345.0,45.00001609038752,0.0,0.0,0.0
13268,50,1.5957691216057308,11988.0,4345.5,0.0,2.0,0.0,0.0
13269,25,1.1283791670955126,5192.0,4346.0,45.00001609038752,0.0,0.0,0.0
13270,150,2.763953195770684,5260.0,4348.5,0.0,6.831300510639732,0.0,4.0
13271,200,3.1915382432114616,6075.375,4347.625,-49.13796398350648,5.625361608962597,1.9634935111707772,8.207106781186548
13272,25,1.1283791670955126,7049.0,4346.0,45.00001609038752,0.0,0.0,0.0
13273,125,2.5231325220201604,10098.2,4347.2,45.00001609038752,4.0,1.3856406460551023,5.414213562373095
13274,25,1.1283791670955126,11282.0,4346.0,45.00001609038752,0.0,0.0,0.0
13275,25,1.1283791670955126,3178.0,4347.0,45.00001609038752,0.0,0.0,0.0
13276,25,1.1283791670955126,5193.0,4347.0,45.00001609038752,0.0,0.0,0.0
13277,75,1.9544100476116797,6070.0,4348.0,0.0,3.265986323710904,0.0,1.0
13278,25,1.1283791670955126,326.0,4348.0,45.00001609038752,0.0,0.0,0.0
13279,25,1.1283791670955126,864.0,4348.0,45.00001609038752,0.0,0.0,0.0
13280,125,2.5231325220201604,3704.6,4348.8,18.43495541459913,3.098386676965933,1.7888543819998317,5.207106781186548
13281,150,2.763953195770684,5195.166666666667,4349.333333333333,29.232614499937572,5.00274675656753,1.443480516239888,6.414213562373095
13282,25,1.1283791670955126,5970.0,4348.0,45.00001609038752,0.0,0.0,0.0
13283,50,1.5957691216057308,11987.0,4348.5,0.0,2.0,0.0,0.0
13284,25,1.1283791670955126,3179.0,4349.0,45.00001609038752,0.0,0.0,0.0
13285,25,1.1283791670955126,5971.0,4349.0,45.00001609038752,0.0,0.0,0.0
13286,425,4.652426491681278,6077.529411764706,4352.764705882353,1.2270162760004335,9.850849153622065,1.985817190609744,17.207106781186546
13287,25,1.1283791670955126,10083.0,4349.0,45.00001609038752,0.0,0.0,0.0
13288,25,1.1283791670955126,10096.0,4349.0,45.00001609038752,0.0,0.0,0.0
13289,75,1.9544100476116797,327.0,4351.0,0.0,3.265986323710904,0.0,1.0
13290,225,3.385137501286538,863.3333333333334,4352.666666666667,-9.217477707299569,7.6374967744199065,1.4536462654889464,8.207106781186548
13291,25,1.1283791670955126,1777.0,4350.0,45.00001609038752,0.0,0.0,0.0
13292,25,1.1283791670955126,5253.0,4350.0,45.00001609038752,0.0,0.0,0.0
13293,25,1.1283791670955126,5972.0,4350.0,45.00001609038752,0.0,0.0,0.0
13294,25,1.1283791670955126,7301.0,4350.0,45.00001609038752,0.0,0.0,0.0
13295,25,1.1283791670955126,10084.0,4350.0,45.00001609038752,0.0,0.0,0.0
13296,25,1.1283791670955126,10095.0,4350.0,45.00001609038752,0.0,0.0,0.0
13297,25,1.1283791670955126,3180.0,4351.0,45.00001609038752,0.0,0.0,0.0
13298,75,1.9544100476116797,2140.6666666666665,4352.666666666667,45.00001609038752,2.3094010767585034,1.3333333333333333,3.414213562373095
13299,25,1.1283791670955126,3704.0,4352.0,45.00001609038752,0.0,0.0,0.0
13300,25,1.1283791670955126,5197.0,4352.0,45.00001609038752,0.0,0.0,0.0
13301,75,1.9544100476116797,6036.666666666667,4352.666666666667,45.00001609038752,2.3094010767585034,1.3333333333333333,3.414213562373095
13302,25,1.1283791670955126,8397.0,4352.0,45.00001609038752,0.0,0.0,0.0
13303,25,1.1283791670955126,330.0,4353.0,45.00001609038752,0.0,0.0,0.0
13304,25,1.1283791670955126,5198.0,4353.0,45.00001609038752,0.0,0.0,0.0
13305,175,2.985410660720923,326.85714285714283,4355.428571428572,22.500008045193763,5.044815499854965,1.8123273572878904,7.207106781186548
13306,25,1.1283791670955126,5975.0,4354.0,45.00001609038752,0.0,0.0,0.0
13307,25,1.1283791670955126,330.0,4355.0,45.00001609038752,0.0,0.0,0.0
13308,25,1.1283791670955126,5976.0,4355.0,45.00001609038752,0.0,0.0,0.0
13309,25,1.1283791670955126,11285.0,4355.0,45.00001609038752,0.0,0.0,0.0
13310,50,1.5957691216057308,5261.0,4356.5,0.0,2.0,0.0,0.0
13311,6750,18.5411616971131,6027.8,4378.6518518518515,-7.7685259956151,45.01651628208385,9.028384433203577,119.80508652763321
13312,200,3.1915382432114616,6073.25,4359.0,7.465711258538651,6.984716318104124,1.4878635540969356,7.0
13313,25,1.1283791670955126,5254.0,4357.0,45.00001609038752,0.0,0.0,0.0
13314,250,3.5682482323055424,5979.0,4358.8,25.670105051661405,5.438198096416778,2.2329356157598745,9.035533905932738
13315,25,1.1283791670955126,5202.0,4358.0,45.00001609038752,0.0,0.0,0.0
13316,175,2.985410660720923,6036.0,4360.0,-28.154976304217158,5.896459480240757,1.3428306554839582,7.414213562373095
13317,175,2.985410660720923,6077.0,4359.285714285715,33.40071668607108,4.796702691401646,1.7646790841090736,7.207106781186548
13318,25,1.1283791670955126,7059.0,4358.0,45.00001609038752,0.0,0.0,0.0
13319,25,1.1283791670955126,5203.0,4359.0,45.00001609038752,0.0,0.0,0.0
13320,25,1.1283791670955126,7060.0,4359.0,45.00001609038752,0.0,0.0,0.0
13321,25,1.1283791670955126,5204.0,4360.0,45.00001609038752,0.0,0.0,0.0
13322,475,4.918490759365935,5261.0,4369.0,0.0,21.908902300206645,0.0,17.0
13323,25,1.1283791670955126,6049.0,4360.0,45.00001609038752,0.0,0.0,0.0
13324,25,1.1283791670955126,7061.0,4360.0,45.00001609038752,0.0,0.0,0.0
13325,25,1.1283791670955126,5205.0,4361.0,45.00001609038752,0.0,0.0,0.0
13326,50,1.5957691216057308,11567.0,4361.5,0.0,2.0,0.0,0.0
13327,25,1.1283791670955126,11907.0,4361.0,45.00001609038752,0.0,0.0,0.0
13328,25,1.1283791670955126,5981.0,4362.0,45.00001609038752,0.0,0.0,0.0
13329,275,3.742410318509555,6076.636363636364,4365.545454545455,-5.958840083024422,7.543889200174339,1.767142774857949,10.0
13330,25,1.1283791670955126,4496.0,4363.0,45.00001609038752,0.0,0.0,0.0
13331,25,1.1283791670955126,5982.0,4363.0,45.00001609038752,0.0,0.0,0.0
13332,3200,12.766152972845846,6040.15625,4375.2734375,1.3135419409170286,24.071462894123634,9.544776585878216,69.73401871576773
13333,25,1.1283791670955126,11908.0,4363.0,45.00001609038752,0.0,0.0,0.0
13334,25,1.1283791670955126,2140.0,4364.0,45.00001609038752,0.0,0.0,0.0
13335,150,2.763953195770684,4497.666666666667,4365.166666666667,12.93318302148842,4.363338213437162,1.65500979239906,5.0
13336,225,3.385137501286538,4718.777777777777,4367.777777777777,-20.6794147652644,7.986138083617683,1.4821967316677644,8.207106781186548
13337,25,1.1283791670955126,5983.0,4365.0,45.00001609038752,0.0,0.0,0.0
13338,25,1.1283791670955126,6073.0,4365.0,45.00001609038752,0.0,0.0,0.0
13339,25,1.1283791670955126,6050.0,4367.0,45.00001609038752,0.0,0.0,0.0
13340,100,2.256758334191025,6063.5,4367.5,45.00001609038752,2.0,2.0,4.0
13341,125,2.5231325220201604,6073.0,4369.0,0.0,5.656854249492381,0.0,3.0
13342,25,1.1283791670955126,7068.0,4368.0,45.00001609038752,0.0,0.0,0.0
13343,25,1.1283791670955126,5211.0,4369.0,45.00001609038752,0.0,0.0,0.0
13344,150,2.763953195770684,6020.5,4372.0,0.0,3.265986323710904,2.0,6.0
13345,250,3.5682482323055424,6075.6,4373.9,-6.021289724439167,6.343898075098334,1.8533637561913405,9.0
13346,25,1.1283791670955126,2144.0,4372.0,45.00001609038752,0.0,0.0,0.0
13347,50,1.5957691216057308,4717.0,4372.5,0.0,2.0,0.0,0.0
13348,75,1.9544100476116797,8729.0,4373.0,0.0,3.265986323710904,0.0,1.0
13349,25,1.1283791670955126,2141.0,4373.0,45.00001609038752,0.0,0.0,0.0
13350,25,1.1283791670955126,3718.0,4373.0,45.00001609038752,0.0,0.0,0.0
13351,25,1.1283791670955126,5097.0,4373.0,45.00001609038752,0.0,0.0,0.0
13352,25,1.1283791670955126,5255.0,4373.0,45.00001609038752,0.0,0.0,0.0
13353,25,1.1283791670955126,5987.0,4373.0,45.00001609038752,0.0,0.0,0.0
13354,1750,9.440697438826296,4709.228571428572,4386.642857142857,-28.903341322892054,29.607126126085806,3.557475730690992,52.04163056034261
13355,25,1.1283791670955126,5215.0,4374.0,45.00001609038752,0.0,0.0,0.0
13356,25,1.1283791670955126,7074.0,4374.0,45.00001609038752,0.0,0.0,0.0
13357,25,1.1283791670955126,5216.0,4375.0,45.00001609038752,0.0,0.0,0.0
13358,150,2.763953195770684,6037.5,4376.5,-18.43495541459913,3.9999999999999996,1.632993161855452,6.414213562373095
13359,25,1.1283791670955126,7075.0,4375.0,45.00001609038752,0.0,0.0,0.0
13360,25,1.1283791670955126,8728.0,4375.0,45.00001609038752,0.0,0.0,0.0
13361,25,1.1283791670955126,5217.0,4376.0,45.00001609038752,0.0,0.0,0.0
13362,25,1.1283791670955126,7076.0,4376.0,45.00001609038752,0.0,0.0,0.0
13363,150,2.763953195770684,5219.166666666667,4378.333333333333,29.232614499937572,5.00274675656753,1.443480516239888,6.414213562373095
13364,25,1.1283791670955126,11976.0,4378.0,45.00001609038752,0.0,0.0,0.0
13365,25,1.1283791670955126,3440.0,4379.0,45.00001609038752,0.0,0.0,0.0
13366,25,1.1283791670955126,7078.0,4379.0,45.00001609038752,0.0,0.0,0.0
13367,100,2.256758334191025,11975.0,4380.5,0.0,4.47213595499958,0.0,2.0
13368,100,2.256758334191025,2138.5,4380.5,45.00001609038752,2.0,2.0,4.0
13369,75,1.9544100476116797,5111.333333333333,4380.666666666667,-45.00001609038752,2.3094010767585034,1.3333333333333333,3.414213562373095
13370,150,2.763953195770684,5261.0,4382.5,0.0,6.831300510639732,0.0,4.0
13371,25,1.1283791670955126,7079.0,4380.0,45.00001609038752,0.0,0.0,0.0
13372,25,1.1283791670955126,11746.0,4380.0,45.00001609038752,0.0,0.0,0.0
13373,25,1.1283791670955126,3441.0,4381.0,45.00001609038752,0.0,0.0,0.0
13374,100,2.256758334191025,5221.5,4382.0,31.71748575249332,3.23606797749979,1.2360679774997898,4.414213562373095
13375,50,1.5957691216057308,5256.0,4381.5,0.0,2.0,0.0,0.0
13376,25,1.1283791670955126,7080.0,4381.0,45.00001609038752,0.0,0.0,0.0
13377,125,2.5231325220201604,11725.8,4382.6,-5.152425076704936,4.093338188813543,1.5635160606788383,4.414213562373095
13378,25,1.1283791670955126,3442.0,4382.0,45.00001609038752,0.0,0.0,0.0
13379,25,1.1283791670955126,7081.0,4382.0,45.00001609038752,0.0,0.0,0.0
13380,25,1.1283791670955126,2137.0,4383.0,45.00001609038752,0.0,0.0,0.0
13381,50,1.5957691216057308,3443.0,4383.5,0.0,2.0,0.0,0.0
13382,575,5.4115163798060095,5090.260869565217,4384.869565217391,81.61177203761595,5.93868040123809,5.164819872648352,16.485281374238568
13383,25,1.1283791670955126,5991.0,4383.0,45.00001609038752,0.0,0.0,0.0
13384,25,1.1283791670955126,7082.0,4383.0,45.00001609038752,0.0,0.0,0.0
13385,75,1.9544100476116797,2139.0,4384.0,90.00003218077504,3.265986323710904,0.0,1.0
13386,25,1.1283791670955126,5097.0,4384.0,45.00001609038752,0.0,0.0,0.0
13387,25,1.1283791670955126,5223.0,4384.0,45.00001609038752,0.0,0.0,0.0
13388,25,1.1283791670955126,9897.0,4384.0,45.00001609038752,0.0,0.0,0.0
13389,175,2.985410660720923,10600.0,4384.0,90.00003218077504,8.0,0.0,5.0
13390,25,1.1283791670955126,3444.0,4385.0,45.00001609038752,0.0,0.0,0.0
13391,25,1.1283791670955126,5224.0,4385.0,45.00001609038752,0.0,0.0,0.0
13392,43775,47.21697197863571,6049.800114220446,4477.08680753855,-22.029066059495936,141.35012240730464,36.54342474937971,497.5756851698602
13393,50,1.5957691216057308,6076.0,4385.5,0.0,2.0,0.0,0.0
13394,25,1.1283791670955126,9896.0,4385.0,45.00001609038752,0.0,0.0,0.0
13395,75,1.9544100476116797,325.0,4387.0,0.0,3.265986323710904,0.0,1.0
13396,75,1.9544100476116797,2382.3333333333335,4386.666666666667,-45.00001609038752,2.3094010767585034,1.3333333333333333,3.414213562373095
13397,25,1.1283791670955126,3445.0,4386.0,45.00001609038752,0.0,0.0,0.0
13398,25,1.1283791670955126,5225.0,4386.0,45.00001609038752,0.0,0.0,0.0
13399,25,1.1283791670955126,6064.0,4386.0,45.00001609038752,0.0,0.0,0.0
13400,150,2.763953195770684,6069.666666666667,4387.666666666667,-6.264406094502101,4.444176659884297,1.8331407275086025,6.621320343559642
13401,25,1.1283791670955126,9895.0,4386.0,45.00001609038752,0.0,0.0,0.0
13402,25,1.1283791670955126,10598.0,4386.0,45.00001609038752,0.0,0.0,0.0
13403,25,1.1283791670955126,3446.0,4387.0,45.00001609038752,0.0,0.0,0.0
13404,50,1.5957691216057308,4514.0,4387.5,0.0,2.0,0.0,0.0
13405,25,1.1283791670955126,5226.0,4387.0,45.00001609038752,0.0,0.0,0.0
13406,25,1.1283791670955126,5258.0,4387.0,45.00001609038752,0.0,0.0,0.0
13407,25,1.1283791670955126,5260.0,4387.0,45.00001609038752,0.0,0.0,0.0
13408,50,1.5957691216057308,6077.0,4387.5,0.0,2.0,0.0,0.0
13409,400,4.51351666838205,6983.625,4390.375,-2.907814304475447,7.866999743549646,2.758679944283101,14.242640687119284
13410,25,1.1283791670955126,5227.0,4388.0,45.00001609038752,0.0,0.0,0.0
13411,25,1.1283791670955126,5259.0,4388.0,45.00001609038752,0.0,0.0,0.0
13412,25,1.1283791670955126,6063.0,4388.0,45.00001609038752,0.0,0.0,0.0
13413,25,1.1283791670955126,11973.0,4388.0,45.00001609038752,0.0,0.0,0.0
13414,75,1.9544100476116797,1816.6666666666667,4389.333333333333,-45.00001609038752,2.3094010767585034,1.3333333333333333,3.414213562373095
13415,25,1.1283791670955126,3447.0,4389.0,45.00001609038752,0.0,0.0,0.0
13416,25,1.1283791670955126,5228.0,4389.0,45.00001609038752,0.0,0.0,0.0
13417,25,1.1283791670955126,6065.0,4389.0,45.00001609038752,0.0,0.0,0.0
13418,325,4.068428945128219,6988.692307692308,4391.153846153846,-46.35397531744774,6.239143076223201,3.2972579884600206,12.035533905932738
13419,25,1.1283791670955126,325.0,4390.0,45.00001609038752,0.0,0.0,0.0
13420,200,3.1915382432114616,3418.0,4393.5,0.0,9.16515138991168,0.0,6.0
13421,25,1.1283791670955126,3448.0,4390.0,45.00001609038752,0.0,0.0,0.0
13422,25,1.1283791670955126,5229.0,4390.0,45.00001609038752,0.0,0.0,0.0
13423,12700,25.43237481489809,6058.90157480315,4431.6968503937005,-7.202555818828097,99.35398940352368,13.346161405998851,217.16652224137044
13424,50,1.5957691216057308,6078.0,4390.5,0.0,2.0,0.0,0.0
13425,125,2.5231325220201604,1819.2,4391.8,-45.00001609038752,4.0,1.3856406460551023,5.414213562373095
13426,25,1.1283791670955126,3449.0,4391.0,45.00001609038752,0.0,0.0,0.0
13427,25,1.1283791670955126,5230.0,4391.0,45.00001609038752,0.0,0.0,0.0
13428,50,1.5957691216057308,6011.0,4392.5,0.0,2.0,0.0,0.0
13429,450,4.787307364817192,11921.388888888889,4395.833333333333,30.407052964413648,9.699157588451708,2.484603721849133,14.863961030678928
13430,25,1.1283791670955126,324.0,4393.0,45.00001609038752,0.0,0.0,0.0
13431,25,1.1283791670955126,3450.0,4393.0,45.00001609038752,0.0,0.0,0.0
13432,25,1.1283791670955126,11970.0,4393.0,45.00001609038752,0.0,0.0,0.0
13433,50,1.5957691216057308,2359.0,4394.5,0.0,2.0,0.0,0.0
13434,25,1.1283791670955126,3451.0,4394.0,45.00001609038752,0.0,0.0,0.0
13435,25,1.1283791670955126,3644.0,4394.0,45.00001609038752,0.0,0.0,0.0
13436,1100,7.48482063701911,6041.318181818182,4396.931818181818,-83.35939983011593,8.227069722855436,7.191106868219346,22.727922061357855
13437,50,1.5957691216057308,6989.5,4394.0,90.00003218077504,2.0,0.0,0.0
13438,25,1.1283791670955126,11969.0,4394.0,45.00001609038752,0.0,0.0,0.0
13439,3675,13.680870333281758,300.6530612244898,4411.693877551021,1.4925796449258608,43.73856333526954,11.969458631194769,87.56244584051392
13440,25,1.1283791670955126,2140.0,4395.0,45.00001609038752,0.0,0.0,0.0
13441,875,6.6755811781245455,3457.3714285714286,4400.714285714285,41.48808001434421,17.84911333592319,2.8999947323916935,24.485281374238568
13442,25,1.1283791670955126,5233.0,4395.0,45.00001609038752,0.0,0.0,0.0
13443,75,1.9544100476116797,5627.666666666667,4395.666666666667,45.00001609038752,2.3094010767585034,1.3333333333333333,3.414213562373095
13444,25,1.1283791670955126,5996.0,4395.0,45.00001609038752,0.0,0.0,0.0
13445,100,2.256758334191025,6070.75,4395.75,18.43495541459913,3.4641016151377544,1.4142135623730951,3.2071067811865475
13446,25,1.1283791670955126,7094.0,4395.0,45.00001609038752,0.0,0.0,0.0
13447,50,1.5957691216057308,8607.0,4395.5,0.0,2.0,0.0,0.0
13448,3450,13.255453865237978,270.0652173913044,4402.753623188406,-44.96584865997549,20.34428789767336,10.09080252815746,54.45584412271572
13449,200,3.1915382432114616,285.75,4396.25,-81.65040707825256,8.020032389381706,1.295793375993391,7.207106781186548
13450,25,1.1283791670955126,2142.0,4396.0,45.00001609038752,0.0,0.0,0.0
13451,75,1.9544100476116797,2361.6666666666665,4396.333333333333,-45.00001609038752,2.3094010767585034,1.3333333333333333,3.414213562373095
13452,25,1.1283791670955126,7095.0,4396.0,45.00001609038752,0.0,0.0,0.0
13453,25,1.1283791670955126,8719.0,4396.0,45.00001609038752,0.0,0.0,0.0
13454,350,4.222008245644752,2365.8571428571427,4398.857142857143,-87.17590748410197,6.570732533538679,3.649009439706032,12.621320343559642
13455,125,2.5231325220201604,3459.6,4397.8,18.43495541459913,3.098386676965933,1.7888543819998317,5.207106781186548
13456,25,1.1283791670955126,3645.0,4397.0,45.00001609038752,0.0,0.0,0.0
13457,25,1.1283791670955126,5626.0,4397.0,45.00001609038752,0.0,0.0,0.0
13458,25,1.1283791670955126,5997.0,4397.0,45.00001609038752,0.0,0.0,0.0
13459,25,1.1283791670955126,7096.0,4397.0,45.00001609038752,0.0,0.0,0.0
13460,25,1.1283791670955126,9392.0,4397.0,45.00001609038752,0.0,0.0,0.0
13461,25,1.1283791670955126,282.0,4398.0,45.00001609038752,0.0,0.0,0.0
13462,100,2.256758334191025,1683.0,4399.5,0.0,4.47213595499958,0.0,2.0
13463,25,1.1283791670955126,1826.0,4398.0,45.00001609038752,0.0,0.0,0.0
13464,25,1.1283791670955126,4517.0,4398.0,45.00001609038752,0.0,0.0,0.0
13465,25,1.1283791670955126,7097.0,4398.0,45.00001609038752,0.0,0.0,0.0
13466,25,1.1283791670955126,8718.0,4398.0,45.00001609038752,0.0,0.0,0.0
13467,50,1.5957691216057308,9393.0,4398.5,0.0,2.0,0.0,0.0
13468,25,1.1283791670955126,281.0,4399.0,45.00001609038752,0.0,0.0,0.0
13469,25,1.1283791670955126,1827.0,4399.0,45.00001609038752,0.0,0.0,0.0
13470,50,1.5957691216057308,2140.5,4399.0,90.00003218077504,2.0,0.0,0.0
13471,125,2.5231325220201604,2422.0,4401.0,0.0,5.656854249492381,0.0,3.0
13472,25,1.1283791670955126,4704.0,4399.0,45.00001609038752,0.0,0.0,0.0
13473,25,1.1283791670955126,5236.0,4399.0,45.00001609038752,0.0,0.0,0.0
13474,25,1.1283791670955126,280.0,4400.0,45.00001609038752,0.0,0.0,0.0
13475,25,1.1283791670955126,1828.0,4400.0,45.00001609038752,0.0,0.0,0.0
13476,25,1.1283791670955126,2142.0,4400.0,45.00001609038752,0.0,0.0,0.0
13477,25,1.1283791670955126,3646.0,4400.0,45.00001609038752,0.0,0.0,0.0
13478,25,1.1283791670955126,3699.0,4400.0,45.00001609038752,0.0,0.0,0.0
13479,150,2.763953195770684,4702.0,4400.5,90.00003218077504,3.265986323710904,2.0,6.0
13480,25,1.1283791670955126,5237.0,4400.0,45.00001609038752,0.0,0.0,0.0
13481,25,1.1283791670955126,7100.0,4400.0,45.00001609038752,0.0,0.0,0.0
13482,25,1.1283791670955126,8717.0,4400.0,45.00001609038752,0.0,0.0,0.0
13483,25,1.1283791670955126,9394.0,4400.0,45.00001609038752,0.0,0.0,0.0
13484,25,1.1283791670955126,9882.0,4400.0,45.00001609038752,0.0,0.0,0.0
13485,25,1.1283791670955126,279.0,4401.0,45.00001609038752,0.0,0.0,0.0
13486,25,1.1283791670955126,2143.0,4401.0,45.00001609038752,0.0,0.0,0.0
13487,25,1.1283791670955126,5238.0,4401.0,45.00001609038752,0.0,0.0,0.0
13488,25,1.1283791670955126,7101.0,4401.0,45.00001609038752,0.0,0.0,0.0
13489,25,1.1283791670955126,8607.0,4401.0,45.00001609038752,0.0,0.0,0.0
13490,25,1.1283791670955126,9881.0,4401.0,45.00001609038752,0.0,0.0,0.0
13491,25,1.1283791670955126,278.0,4402.0,45.00001609038752,0.0,0.0,0.0
13492,25,1.1283791670955126,2369.0,4402.0,45.00001609038752,0.0,0.0,0.0
13493,650,5.753627391751592,4699.384615384615,4406.0,-21.61060756933921,8.589233361371184,4.456254745701016,20.31370849898476
13494,25,1.1283791670955126,5239.0,4402.0,45.00001609038752,0.0,0.0,0.0
13495,25,1.1283791670955126,6039.0,4402.0,45.00001609038752,0.0,0.0,0.0
13496,25,1.1283791670955126,7102.0,4402.0,45.00001609038752,0.0,0.0,0.0
13497,25,1.1283791670955126,9880.0,4402.0,45.00001609038752,0.0,0.0,0.0
13498,25,1.1283791670955126,277.0,4403.0,45.00001609038752,0.0,0.0,0.0
13499,100,2.256758334191025,3647.5,4404.0,31.71748575249332,3.23606797749979,1.2360679774997898,4.414213562373095
13500,25,1.1283791670955126,5999.0,4403.0,45.00001609038752,0.0,0.0,0.0
13501,25,1.1283791670955126,9879.0,4403.0,45.00001609038752,0.0,0.0,0.0
13502,25,1.1283791670955126,276.0,4404.0,45.00001609038752,0.0,0.0,0.0
13503,100,2.256758334191025,6000.0,4405.5,0.0,4.47213595499958,0.0,2.0
13504,25,1.1283791670955126,7103.0,4404.0,45.00001609038752,0.0,0.0,0.0
13505,25,1.1283791670955126,2420.0,4405.0,45.00001609038752,0.0,0.0,0.0
13506,25,1.1283791670955126,7104.0,4405.0,45.00001609038752,0.0,0.0,0.0
13507,25,1.1283791670955126,6026.0,4406.0,45.00001609038752,0.0,0.0,0.0
13508,25,1.1283791670955126,7105.0,4406.0,45.00001609038752,0.0,0.0,0.0
13509,25,1.1283791670955126,2140.0,4407.0,45.00001609038752,0.0,0.0,0.0
13510,100,2.256758334191025,6023.5,4407.5,45.00001609038752,2.0,2.0,4.0
13511,100,2.256758334191025,6027.75,4408.0,0.0,2.8284271247461903,1.7320508075688772,4.621320343559642
13512,25,1.1283791670955126,7106.0,4407.0,45.00001609038752,0.0,0.0,0.0
13513,25,1.1283791670955126,7293.0,4407.0,45.00001609038752,0.0,0.0,0.0
13514,25,1.1283791670955126,8359.0,4407.0,45.00001609038752,0.0,0.0,0.0
13515,75,1.9544100476116797,8606.333333333334,4407.666666666667,-45.00001609038752,2.3094010767585034,1.3333333333333333,3.414213562373095
13516,25,1.1283791670955126,9396.0,4407.0,45.00001609038752,0.0,0.0,0.0
13517,25,1.1283791670955126,2142.0,4408.0,45.00001609038752,0.0,0.0,0.0
13518,125,2.5231325220201604,6001.0,4410.0,0.0,5.656854249492381,0.0,3.0
13519,25,1.1283791670955126,7107.0,4408.0,45.00001609038752,0.0,0.0,0.0
13520,50,1.5957691216057308,8609.5,4408.0,90.00003218077504,2.0,0.0,0.0
13521,25,1.1283791670955126,7108.0,4409.0,45.00001609038752,0.0,0.0,0.0
13522,25,1.1283791670955126,8358.0,4409.0,45.00001609038752,0.0,0.0,0.0
13523,25,1.1283791670955126,4522.0,4410.0,45.00001609038752,0.0,0.0,0.0
13524,50,1.5957691216057308,4695.5,4410.0,90.00003218077504,2.0,0.0,0.0
13525,25,1.1283791670955126,7109.0,4410.0,45.00001609038752,0.0,0.0,0.0
13526,25,1.1283791670955126,8612.0,4410.0,45.00001609038752,0.0,0.0,0.0
13527,25,1.1283791670955126,273.0,4411.0,45.00001609038752,0.0,0.0,0.0
13528,25,1.1283791670955126,3467.0,4411.0,45.00001609038752,0.0,0.0,0.0
13529,21200,32.85889733292062,4651.90212264151,4465.387971698113,-67.56403780182194,157.05191392946458,64.88409681573208,471.3330444827409
13530,25,1.1283791670955126,7110.0,4411.0,45.00001609038752,0.0,0.0,0.0
13531,25,1.1283791670955126,272.0,4412.0,45.00001609038752,0.0,0.0,0.0
13532,25,1.1283791670955126,3468.0,4412.0,45.00001609038752,0.0,0.0,0.0
13533,150,2.763953195770684,6041.833333333333,4413.166666666667,45.00001609038752,3.126943839882286,2.309401076758503,6.242640687119286
13534,25,1.1283791670955126,8609.0,4412.0,45.00001609038752,0.0,0.0,0.0
13535,25,1.1283791670955126,273.0,4413.0,45.00001609038752,0.0,0.0,0.0
13536,125,2.5231325220201604,2381.2,4413.6,-71.5650767661759,3.098386676965933,1.7888543819998317,5.207106781186548
13537,25,1.1283791670955126,3469.0,4413.0,45.00001609038752,0.0,0.0,0.0
13538,25,1.1283791670955126,3712.0,4413.0,45.00001609038752,0.0,0.0,0.0
13539,25,1.1283791670955126,274.0,4414.0,45.00001609038752,0.0,0.0,0.0
13540,25,1.1283791670955126,2148.0,4414.0,45.00001609038752,0.0,0.0,0.0
13541,75,1.9544100476116797,2384.6666666666665,4415.333333333333,-45.00001609038752,2.3094010767585034,1.3333333333333333,3.414213562373095
13542,450,4.787307364817192,6058.888888888889,4421.388888888889,0.5403030369151453,13.141775385970348,2.2629406087060904,16.44974746830583
13543,25,1.1283791670955126,7114.0,4415.0,45.00001609038752,0.0,0.0,0.0
13544,25,1.1283791670955126,275.0,4416.0,45.00001609038752,0.0,0.0,0.0
13545,25,1.1283791670955126,2156.0,4416.0,45.00001609038752,0.0,0.0,0.0
13546,25,1.1283791670955126,3714.0,4416.0,45.00001609038752,0.0,0.0,0.0
13547,50,1.5957691216057308,6043.5,4416.0,90.00003218077504,2.0,0.0,0.0
13548,25,1.1283791670955126,7115.0,4416.0,45.00001609038752,0.0,0.0,0.0
13549,25,1.1283791670955126,2155.0,4417.0,45.00001609038752,0.0,0.0,0.0
13550,50,1.5957691216057308,3715.0,4417.5,0.0,2.0,0.0,0.0
13551,50,1.5957691216057308,2154.0,4418.5,0.0,2.0,0.0,0.0
13552,50,1.5957691216057308,2165.5,4418.0,90.00003218077504,2.0,0.0,0.0
13553,25,1.1283791670955126,2168.0,4418.0,45.00001609038752,0.0,0.0,0.0
13554,25,1.1283791670955126,2388.0,4418.0,45.00001609038752,0.0,0.0,0.0
13555,25,1.1283791670955126,5262.0,4418.0,45.00001609038752,0.0,0.0,0.0
13556,25,1.1283791670955126,276.0,4419.0,45.00001609038752,0.0,0.0,0.0
13557,25,1.1283791670955126,2163.0,4419.0,45.00001609038752,0.0,0.0,0.0
13558,100,2.256758334191025,2172.0,4419.5,58.28254642828171,3.23606797749979,1.2360679774997898,4.414213562373095
13559,25,1.1283791670955126,3716.0,4419.0,45.00001609038752,0.0,0.0,0.0
13560,25,1.1283791670955126,5263.0,4419.0,45.00001609038752,0.0,0.0,0.0
13561,75,1.9544100476116797,7014.0,4420.0,0.0,3.265986323710904,0.0,1.0
13562,200,3.1915382432114616,277.875,4422.0,29.650149326419953,5.552553065882964,1.7085533209571493,8.414213562373096
13563,100,2.256758334191025,2152.5,4421.0,-31.71748575249332,3.23606797749979,1.2360679774997898,4.414213562373095
13564,1925,9.901487006738307,2155.5974025974024,4432.584415584415,-6.2003761983765395,34.80747467449013,6.091712370903991,59.66295090390226
13565,50,1.5957691216057308,3717.0,4420.5,0.0,2.0,0.0,0.0
13566,25,1.1283791670955126,3718.0,4422.0,45.00001609038752,0.0,0.0,0.0
13567,200,3.1915382432114616,2173.0,4426.5,0.0,9.16515138991168,0.0,6.0
13568,7925,20.090219901261573,1706.5678233438487,4434.482649842272,63.460641374757664,44.96715687480396,9.298894880069081,101.98275605729688
13569,25,1.1283791670955126,3719.0,4424.0,45.00001609038752,0.0,0.0,0.0
13570,25,1.1283791670955126,5270.0,4424.0,45.00001609038752,0.0,0.0,0.0
13571,25,1.1283791670955126,280.0,4425.0,45.00001609038752,0.0,0.0,0.0
13572,25,1.1283791670955126,2152.0,4425.0,45.00001609038752,0.0,0.0,0.0
13573,25,1.1283791670955126,3720.0,4425.0,45.00001609038752,0.0,0.0,0.0
13574,25,1.1283791670955126,281.0,4426.0,45.00001609038752,0.0,0.0,0.0
13575,525,5.170882945826411,3724.190476190476,4431.428571428572,31.45834240981372,14.173745215281299,1.8935871239193882,20.449747468305834
13576,25,1.1283791670955126,282.0,4427.0,45.00001609038752,0.0,0.0,0.0
13577,175,2.985410660720923,316.85714285714283,4429.714285714285,-3.9415710677289364,6.679120530303046,1.3254040442294808,6.414213562373096
13578,25,1.1283791670955126,5274.0,4427.0,45.00001609038752,0.0,0.0,0.0
13579,25,1.1283791670955126,8702.0,4427.0,45.00001609038752,0.0,0.0,0.0
13580,25,1.1283791670955126,284.0,4428.0,45.00001609038752,0.0,0.0,0.0
13581,150,2.763953195770684,2150.5,4429.0,0.0,3.265986323710904,2.0,6.0
13582,25,1.1283791670955126,6058.0,4428.0,45.00001609038752,0.0,0.0,0.0
13583,25,1.1283791670955126,6060.0,4428.0,45.00001609038752,0.0,0.0,0.0
13584,1200,7.817640190446719,298.3125,4435.0625,-30.29494685749022,13.07490374502693,5.4241950608621,30.556349186104043
13585,25,1.1283791670955126,6059.0,4429.0,45.00001609038752,0.0,0.0,0.0
13586,75,1.9544100476116797,2380.6666666666665,4430.333333333333,-45.00001609038752,2.3094010767585034,1.3333333333333333,3.414213562373095
13587,1700,9.304852983362556,6030.411764705882,4437.470588235294,-1.9952493920795424,15.7020276368449,8.339257395290531,36.79898987322333
13588,68925,59.24796557549334,3614.036271309394,4467.676459920203,-27.828249776241208,86.18074079483483,42.55340509588057,262.1726188957803
13589,25,1.1283791670955126,2172.0,4432.0,45.00001609038752,0.0,0.0,0.0
13590,25,1.1283791670955126,5335.0,4432.0,45.00001609038752,0.0,0.0,0.0
13591,10725,23.371344948277684,307.76456876456876,4449.44055944056,-11.843264220746864,43.32839022038398,16.176791280841606,130.39087296526012
13592,25,1.1283791670955126,2150.0,4433.0,45.00001609038752,0.0,0.0,0.0
13593,150,2.763953195770684,2149.1666666666665,4436.166666666667,4.731162795706489,5.39192040212807,1.4276923647012265,5.414213562373095
13594,25,1.1283791670955126,5336.0,4434.0,45.00001609038752,0.0,0.0,0.0
13595,75,1.9544100476116797,2168.0,4435.0,90.00003218077504,3.265986323710904,0.0,1.0
13596,25,1.1283791670955126,2171.0,4435.0,45.00001609038752,0.0,0.0,0.0
13597,25,1.1283791670955126,8697.0,4435.0,45.00001609038752,0.0,0.0,0.0
13598,25,1.1283791670955126,1662.0,4436.0,45.00001609038752,0.0,0.0,0.0
13599,50,1.5957691216057308,2170.0,4436.5,0.0,2.0,0.0,0.0
13600,25,1.1283791670955126,6036.0,4436.0,45.00001609038752,0.0,0.0,0.0
13601,25,1.1283791670955126,8696.0,4436.0,45.00001609038752,0.0,0.0,0.0
13602,50,1.5957691216057308,2169.0,4438.5,0.0,2.0,0.0,0.0
13603,100,2.256758334191025,5329.5,4439.0,31.71748575249332,3.23606797749979,1.2360679774997898,4.414213562373095
13604,50,1.5957691216057308,2150.0,4439.5,0.0,2.0,0.0,0.0
13605,25,1.1283791670955126,2162.0,4439.0,45.00001609038752,0.0,0.0,0.0
13606,25,1.1283791670955126,1456.0,4440.0,45.00001609038752,0.0,0.0,0.0
13607,25,1.1283791670955126,2168.0,4440.0,45.00001609038752,0.0,0.0,0.0
13608,25,1.1283791670955126,3729.0,4440.0,45.00001609038752,0.0,0.0,0.0
13609,25,1.1283791670955126,5292.0,4440.0,45.00001609038752,0.0,0.0,0.0
13610,25,1.1283791670955126,7138.0,4440.0,45.00001609038752,0.0,0.0,0.0
13611,25,1.1283791670955126,1656.0,4441.0,45.00001609038752,0.0,0.0,0.0
13612,50,1.5957691216057308,2167.0,4441.5,0.0,2.0,0.0,0.0
13613,25,1.1283791670955126,5293.0,4441.0,45.00001609038752,0.0,0.0,0.0
13614,25,1.1283791670955126,7139.0,4441.0,45.00001609038752,0.0,0.0,0.0
13615,25,1.1283791670955126,7140.0,4442.0,45.00001609038752,0.0,0.0,0.0
13616,25,1.1283791670955126,8691.0,4442.0,45.00001609038752,0.0,0.0,0.0
13617,125,2.5231325220201604,2161.8,4443.8,-79.09932353989771,4.743365517193277,1.3492529674978493,4.207106781186548
13618,25,1.1283791670955126,2165.0,4443.0,45.00001609038752,0.0,0.0,0.0
13619,25,1.1283791670955126,2420.0,4443.0,45.00001609038752,0.0,0.0,0.0
13620,25,1.1283791670955126,3598.0,4443.0,45.00001609038752,0.0,0.0,0.0
13621,25,1.1283791670955126,3731.0,4443.0,45.00001609038752,0.0,0.0,0.0
13622,25,1.1283791670955126,5330.0,4443.0,45.00001609038752,0.0,0.0,0.0
13623,25,1.1283791670955126,2421.0,4444.0,45.00001609038752,0.0,0.0,0.0
13624,25,1.1283791670955126,3597.0,4444.0,45.00001609038752,0.0,0.0,0.0
13625,25,1.1283791670955126,2422.0,4445.0,45.00001609038752,0.0,0.0,0.0
13626,450,4.787307364817192,3592.4444444444443,4447.111111111111,-51.92867185513464,9.672674655597982,4.105985642129335,17.449747468305834
13627,25,1.1283791670955126,3732.0,4445.0,45.00001609038752,0.0,0.0,0.0
13628,1250,7.978845608028654,7283.88,4452.04,20.410033048725808,17.975370851433123,4.288361313304706,35.59188309203678
13629,25,1.1283791670955126,2423.0,4446.0,45.00001609038752,0.0,0.0,0.0
13630,50,1.5957691216057308,6034.5,4446.0,90.00003218077504,2.0,0.0,0.0
13631,75,1.9544100476116797,1729.3333333333333,4448.333333333333,45.00001609038752,2.3094010767585034,1.3333333333333333,3.414213562373095
13632,200,3.1915382432114616,1732.25,4449.75,-45.00001609038752,4.898979485566356,2.449489742783178,8.414213562373096
13633,25,1.1283791670955126,2153.0,4448.0,45.00001609038752,0.0,0.0,0.0
13634,50,1.5957691216057308,3169.0,4448.5,0.0,2.0,0.0,0.0
13635,25,1.1283791670955126,3734.0,4448.0,45.00001609038752,0.0,0.0,0.0
13636,25,1.1283791670955126,2152.0,4449.0,45.00001609038752,0.0,0.0,0.0
13637,25,1.1283791670955126,7147.0,4449.0,45.00001609038752,0.0,0.0,0.0
13638,25,1.1283791670955126,2151.0,4450.0,45.00001609038752,0.0,0.0,0.0
13639,25,1.1283791670955126,7148.0,4450.0,45.00001609038752,0.0,0.0,0.0
13640,125,2.5231325220201604,8692.0,4452.0,0.0,5.656854249492381,0.0,3.0
13641,25,1.1283791670955126,7149.0,4451.0,45.00001609038752,0.0,0.0,0.0
13642,25,1.1283791670955126,9825.0,4451.0,45.00001609038752,0.0,0.0,0.0
13643,25,1.1283791670955126,1735.0,4452.0,45.00001609038752,0.0,0.0,0.0
13644,25,1.1283791670955126,7150.0,4452.0,45.00001609038752,0.0,0.0,0.0
13645,50,1.5957691216057308,3064.0,4453.5,0.0,2.0,0.0,0.0
13646,50,1.5957691216057308,3589.0,4453.5,0.0,2.0,0.0,0.0
13647,25,1.1283791670955126,5613.0,4454.0,45.00001609038752,0.0,0.0,0.0
13648,50,1.5957691216057308,4538.0,4455.5,0.0,2.0,0.0,0.0
13649,25,1.1283791670955126,6003.0,4456.0,45.00001609038752,0.0,0.0,0.0
13650,75,1.9544100476116797,4539.0,4460.0,0.0,3.265986323710904,0.0,1.0
13651,25,1.1283791670955126,5591.0,4459.0,45.00001609038752,0.0,0.0,0.0
13652,25,1.1283791670955126,6004.0,4459.0,45.00001609038752,0.0,0.0,0.0
13653,25,1.1283791670955126,3740.0,4460.0,45.00001609038752,0.0,0.0,0.0
13654,25,1.1283791670955126,3741.0,4461.0,45.00001609038752,0.0,0.0,0.0
13655,25,1.1283791670955126,6005.0,4461.0,45.00001609038752,0.0,0.0,0.0
13656,3325,13.013103375051497,305.796992481203,4476.857142857143,-0.6674963653863425,31.82166633252986,5.745621787001314,65.72792206135786
13657,25,1.1283791670955126,1524.0,4462.0,45.00001609038752,0.0,0.0,0.0
13658,25,1.1283791670955126,3742.0,4462.0,45.00001609038752,0.0,0.0,0.0
13659,25,1.1283791670955126,1523.0,4463.0,45.00001609038752,0.0,0.0,0.0
13660,25,1.1283791670955126,4540.0,4463.0,45.00001609038752,0.0,0.0,0.0
13661,25,1.1283791670955126,6006.0,4463.0,45.00001609038752,0.0,0.0,0.0
13662,100,2.256758334191025,11567.0,4464.5,0.0,4.47213595499958,0.0,2.0
13663,50,1.5957691216057308,251.0,4464.5,0.0,2.0,0.0,0.0
13664,25,1.1283791670955126,1522.0,4464.0,45.00001609038752,0.0,0.0,0.0
13665,150,2.763953195770684,9405.0,4466.5,0.0,6.831300510639732,0.0,4.0
13666,25,1.1283791670955126,1521.0,4465.0,45.00001609038752,0.0,0.0,0.0
13667,25,1.1283791670955126,2137.0,4465.0,45.00001609038752,0.0,0.0,0.0
13668,25,1.1283791670955126,7454.0,4465.0,45.00001609038752,0.0,0.0,0.0
13669,25,1.1283791670955126,1520.0,4466.0,45.00001609038752,0.0,0.0,0.0
13670,25,1.1283791670955126,2136.0,4466.0,45.00001609038752,0.0,0.0,0.0
13671,50,1.5957691216057308,251.0,4467.5,0.0,2.0,0.0,0.0
13672,25,1.1283791670955126,1519.0,4467.0,45.00001609038752,0.0,0.0,0.0
13673,25,1.1283791670955126,2135.0,4467.0,45.00001609038752,0.0,0.0,0.0
13674,31525,40.06937815727916,3435.8152260111024,4490.648691514671,58.87524461407183,52.134013501462114,32.06386586640259,149.39696961967
13675,25,1.1283791670955126,4693.0,4467.0,45.00001609038752,0.0,0.0,0.0
13676,425,4.652426491681278,7466.411764705882,4468.294117647059,72.85286850480207,12.903605781141273,2.5181835720091876,17.207106781186546
13677,25,1.1283791670955126,1518.0,4468.0,45.00001609038752,0.0,0.0,0.0
13678,25,1.1283791670955126,2134.0,4468.0,45.00001609038752,0.0,0.0,0.0
13679,25,1.1283791670955126,3731.0,4468.0,45.00001609038752,0.0,0.0,0.0
13680,25,1.1283791670955126,5359.0,4468.0,45.00001609038752,0.0,0.0,0.0
13681,50,1.5957691216057308,7459.5,4468.0,90.00003218077504,2.0,0.0,0.0
13682,100,2.256758334191025,1496.5,4470.0,31.71748575249332,3.23606797749979,1.2360679774997898,4.414213562373095
13683,25,1.1283791670955126,2133.0,4469.0,45.00001609038752,0.0,0.0,0.0
13684,25,1.1283791670955126,7458.0,4469.0,45.00001609038752,0.0,0.0,0.0
13685,25,1.1283791670955126,2132.0,4470.0,45.00001609038752,0.0,0.0,0.0
13686,50,1.5957691216057308,7452.0,4470.5,0.0,2.0,0.0,0.0
13687,3300,12.964089628857149,7456.916666666667,4493.94696969697,9.36458218103808,50.992185516175276,8.801084682151645,100.90559159102155
13688,25,1.1283791670955126,1516.0,4471.0,45.00001609038752,0.0,0.0,0.0
13689,25,1.1283791670955126,2131.0,4471.0,45.00001609038752,0.0,0.0,0.0
13690,25,1.1283791670955126,6010.0,4471.0,45.00001609038752,0.0,0.0,0.0
13691,25,1.1283791670955126,3732.0,4472.0,45.00001609038752,0.0,0.0,0.0
13692,125,2.5231325220201604,4543.4,4472.8,84.84760710407011,4.093338188813542,1.563516060678838,4.414213562373095
13693,100,2.256758334191025,3730.5,4473.5,45.00001609038752,2.0,2.0,4.0
13694,50,1.5957691216057308,3733.5,4473.0,90.00003218077504,2.0,0.0,0.0
13695,50,1.5957691216057308,7472.0,4473.5,0.0,2.0,0.0,0.0
13696,25,1.1283791670955126,2127.0,4475.0,45.00001609038752,0.0,0.0,0.0
13697,25,1.1283791670955126,6014.0,4475.0,45.00001609038752,0.0,0.0,0.0
13698,25,1.1283791670955126,6042.0,4475.0,45.00001609038752,0.0,0.0,0.0
13699,100,2.256758334191025,7460.5,4475.5,45.00001609038752,2.0,2.0,4.0
13700,25,1.1283791670955126,2126.0,4476.0,45.00001609038752,0.0,0.0,0.0
13701,25,1.1283791670955126,6015.0,4476.0,45.00001609038752,0.0,0.0,0.0
13702,25,1.1283791670955126,6040.0,4476.0,45.00001609038752,0.0,0.0,0.0
13703,25,1.1283791670955126,6050.0,4476.0,45.00001609038752,0.0,0.0,0.0
13704,25,1.1283791670955126,2125.0,4477.0,45.00001609038752,0.0,0.0,0.0
13705,25,1.1283791670955126,6043.0,4477.0,45.00001609038752,0.0,0.0,0.0
13706,125,2.5231325220201604,6047.2,4478.0,-55.900724731264845,3.335641688875783,2.0575457524521585,5.621320343559642
13707,25,1.1283791670955126,6018.0,4478.0,45.00001609038752,0.0,0.0,0.0
13708,25,1.1283791670955126,6035.0,4478.0,45.00001609038752,0.0,0.0,0.0
13709,25,1.1283791670955126,6042.0,4478.0,45.00001609038752,0.0,0.0,0.0
13710,200,3.1915382432114616,6021.0,4479.625,90.00003218077504,4.898979485566356,2.7838821814150108,8.621320343559642
13711,25,1.1283791670955126,7425.0,4479.0,45.00001609038752,0.0,0.0,0.0
13712,225,3.385137501286538,7472.777777777777,4480.555555555556,-63.43497150498664,3.7712361663282534,3.2049344670791013,8.65685424949238
13713,125,2.5231325220201604,3413.0,4482.0,0.0,5.656854249492381,0.0,3.0
13714,25,1.1283791670955126,6048.0,4480.0,45.00001609038752,0.0,0.0,0.0
13715,100,2.256758334191025,5588.0,4482.5,0.0,4.47213595499958,0.0,2.0
13716,25,1.1283791670955126,6057.0,4482.0,45.00001609038752,0.0,0.0,0.0
13717,25,1.1283791670955126,7031.0,4482.0,45.00001609038752,0.0,0.0,0.0
13718,25,1.1283791670955126,1476.0,4483.0,45.00001609038752,0.0,0.0,0.0
13719,25,1.1283791670955126,7032.0,4483.0,45.00001609038752,0.0,0.0,0.0
13720,50,1.5957691216057308,295.0,4484.5,0.0,2.0,0.0,0.0
13721,50,1.5957691216057308,7033.5,4484.0,90.00003218077504,2.0,0.0,0.0
13722,625,5.641895835477563,9406.56,4493.12,5.074486425708011,17.384505583562582,3.0546629298633565,22.27817459305202
13723,25,1.1283791670955126,4534.0,4485.0,45.00001609038752,0.0,0.0,0.0
13724,50,1.5957691216057308,6057.5,4485.0,90.00003218077504,2.0,0.0,0.0
13725,25,1.1283791670955126,7035.0,4485.0,45.00001609038752,0.0,0.0,0.0
13726,50,1.5957691216057308,7472.0,4485.5,0.0,2.0,0.0,0.0
13727,25,1.1283791670955126,7036.0,4486.0,45.00001609038752,0.0,0.0,0.0
13728,25,1.1283791670955126,5587.0,4487.0,45.00001609038752,0.0,0.0,0.0
13729,50,1.5957691216057308,7037.5,4487.0,90.00003218077504,2.0,0.0,0.0
13730,25,1.1283791670955126,7167.0,4487.0,45.00001609038752,0.0,0.0,0.0
13731,25,1.1283791670955126,7451.0,4487.0,45.00001609038752,0.0,0.0,0.0
13732,25,1.1283791670955126,4532.0,4488.0,45.00001609038752,0.0,0.0,0.0
13733,25,1.1283791670955126,7039.0,4488.0,45.00001609038752,0.0,0.0,0.0
13734,25,1.1283791670955126,1471.0,4489.0,45.00001609038752,0.0,0.0,0.0
13735,25,1.1283791670955126,7040.0,4489.0,45.00001609038752,0.0,0.0,0.0
13736,25,1.1283791670955126,1470.0,4490.0,45.00001609038752,0.0,0.0,0.0
13737,25,1.1283791670955126,7041.0,4490.0,45.00001609038752,0.0,0.0,0.0
13738,125,2.5231325220201604,7451.6,4491.4,20.99361375446966,4.34169545110285,1.2765894445250698,4.207106781186548
13739,25,1.1283791670955126,3411.0,4491.0,45.00001609038752,0.0,0.0,0.0
13740,25,1.1283791670955126,4605.0,4491.0,45.00001609038752,0.0,0.0,0.0
13741,25,1.1283791670955126,6063.0,4491.0,45.00001609038752,0.0,0.0,0.0
13742,25,1.1283791670955126,7042.0,4491.0,45.00001609038752,0.0,0.0,0.0
13743,25,1.1283791670955126,3412.0,4492.0,45.00001609038752,0.0,0.0,0.0
13744,150,2.763953195770684,6061.666666666667,4493.5,0.0,3.8297084310253524,1.8856180831641272,6.414213562373095
13745,25,1.1283791670955126,7043.0,4492.0,45.00001609038752,0.0,0.0,0.0
13746,25,1.1283791670955126,7045.0,4493.0,45.00001609038752,0.0,0.0,0.0
13747,25,1.1283791670955126,1467.0,4494.0,45.00001609038752,0.0,0.0,0.0
13748,25,1.1283791670955126,7046.0,4494.0,45.00001609038752,0.0,0.0,0.0
13749,25,1.1283791670955126,7472.0,4495.0,45.00001609038752,0.0,0.0,0.0
13750,50,1.5957691216057308,3392.0,4496.5,0.0,2.0,0.0,0.0
13751,50,1.5957691216057308,5281.0,4496.5,0.0,2.0,0.0,0.0
13752,25,1.1283791670955126,1465.0,4497.0,45.00001609038752,0.0,0.0,0.0
13753,50,1.5957691216057308,7471.0,4497.5,0.0,2.0,0.0,0.0
13754,25,1.1283791670955126,1464.0,4498.0,45.00001609038752,0.0,0.0,0.0
13755,25,1.1283791670955126,4521.0,4498.0,45.00001609038752,0.0,0.0,0.0
13756,50,1.5957691216057308,5279.5,4498.0,90.00003218077504,2.0,0.0,0.0
13757,25,1.1283791670955126,7162.0,4498.0,45.00001609038752,0.0,0.0,0.0
13758,100,2.256758334191025,4660.0,4499.5,58.28254642828171,3.23606797749979,1.2360679774997898,4.414213562373095
13759,25,1.1283791670955126,6061.0,4499.0,45.00001609038752,0.0,0.0,0.0
13760,25,1.1283791670955126,1463.0,4500.0,45.00001609038752,0.0,0.0,0.0
13761,100,2.256758334191025,1575.0,4500.5,58.28254642828171,3.23606797749979,1.2360679774997898,4.414213562373095
13762,775,6.282549314314218,4665.290322580645,4506.806451612903,15.030061646489834,11.911070639499366,4.331174265538481,22.692388155425117
13763,25,1.1283791670955126,7161.0,4500.0,45.00001609038752,0.0,0.0,0.0
13764,25,1.1283791670955126,1462.0,4501.0,45.00001609038752,0.0,0.0,0.0
13765,25,1.1283791670955126,3419.0,4501.0,45.00001609038752,0.0,0.0,0.0
13766,25,1.1283791670955126,7160.0,4501.0,45.00001609038752,0.0,0.0,0.0
13767,75,1.9544100476116797,1562.3333333333333,4502.333333333333,45.00001609038752,2.3094010767585034,1.3333333333333333,3.414213562373095
13768,75,1.9544100476116797,1573.6666666666667,4502.333333333333,-45.00001609038752,2.3094010767585034,1.3333333333333333,3.414213562373095
13769,25,1.1283791670955126,3590.0,4502.0,45.00001609038752,0.0,0.0,0.0
13770,25,1.1283791670955126,6060.0,4502.0,45.00001609038752,0.0,0.0,0.0
13771,25,1.1283791670955126,7159.0,4502.0,45.00001609038752,0.0,0.0,0.0
13772,25,1.1283791670955126,1461.0,4503.0,45.00001609038752,0.0,0.0,0.0
13773,125,2.5231325220201604,4660.8,4503.6,71.5650767661759,3.098386676965933,1.7888543819998317,5.207106781186548
13774,25,1.1283791670955126,7158.0,4503.0,45.00001609038752,0.0,0.0,0.0
13775,25,1.1283791670955126,1460.0,4504.0,45.00001609038752,0.0,0.0,0.0
13776,25,1.1283791670955126,6059.0,4504.0,45.00001609038752,0.0,0.0,0.0
13777,25,1.1283791670955126,7157.0,4504.0,45.00001609038752,0.0,0.0,0.0
13778,25,1.1283791670955126,7156.0,4505.0,45.00001609038752,0.0,0.0,0.0
13779,25,1.1283791670955126,1458.0,4507.0,45.00001609038752,0.0,0.0,0.0
13780,25,1.1283791670955126,6058.0,4507.0,45.00001609038752,0.0,0.0,0.0
13781,25,1.1283791670955126,7062.0,4507.0,45.00001609038752,0.0,0.0,0.0
13782,25,1.1283791670955126,1457.0,4508.0,45.00001609038752,0.0,0.0,0.0
13783,75,1.9544100476116797,3458.6666666666665,4508.333333333333,-45.00001609038752,2.3094010767585034,1.3333333333333333,3.414213562373095
13784,25,1.1283791670955126,7063.0,4508.0,45.00001609038752,0.0,0.0,0.0
13785,25,1.1283791670955126,3592.0,4509.0,45.00001609038752,0.0,0.0,0.0
13786,50,1.5957691216057308,5582.0,4509.5,0.0,2.0,0.0,0.0
13787,25,1.1283791670955126,6057.0,4509.0,45.00001609038752,0.0,0.0,0.0
13788,25,1.1283791670955126,7064.0,4509.0,45.00001609038752,0.0,0.0,0.0
13789,25,1.1283791670955126,3460.0,4510.0,45.00001609038752,0.0,0.0,0.0
13790,25,1.1283791670955126,7065.0,4510.0,45.00001609038752,0.0,0.0,0.0
13791,25,1.1283791670955126,3461.0,4511.0,45.00001609038752,0.0,0.0,0.0
13792,25,1.1283791670955126,4669.0,4511.0,45.00001609038752,0.0,0.0,0.0
13793,25,1.1283791670955126,6056.0,4511.0,45.00001609038752,0.0,0.0,0.0
13794,25,1.1283791670955126,1454.0,4512.0,45.00001609038752,0.0,0.0,0.0
13795,25,1.1283791670955126,3462.0,4512.0,45.00001609038752,0.0,0.0,0.0
13796,25,1.1283791670955126,4670.0,4512.0,45.00001609038752,0.0,0.0,0.0
13797,25,1.1283791670955126,5370.0,4512.0,45.00001609038752,0.0,0.0,0.0
13798,25,1.1283791670955126,1453.0,4513.0,45.00001609038752,0.0,0.0,0.0
13799,325,4.068428945128219,3466.230769230769,4515.7692307692305,45.000016090387525,10.583005244258363,1.4100232907556405,13.414213562373096
13800,100,2.256758334191025,4667.5,4513.5,45.00001609038752,2.0,2.0,4.0
13801,25,1.1283791670955126,5581.0,4513.0,45.00001609038752,0.0,0.0,0.0
13802,25,1.1283791670955126,6055.0,4513.0,45.00001609038752,0.0,0.0,0.0
13803,25,1.1283791670955126,1452.0,4514.0,45.00001609038752,0.0,0.0,0.0
13804,50,1.5957691216057308,5371.0,4514.5,0.0,2.0,0.0,0.0
13805,25,1.1283791670955126,7143.0,4514.0,45.00001609038752,0.0,0.0,0.0
13806,25,1.1283791670955126,1451.0,4515.0,45.00001609038752,0.0,0.0,0.0
13807,25,1.1283791670955126,6054.0,4515.0,45.00001609038752,0.0,0.0,0.0
13808,50,1.5957691216057308,7141.5,4515.0,90.00003218077504,2.0,0.0,0.0
13809,25,1.1283791670955126,366.0,4516.0,45.00001609038752,0.0,0.0,0.0
13810,25,1.1283791670955126,6053.0,4516.0,45.00001609038752,0.0,0.0,0.0
13811,25,1.1283791670955126,6773.0,4516.0,45.00001609038752,0.0,0.0,0.0
13812,50,1.5957691216057308,6052.0,4517.5,0.0,2.0,0.0,0.0
13813,25,1.1283791670955126,6772.0,4517.0,45.00001609038752,0.0,0.0,0.0
13814,25,1.1283791670955126,1449.0,4518.0,45.00001609038752,0.0,0.0,0.0
13815,25,1.1283791670955126,5580.0,4518.0,45.00001609038752,0.0,0.0,0.0
13816,25,1.1283791670955126,6771.0,4518.0,45.00001609038752,0.0,0.0,0.0
13817,25,1.1283791670955126,1448.0,4519.0,45.00001609038752,0.0,0.0,0.0
13818,25,1.1283791670955126,6051.0,4519.0,45.00001609038752,0.0,0.0,0.0
13819,25,1.1283791670955126,6770.0,4519.0,45.00001609038752,0.0,0.0,0.0
13820,25,1.1283791670955126,3470.0,4520.0,45.00001609038752,0.0,0.0,0.0
13821,75,1.9544100476116797,6049.666666666667,4520.666666666667,45.00001609038752,2.3094010767585034,1.3333333333333333,3.414213562373095
13822,25,1.1283791670955126,6769.0,4520.0,45.00001609038752,0.0,0.0,0.0
13823,25,1.1283791670955126,3471.0,4521.0,45.00001609038752,0.0,0.0,0.0
13824,25,1.1283791670955126,3053.0,4522.0,45.00001609038752,0.0,0.0,0.0
